   0.0000000e+00	  -9.6236137e-02	  -1.3158245e-02	  -1.1052246e+01	  -1.5111596e+00	
   5.0000000e-01	  -3.1659740e+01	  -4.3515145e+00	  -6.6599121e+01	  -1.1715095e+01	
   1.0000000e+00	  -4.5383853e+01	  -1.3695633e+01	  -1.2568359e+01	  -1.9335984e+01	
   1.5000000e+00	  -4.8981056e+01	  -2.2852855e+01	   3.3574219e+01	  -1.1176310e+01	
   2.0000000e+00	  -4.9372057e+01	  -3.0051268e+01	  -1.1753174e+02	  -1.9599470e+01	
   2.5000000e+00	  -5.0300682e+01	  -3.5461652e+01	   1.0461182e+02	  -1.6006373e+01	
   3.0000000e+00	  -4.9264531e+01	  -3.9377824e+01	  -4.9152832e+01	  -4.0464741e+00	
   3.5000000e+00	  -4.9704407e+01	  -4.2141562e+01	   1.7742920e+02	   1.4599130e+01	
   4.0000000e+00	  -4.9596882e+01	  -4.4194976e+01	   1.9204102e+01	   3.7492312e+01	
   4.5000000e+00	  -4.9254756e+01	  -4.5625389e+01	  -1.3170410e+02	   1.1857776e+01	
   5.0000000e+00	  -5.0026982e+01	  -4.6723452e+01	   8.4792480e+01	   2.2010119e+00	
   5.5000000e+00	   1.6091179e+01	  -3.8586575e+01	   5.6074219e+01	   2.0859654e+01	
   6.0000000e+00	   4.0362526e+01	  -2.0315944e+01	   1.6374023e+02	   4.5210378e+01	
   6.5000000e+00	   4.6559882e+01	  -2.8756062e+00	  -7.5695801e+01	   4.4885467e+01	
   7.0000000e+00	   4.7488508e+01	   1.0769867e+01	   7.5124512e+01	   3.2533089e+01	
   7.5000000e+00	   4.8993859e+01	   2.1016679e+01	  -1.4598633e+02	   1.3947826e+01	
   8.0000000e+00	   4.8475784e+01	   2.8596412e+01	   3.5815430e+00	  -9.3371375e+00	
   8.5000000e+00	   4.8553984e+01	   3.4043267e+01	   1.6147705e+02	   1.5784425e+01	
   9.0000000e+00	   4.8456234e+01	   3.7997966e+01	  -6.5302734e+01	   2.4617849e+01	
   9.5000000e+00	   4.8407359e+01	   4.0851174e+01	   8.5693359e+01	   2.0673899e+01	
   1.0000000e+01	   4.9169809e+01	   4.3021718e+01	  -1.3267090e+02	   8.5972871e+00	
