   0.0000000e+00	   1.0000000e+00	  -1.0346370e+00	   1.7593506e+02	
   1.0000000e-01	   1.0000000e+00	   1.1647400e+00	   1.7907715e+02	
   2.0000000e-01	   1.0000000e+00	   1.8294406e+00	   1.7575928e+02	
   3.0000000e-01	   1.0000000e+00	   5.0747436e+00	   1.7417725e+02	
   4.0000000e-01	   1.0000000e+00	   5.9544944e+00	  -1.3403320e+01	
   5.0000000e-01	   1.0000000e+00	   6.6485201e+00	  -1.8000000e+02	
   6.0000000e-01	   1.0000000e+00	   8.3982467e+00	  -1.8000000e+02	
   7.0000000e-01	   1.0000000e+00	   9.6201228e+00	  -1.7723145e+02	
   8.0000000e-01	   1.0000000e+00	   1.0763799e+01	  -1.7066162e+02	
   9.0000000e-01	   1.0000000e+00	   8.6719469e+00	  -1.6637695e+02	
   1.0000000e+00	   1.0000000e+00	   1.0216398e+01	  -1.5681885e+02	
