   0.0000000e+00	   1.0000000e+00	   0.0000000e+00	   0.0000000e+00	
   1.0000000e-01	   1.0000000e+00	   1.8126923e+00	   5.6192320e-01	
   2.0000000e-01	   1.0000000e+00	   3.2967992e+00	   2.1096024e+00	
   3.0000000e-01	   1.0000000e+00	   4.5118832e+00	   4.4643503e+00	
   4.0000000e-01	   1.0000000e+00	   5.5067099e+00	   7.4798703e+00	
   5.0000000e-01	   1.0000000e+00	   6.3212051e+00	   1.1036385e+01	
   6.0000000e-01	   1.0000000e+00	   6.9880574e+00	   1.5035828e+01	
   7.0000000e-01	   1.0000000e+00	   7.5340299e+00	   1.9397910e+01	
   8.0000000e-01	   1.0000000e+00	   7.9810344e+00	   2.4056897e+01	
   9.0000000e-01	   1.0000000e+00	   8.3470107e+00	   2.8958968e+01	
   1.0000000e+00	   1.0000000e+00	   8.6466468e+00	   3.4060060e+01	
