   0.0000000e+00	   1.0000000e+00	  -2.0376124e-01	   1.0485352e+02	
   1.0000000e-01	   1.0000000e+00	   3.6318929e-01	   1.0705078e+02	
   2.0000000e-01	   1.0000000e+00	   2.1617909e+00	   1.0744629e+02	
   3.0000000e-01	   1.0000000e+00	   5.7101192e+00	   1.0856689e+02	
   4.0000000e-01	   1.0000000e+00	   5.7785443e+00	   1.0887451e+02	
   5.0000000e-01	   1.0000000e+00	   6.7755952e+00	   1.1630127e+02	
   6.0000000e-01	   1.0000000e+00	   9.5712478e+00	   1.2098145e+02	
   7.0000000e-01	   1.0000000e+00	   7.2154706e+00	   1.2678223e+02	
   8.0000000e-01	   1.0000000e+00	   9.1509224e+00	   1.3453857e+02	
   9.0000000e-01	   1.0000000e+00	   9.8449480e+00	   1.3994385e+02	
   1.0000000e+00	   1.0000000e+00	   1.1252549e+01	   1.4677734e+02	
