   0.0000000e+00	   1.0000000e+00	  -1.0150870e+00	   6.5983887e+01	
   1.0000000e-01	   1.0000000e+00	   3.0708668e+00	   6.8686523e+01	
   2.0000000e-01	   1.0000000e+00	   3.4227671e+00	   6.8906250e+01	
   3.0000000e-01	   1.0000000e+00	   2.8949166e+00	   7.2597656e+01	
   4.0000000e-01	   1.0000000e+00	   5.3875439e+00	   7.3256836e+01	
   5.0000000e-01	   1.0000000e+00	   6.4627949e+00	   7.3828125e+01	
   6.0000000e-01	   1.0000000e+00	   9.1215974e+00	   8.1870117e+01	
   7.0000000e-01	   1.0000000e+00	   9.7960730e+00	   9.0483398e+01	
   8.0000000e-01	   1.0000000e+00	   8.7696970e+00	   9.1801758e+01	
   9.0000000e-01	   1.0000000e+00	   1.0030673e+01	   9.6547852e+01	
   1.0000000e+00	   1.0000000e+00	   9.4930477e+00	   1.0927002e+02	
