   0.0000000e+00	   9.1921387e+00	   2.5566419e-01	   3.4956641e-02	  -5.0000000e+01	  -1.4192139e+02	  -1.9404732e+01	   8.9364745e-01	
   5.0000000e-01	   8.0253906e+00	   7.3914208e+00	   1.0709737e+00	  -5.0000000e+01	  -1.3025391e+02	  -5.1312547e+01	   6.3396986e-02	
   1.0000000e+00	   6.2983398e+00	   4.6935183e+00	   2.4304664e+00	  -5.0000000e+01	  -1.1298340e+02	  -7.0538277e+01	   1.6048216e-01	
   1.5000000e+00	   5.1425781e+00	   3.1197418e+00	   2.8341344e+00	  -5.0000000e+01	  -1.0142578e+02	  -8.0564954e+01	   2.0228363e-01	
   2.0000000e+00	   4.2922363e+00	   4.1265678e+00	   3.0498979e+00	  -5.0000000e+01	  -9.2922363e+01	  -8.5106841e+01	   1.6566857e-02	
   2.5000000e+00	   3.7714844e+00	   1.1354150e+00	   2.9353448e+00	  -5.0000000e+01	  -8.7714844e+01	  -8.6532037e+01	   2.6360694e-01	
   3.0000000e+00	   2.9475098e+00	   2.7091914e+00	   2.6583210e+00	  -5.0000000e+01	  -7.9475098e+01	  -8.5728874e+01	   2.3831832e-02	
   3.5000000e+00	   2.4091797e+00	   4.9026440e-01	   2.3688408e+00	  -5.0000000e+01	  -7.4091797e+01	  -8.3282680e+01	   1.9189153e-01	
   4.0000000e+00	   1.8510742e+00	   3.5889423e+00	   2.2788084e+00	  -5.0000000e+01	  -6.8510742e+01	  -8.0006274e+01	  -1.7378680e-01	
   4.5000000e+00	   1.5148926e+00	  -7.0228670e-01	   2.0503400e+00	  -5.0000000e+01	  -6.5148926e+01	  -7.6403078e+01	   2.2171793e-01	
   5.0000000e+00	   1.1609375e+01	   2.7521421e-01	   1.4312661e+00	   5.0000000e+01	  -6.6093750e+01	  -7.3454731e+01	   1.1334161e+00	
   5.5000000e+00	   9.6933594e+00	   9.5321477e+00	   2.3808239e+00	   5.0000000e+01	  -4.6933594e+01	  -6.8822072e+01	   1.6121164e-02	
   6.0000000e+00	   7.6938477e+00	   3.7355674e+00	   3.5438477e+00	   5.0000000e+01	  -2.6938477e+01	  -6.0102597e+01	   3.9582803e-01	
   6.5000000e+00	   6.1403809e+00	   3.6378173e+00	   3.5829097e+00	   5.0000000e+01	  -1.1403809e+01	  -4.8909585e+01	   2.5025636e-01	
   7.0000000e+00	   4.5451660e+00	   3.5693922e+00	   3.5885689e+00	   5.0000000e+01	   4.5483398e+00	  -3.6472233e+01	   9.7577377e-02	
   7.5000000e+00	   3.6420898e+00	   2.3181911e+00	   3.4122497e+00	   5.0000000e+01	   1.3579102e+01	  -2.4020086e+01	   1.3238988e-01	
   8.0000000e+00	   2.5280762e+00	   1.2429401e+00	   2.9660535e+00	   5.0000000e+01	   2.4719238e+01	  -1.2215130e+01	   1.2851361e-01	
   8.5000000e+00	   1.9458008e+00	   2.1520159e+00	   2.6191521e+00	   5.0000000e+01	   3.0541992e+01	  -1.3190136e+00	  -2.0621515e-02	
   9.0000000e+00	   1.6843262e+00	   8.3238972e-01	   2.3109794e+00	   5.0000000e+01	   3.3156738e+01	   7.7511274e+00	   8.5193645e-02	
   9.5000000e+00	   1.3679199e+00	   7.1508961e-01	   1.8906097e+00	   5.0000000e+01	   3.6320801e+01	   1.5131100e+01	   6.5283031e-02	
   1.0000000e+01	   8.4936523e-01	   1.2624901e+00	   1.6440003e+00	   5.0000000e+01	   4.1506348e+01	   2.1634595e+01	  -4.1312488e-02	
