   0.0000000e+00	   1.0000000e+00	   0.0000000e+00	   0.0000000e+00	
   1.0000000e-02	   1.0000000e+00	   1.9801327e-01	   5.9601992e-03	
   2.0000000e-02	   1.0000000e+00	   3.9210561e-01	   2.3683175e-02	
   3.0000000e-02	   1.0000000e+00	   5.8235466e-01	   5.2936008e-02	
   4.0000000e-02	   1.0000000e+00	   7.6883654e-01	   9.3490392e-02	
   5.0000000e-02	   1.0000000e+00	   9.5162582e-01	   1.4512254e-01	
   6.0000000e-02	   1.0000000e+00	   1.1307956e+00	   2.0761310e-01	
   7.0000000e-02	   1.0000000e+00	   1.3064176e+00	   2.8074706e-01	
   8.0000000e-02	   1.0000000e+00	   1.4785621e+00	   3.6431367e-01	
   9.0000000e-02	   1.0000000e+00	   1.6472979e+00	   4.5810634e-01	
   1.0000000e-01	   1.0000000e+00	   1.8126925e+00	   5.6192259e-01	
   1.1000000e-01	   1.0000000e+00	   1.9748120e+00	   6.7556394e-01	
   1.2000000e-01	   1.0000000e+00	   2.1337214e+00	   7.9883583e-01	
   1.3000000e-01	   1.0000000e+00	   2.2894841e+00	   9.3154757e-01	
   1.4000000e-01	   1.0000000e+00	   2.4421626e+00	   1.0735122e+00	
   1.5000000e-01	   1.0000000e+00	   2.5918178e+00	   1.2245466e+00	
   1.6000000e-01	   1.0000000e+00	   2.7385096e+00	   1.3844711e+00	
   1.7000000e-01	   1.0000000e+00	   2.8822968e+00	   1.5531097e+00	
   1.8000000e-01	   1.0000000e+00	   3.0232367e+00	   1.7302898e+00	
   1.9000000e-01	   1.0000000e+00	   3.1613859e+00	   1.9158423e+00	
   2.0000000e-01	   1.0000000e+00	   3.2967995e+00	   2.1096014e+00	
   2.1000000e-01	   1.0000000e+00	   3.4295318e+00	   2.3114046e+00	
   2.2000000e-01	   1.0000000e+00	   3.5596358e+00	   2.5210926e+00	
   2.3000000e-01	   1.0000000e+00	   3.6871635e+00	   2.7385094e+00	
   2.4000000e-01	   1.0000000e+00	   3.8121661e+00	   2.9635018e+00	
   2.5000000e-01	   1.0000000e+00	   3.9346934e+00	   3.1959198e+00	
   2.6000000e-01	   1.0000000e+00	   4.0547945e+00	   3.4356164e+00	
   2.7000000e-01	   1.0000000e+00	   4.1725175e+00	   3.6824476e+00	
   2.8000000e-01	   1.0000000e+00	   4.2879094e+00	   3.9362719e+00	
   2.9000000e-01	   1.0000000e+00	   4.4010163e+00	   4.1969510e+00	
   3.0000000e-01	   1.0000000e+00	   4.5118836e+00	   4.4643491e+00	
   3.1000000e-01	   1.0000000e+00	   4.6205556e+00	   4.7383331e+00	
   3.2000000e-01	   1.0000000e+00	   4.7270758e+00	   5.0187727e+00	
   3.3000000e-01	   1.0000000e+00	   4.8314867e+00	   5.3055400e+00	
   3.4000000e-01	   1.0000000e+00	   4.9338301e+00	   5.5985098e+00	
   3.5000000e-01	   1.0000000e+00	   5.0341470e+00	   5.8975591e+00	
   3.6000000e-01	   1.0000000e+00	   5.1324774e+00	   6.2025677e+00	
   3.7000000e-01	   1.0000000e+00	   5.2288608e+00	   6.5134175e+00	
   3.8000000e-01	   1.0000000e+00	   5.3233357e+00	   6.8299928e+00	
   3.9000000e-01	   1.0000000e+00	   5.4159399e+00	   7.1521803e+00	
   4.0000000e-01	   1.0000000e+00	   5.5067104e+00	   7.4798689e+00	
   4.1000000e-01	   1.0000000e+00	   5.5956835e+00	   7.8129496e+00	
   4.2000000e-01	   1.0000000e+00	   5.6828948e+00	   8.1513157e+00	
   4.3000000e-01	   1.0000000e+00	   5.7683792e+00	   8.4948625e+00	
   4.4000000e-01	   1.0000000e+00	   5.8521709e+00	   8.8434874e+00	
   4.5000000e-01	   1.0000000e+00	   5.9343034e+00	   9.1970898e+00	
   4.6000000e-01	   1.0000000e+00	   6.0148096e+00	   9.5555712e+00	
   4.7000000e-01	   1.0000000e+00	   6.0937216e+00	   9.9188351e+00	
   4.8000000e-01	   1.0000000e+00	   6.1710711e+00	   1.0286787e+01	
   4.9000000e-01	   1.0000000e+00	   6.2468890e+00	   1.0659333e+01	
   5.0000000e-01	   1.0000000e+00	   6.3212056e+00	   1.1036383e+01	
   5.1000000e-01	   1.0000000e+00	   6.3940506e+00	   1.1417848e+01	
   5.2000000e-01	   1.0000000e+00	   6.4654532e+00	   1.1803640e+01	
   5.3000000e-01	   1.0000000e+00	   6.5354419e+00	   1.2193674e+01	
   5.4000000e-01	   1.0000000e+00	   6.6040447e+00	   1.2587866e+01	
   5.5000000e-01	   1.0000000e+00	   6.6712892e+00	   1.2986133e+01	
   5.6000000e-01	   1.0000000e+00	   6.7372021e+00	   1.3388394e+01	
   5.7000000e-01	   1.0000000e+00	   6.8018098e+00	   1.3794571e+01	
   5.8000000e-01	   1.0000000e+00	   6.8651382e+00	   1.4204585e+01	
   5.9000000e-01	   1.0000000e+00	   6.9272126e+00	   1.4618362e+01	
   6.0000000e-01	   1.0000000e+00	   6.9880579e+00	   1.5035826e+01	
   6.1000000e-01	   1.0000000e+00	   7.0476983e+00	   1.5456905e+01	
   6.2000000e-01	   1.0000000e+00	   7.1061578e+00	   1.5881527e+01	
   6.3000000e-01	   1.0000000e+00	   7.1634597e+00	   1.6309621e+01	
   6.4000000e-01	   1.0000000e+00	   7.2196270e+00	   1.6741119e+01	
   6.5000000e-01	   1.0000000e+00	   7.2746821e+00	   1.7175954e+01	
   6.6000000e-01	   1.0000000e+00	   7.3286470e+00	   1.7614059e+01	
   6.7000000e-01	   1.0000000e+00	   7.3815433e+00	   1.8055370e+01	
   6.8000000e-01	   1.0000000e+00	   7.4333922e+00	   1.8499823e+01	
   6.9000000e-01	   1.0000000e+00	   7.4842145e+00	   1.8947357e+01	
   7.0000000e-01	   1.0000000e+00	   7.5340304e+00	   1.9397909e+01	
   7.1000000e-01	   1.0000000e+00	   7.5828598e+00	   1.9851421e+01	
   7.2000000e-01	   1.0000000e+00	   7.6307224e+00	   2.0307833e+01	
   7.3000000e-01	   1.0000000e+00	   7.6776373e+00	   2.0767088e+01	
   7.4000000e-01	   1.0000000e+00	   7.7236231e+00	   2.1229131e+01	
   7.5000000e-01	   1.0000000e+00	   7.7686984e+00	   2.1693905e+01	
   7.6000000e-01	   1.0000000e+00	   7.8128811e+00	   2.2161357e+01	
   7.7000000e-01	   1.0000000e+00	   7.8561890e+00	   2.2631433e+01	
   7.8000000e-01	   1.0000000e+00	   7.8986393e+00	   2.3104082e+01	
   7.9000000e-01	   1.0000000e+00	   7.9402490e+00	   2.3579253e+01	
   8.0000000e-01	   1.0000000e+00	   7.9810348e+00	   2.4056896e+01	
   8.1000000e-01	   1.0000000e+00	   8.0210130e+00	   2.4536961e+01	
   8.2000000e-01	   1.0000000e+00	   8.0601996e+00	   2.5019401e+01	
   8.3000000e-01	   1.0000000e+00	   8.0986102e+00	   2.5504169e+01	
   8.4000000e-01	   1.0000000e+00	   8.1362602e+00	   2.5991219e+01	
   8.5000000e-01	   1.0000000e+00	   8.1731648e+00	   2.6480506e+01	
   8.6000000e-01	   1.0000000e+00	   8.2093385e+00	   2.6971984e+01	
   8.7000000e-01	   1.0000000e+00	   8.2447960e+00	   2.7465612e+01	
   8.8000000e-01	   1.0000000e+00	   8.2795514e+00	   2.7961346e+01	
   8.9000000e-01	   1.0000000e+00	   8.3136185e+00	   2.8459144e+01	
   9.0000000e-01	   1.0000000e+00	   8.3470111e+00	   2.8958967e+01	
   9.1000000e-01	   1.0000000e+00	   8.3797425e+00	   2.9460773e+01	
   9.2000000e-01	   1.0000000e+00	   8.4118257e+00	   2.9964523e+01	
   9.3000000e-01	   1.0000000e+00	   8.4432737e+00	   3.0470179e+01	
   9.4000000e-01	   1.0000000e+00	   8.4740989e+00	   3.0977703e+01	
   9.5000000e-01	   1.0000000e+00	   8.5043138e+00	   3.1487059e+01	
   9.6000000e-01	   1.0000000e+00	   8.5339304e+00	   3.1998209e+01	
   9.7000000e-01	   1.0000000e+00	   8.5629605e+00	   3.2511118e+01	
   9.8000000e-01	   1.0000000e+00	   8.5914158e+00	   3.3025753e+01	
   9.9000000e-01	   1.0000000e+00	   8.6193076e+00	   3.3542077e+01	
   1.0000000e+00	   1.0000000e+00	   8.6466472e+00	   3.4060058e+01	
   1.0100000e+00	   1.0000000e+00	   8.6734453e+00	   3.4579664e+01	
   1.0200000e+00	   1.0000000e+00	   8.6997129e+00	   3.5100861e+01	
   1.0300000e+00	   1.0000000e+00	   8.7254603e+00	   3.5623619e+01	
   1.0400000e+00	   1.0000000e+00	   8.7506979e+00	   3.6147906e+01	
   1.0500000e+00	   1.0000000e+00	   8.7754357e+00	   3.6673693e+01	
   1.0600000e+00	   1.0000000e+00	   8.7996837e+00	   3.7200949e+01	
   1.0700000e+00	   1.0000000e+00	   8.8234516e+00	   3.7729645e+01	
   1.0800000e+00	   1.0000000e+00	   8.8467488e+00	   3.8259754e+01	
   1.0900000e+00	   1.0000000e+00	   8.8695847e+00	   3.8791246e+01	
   1.1000000e+00	   1.0000000e+00	   8.8919684e+00	   3.9324095e+01	
   1.1100000e+00	   1.0000000e+00	   8.9139089e+00	   3.9858273e+01	
   1.1200000e+00	   1.0000000e+00	   8.9354150e+00	   4.0393755e+01	
   1.1300000e+00	   1.0000000e+00	   8.9564952e+00	   4.0930515e+01	
   1.1400000e+00	   1.0000000e+00	   8.9771579e+00	   4.1468526e+01	
   1.1500000e+00	   1.0000000e+00	   8.9974116e+00	   4.2007765e+01	
   1.1600000e+00	   1.0000000e+00	   9.0172641e+00	   4.2548208e+01	
   1.1700000e+00	   1.0000000e+00	   9.0367236e+00	   4.3089829e+01	
   1.1800000e+00	   1.0000000e+00	   9.0557978e+00	   4.3632607e+01	
   1.1900000e+00	   1.0000000e+00	   9.0744942e+00	   4.4176517e+01	
   1.2000000e+00	   1.0000000e+00	   9.0928205e+00	   4.4721539e+01	
   1.2100000e+00	   1.0000000e+00	   9.1107838e+00	   4.5267649e+01	
   1.2200000e+00	   1.0000000e+00	   9.1283915e+00	   4.5814826e+01	
   1.2300000e+00	   1.0000000e+00	   9.1456505e+00	   4.6363049e+01	
   1.2400000e+00	   1.0000000e+00	   9.1625677e+00	   4.6912297e+01	
   1.2500000e+00	   1.0000000e+00	   9.1791500e+00	   4.7462550e+01	
   1.2600000e+00	   1.0000000e+00	   9.1954039e+00	   4.8013788e+01	
   1.2700000e+00	   1.0000000e+00	   9.2113360e+00	   4.8565992e+01	
   1.2800000e+00	   1.0000000e+00	   9.2269526e+00	   4.9119142e+01	
   1.2900000e+00	   1.0000000e+00	   9.2422600e+00	   4.9673220e+01	
   1.3000000e+00	   1.0000000e+00	   9.2572642e+00	   5.0228207e+01	
   1.3100000e+00	   1.0000000e+00	   9.2719714e+00	   5.0784086e+01	
   1.3200000e+00	   1.0000000e+00	   9.2863873e+00	   5.1340838e+01	
   1.3300000e+00	   1.0000000e+00	   9.3005178e+00	   5.1898447e+01	
   1.3400000e+00	   1.0000000e+00	   9.3143685e+00	   5.2456895e+01	
   1.3500000e+00	   1.0000000e+00	   9.3279449e+00	   5.3016165e+01	
   1.3600000e+00	   1.0000000e+00	   9.3412525e+00	   5.3576243e+01	
   1.3700000e+00	   1.0000000e+00	   9.3542965e+00	   5.4137110e+01	
   1.3800000e+00	   1.0000000e+00	   9.3670823e+00	   5.4698753e+01	
   1.3900000e+00	   1.0000000e+00	   9.3796149e+00	   5.5261155e+01	
   1.4000000e+00	   1.0000000e+00	   9.3918994e+00	   5.5824302e+01	
   1.4100000e+00	   1.0000000e+00	   9.4039406e+00	   5.6388178e+01	
   1.4200000e+00	   1.0000000e+00	   9.4157433e+00	   5.6952770e+01	
   1.4300000e+00	   1.0000000e+00	   9.4273124e+00	   5.7518063e+01	
   1.4400000e+00	   1.0000000e+00	   9.4386524e+00	   5.8084043e+01	
   1.4500000e+00	   1.0000000e+00	   9.4497678e+00	   5.8650697e+01	
   1.4600000e+00	   1.0000000e+00	   9.4606631e+00	   5.9218011e+01	
   1.4700000e+00	   1.0000000e+00	   9.4713427e+00	   5.9785972e+01	
   1.4800000e+00	   1.0000000e+00	   9.4818108e+00	   6.0354568e+01	
   1.4900000e+00	   1.0000000e+00	   9.4920717e+00	   6.0923785e+01	
   1.5000000e+00	   1.0000000e+00	   9.5021293e+00	   6.1493612e+01	
   1.5100000e+00	   1.0000000e+00	   9.5119878e+00	   6.2064037e+01	
   1.5200000e+00	   1.0000000e+00	   9.5216511e+00	   6.2635047e+01	
   1.5300000e+00	   1.0000000e+00	   9.5311230e+00	   6.3206631e+01	
   1.5400000e+00	   1.0000000e+00	   9.5404074e+00	   6.3778778e+01	
   1.5500000e+00	   1.0000000e+00	   9.5495080e+00	   6.4351476e+01	
   1.5600000e+00	   1.0000000e+00	   9.5584283e+00	   6.4924715e+01	
   1.5700000e+00	   1.0000000e+00	   9.5671720e+00	   6.5498484e+01	
   1.5800000e+00	   1.0000000e+00	   9.5757426e+00	   6.6072772e+01	
   1.5900000e+00	   1.0000000e+00	   9.5841434e+00	   6.6647570e+01	
   1.6000000e+00	   1.0000000e+00	   9.5923780e+00	   6.7222866e+01	
   1.6100000e+00	   1.0000000e+00	   9.6004494e+00	   6.7798652e+01	
   1.6200000e+00	   1.0000000e+00	   9.6083610e+00	   6.8374917e+01	
   1.6300000e+00	   1.0000000e+00	   9.6161160e+00	   6.8951652e+01	
   1.6400000e+00	   1.0000000e+00	   9.6237174e+00	   6.9528848e+01	
   1.6500000e+00	   1.0000000e+00	   9.6311683e+00	   7.0106495e+01	
   1.6600000e+00	   1.0000000e+00	   9.6384717e+00	   7.0684585e+01	
   1.6700000e+00	   1.0000000e+00	   9.6456304e+00	   7.1263109e+01	
   1.6800000e+00	   1.0000000e+00	   9.6526474e+00	   7.1842058e+01	
   1.6900000e+00	   1.0000000e+00	   9.6595255e+00	   7.2421424e+01	
   1.7000000e+00	   1.0000000e+00	   9.6662673e+00	   7.3001198e+01	
   1.7100000e+00	   1.0000000e+00	   9.6728757e+00	   7.3581373e+01	
   1.7200000e+00	   1.0000000e+00	   9.6793531e+00	   7.4161941e+01	
   1.7300000e+00	   1.0000000e+00	   9.6857024e+00	   7.4742893e+01	
   1.7400000e+00	   1.0000000e+00	   9.6919259e+00	   7.5324222e+01	
   1.7500000e+00	   1.0000000e+00	   9.6980262e+00	   7.5905922e+01	
   1.7600000e+00	   1.0000000e+00	   9.7040056e+00	   7.6487983e+01	
   1.7700000e+00	   1.0000000e+00	   9.7098667e+00	   7.7070400e+01	
   1.7800000e+00	   1.0000000e+00	   9.7156118e+00	   7.7653165e+01	
   1.7900000e+00	   1.0000000e+00	   9.7212430e+00	   7.8236271e+01	
   1.8000000e+00	   1.0000000e+00	   9.7267628e+00	   7.8819712e+01	
   1.8100000e+00	   1.0000000e+00	   9.7321732e+00	   7.9403480e+01	
   1.8200000e+00	   1.0000000e+00	   9.7374766e+00	   7.9987570e+01	
   1.8300000e+00	   1.0000000e+00	   9.7426749e+00	   8.0571975e+01	
   1.8400000e+00	   1.0000000e+00	   9.7477703e+00	   8.1156689e+01	
   1.8500000e+00	   1.0000000e+00	   9.7527647e+00	   8.1741706e+01	
   1.8600000e+00	   1.0000000e+00	   9.7576603e+00	   8.2327019e+01	
   1.8700000e+00	   1.0000000e+00	   9.7624590e+00	   8.2912623e+01	
   1.8800000e+00	   1.0000000e+00	   9.7671626e+00	   8.3498512e+01	
   1.8900000e+00	   1.0000000e+00	   9.7717731e+00	   8.4084681e+01	
   1.9000000e+00	   1.0000000e+00	   9.7762923e+00	   8.4671123e+01	
   1.9100000e+00	   1.0000000e+00	   9.7807220e+00	   8.5257834e+01	
   1.9200000e+00	   1.0000000e+00	   9.7850640e+00	   8.5844808e+01	
   1.9300000e+00	   1.0000000e+00	   9.7893200e+00	   8.6432040e+01	
   1.9400000e+00	   1.0000000e+00	   9.7934917e+00	   8.7019525e+01	
   1.9500000e+00	   1.0000000e+00	   9.7975809e+00	   8.7607257e+01	
   1.9600000e+00	   1.0000000e+00	   9.8015891e+00	   8.8195233e+01	
   1.9700000e+00	   1.0000000e+00	   9.8055179e+00	   8.8783446e+01	
   1.9800000e+00	   1.0000000e+00	   9.8093689e+00	   8.9371893e+01	
   1.9900000e+00	   1.0000000e+00	   9.8131436e+00	   8.9960569e+01	
   2.0000000e+00	   1.0000000e+00	   9.8168436e+00	   9.0549469e+01	
   2.0100000e+00	   1.0000000e+00	   9.8204704e+00	   9.1138589e+01	
   2.0200000e+00	   1.0000000e+00	   9.8240253e+00	   9.1727924e+01	
   2.0300000e+00	   1.0000000e+00	   9.8275098e+00	   9.2317471e+01	
   2.0400000e+00	   1.0000000e+00	   9.8309253e+00	   9.2907224e+01	
   2.0500000e+00	   1.0000000e+00	   9.8342732e+00	   9.3497180e+01	
   2.0600000e+00	   1.0000000e+00	   9.8375549e+00	   9.4087335e+01	
   2.0700000e+00	   1.0000000e+00	   9.8407715e+00	   9.4677686e+01	
   2.0800000e+00	   1.0000000e+00	   9.8439244e+00	   9.5268227e+01	
   2.0900000e+00	   1.0000000e+00	   9.8470149e+00	   9.5858955e+01	
   2.1000000e+00	   1.0000000e+00	   9.8500442e+00	   9.6449867e+01	
   2.1100000e+00	   1.0000000e+00	   9.8530136e+00	   9.7040959e+01	
   2.1200000e+00	   1.0000000e+00	   9.8559241e+00	   9.7632228e+01	
   2.1300000e+00	   1.0000000e+00	   9.8587770e+00	   9.8223669e+01	
   2.1400000e+00	   1.0000000e+00	   9.8615734e+00	   9.8815280e+01	
   2.1500000e+00	   1.0000000e+00	   9.8643144e+00	   9.9407057e+01	
   2.1600000e+00	   1.0000000e+00	   9.8670012e+00	   9.9998997e+01	
   2.1700000e+00	   1.0000000e+00	   9.8696347e+00	   1.0059110e+02	
   2.1800000e+00	   1.0000000e+00	   9.8722161e+00	   1.0118335e+02	
   2.1900000e+00	   1.0000000e+00	   9.8747464e+00	   1.0177576e+02	
   2.2000000e+00	   1.0000000e+00	   9.8772266e+00	   1.0236832e+02	
   2.2100000e+00	   1.0000000e+00	   9.8796577e+00	   1.0296103e+02	
   2.2200000e+00	   1.0000000e+00	   9.8820406e+00	   1.0355388e+02	
   2.2300000e+00	   1.0000000e+00	   9.8843764e+00	   1.0414687e+02	
   2.2400000e+00	   1.0000000e+00	   9.8866659e+00	   1.0474000e+02	
   2.2500000e+00	   1.0000000e+00	   9.8889100e+00	   1.0533327e+02	
   2.2600000e+00	   1.0000000e+00	   9.8911098e+00	   1.0592667e+02	
   2.2700000e+00	   1.0000000e+00	   9.8932659e+00	   1.0652020e+02	
   2.2800000e+00	   1.0000000e+00	   9.8953794e+00	   1.0711386e+02	
   2.2900000e+00	   1.0000000e+00	   9.8974510e+00	   1.0770765e+02	
   2.3000000e+00	   1.0000000e+00	   9.8994816e+00	   1.0830156e+02	
   2.3100000e+00	   1.0000000e+00	   9.9014720e+00	   1.0889558e+02	
   2.3200000e+00	   1.0000000e+00	   9.9034230e+00	   1.0948973e+02	
   2.3300000e+00	   1.0000000e+00	   9.9053354e+00	   1.1008399e+02	
   2.3400000e+00	   1.0000000e+00	   9.9072099e+00	   1.1067837e+02	
   2.3500000e+00	   1.0000000e+00	   9.9090472e+00	   1.1127286e+02	
   2.3600000e+00	   1.0000000e+00	   9.9108482e+00	   1.1186746e+02	
   2.3700000e+00	   1.0000000e+00	   9.9126135e+00	   1.1246216e+02	
   2.3800000e+00	   1.0000000e+00	   9.9143439e+00	   1.1305697e+02	
   2.3900000e+00	   1.0000000e+00	   9.9160400e+00	   1.1365188e+02	
   2.4000000e+00	   1.0000000e+00	   9.9177025e+00	   1.1424689e+02	
   2.4100000e+00	   1.0000000e+00	   9.9193321e+00	   1.1484200e+02	
   2.4200000e+00	   1.0000000e+00	   9.9209295e+00	   1.1543721e+02	
   2.4300000e+00	   1.0000000e+00	   9.9224952e+00	   1.1603251e+02	
   2.4400000e+00	   1.0000000e+00	   9.9240299e+00	   1.1662791e+02	
   2.4500000e+00	   1.0000000e+00	   9.9255342e+00	   1.1722340e+02	
   2.4600000e+00	   1.0000000e+00	   9.9270087e+00	   1.1781897e+02	
   2.4700000e+00	   1.0000000e+00	   9.9284540e+00	   1.1841464e+02	
   2.4800000e+00	   1.0000000e+00	   9.9298707e+00	   1.1901039e+02	
   2.4900000e+00	   1.0000000e+00	   9.9312594e+00	   1.1960622e+02	
   2.5000000e+00	   1.0000000e+00	   9.9326205e+00	   1.2020214e+02	
   2.5100000e+00	   1.0000000e+00	   9.9339547e+00	   1.2079814e+02	
   2.5200000e+00	   1.0000000e+00	   9.9352625e+00	   1.2139421e+02	
   2.5300000e+00	   1.0000000e+00	   9.9365444e+00	   1.2199037e+02	
   2.5400000e+00	   1.0000000e+00	   9.9378009e+00	   1.2258660e+02	
   2.5500000e+00	   1.0000000e+00	   9.9390325e+00	   1.2318290e+02	
   2.5600000e+00	   1.0000000e+00	   9.9402398e+00	   1.2377928e+02	
   2.5700000e+00	   1.0000000e+00	   9.9414231e+00	   1.2437573e+02	
   2.5800000e+00	   1.0000000e+00	   9.9425830e+00	   1.2497225e+02	
   2.5900000e+00	   1.0000000e+00	   9.9437199e+00	   1.2556884e+02	
   2.6000000e+00	   1.0000000e+00	   9.9448344e+00	   1.2616550e+02	
   2.6100000e+00	   1.0000000e+00	   9.9459267e+00	   1.2676222e+02	
   2.6200000e+00	   1.0000000e+00	   9.9469974e+00	   1.2735901e+02	
   2.6300000e+00	   1.0000000e+00	   9.9480470e+00	   1.2795586e+02	
   2.6400000e+00	   1.0000000e+00	   9.9490757e+00	   1.2855277e+02	
   2.6500000e+00	   1.0000000e+00	   9.9500841e+00	   1.2914975e+02	
   2.6600000e+00	   1.0000000e+00	   9.9510725e+00	   1.2974678e+02	
   2.6700000e+00	   1.0000000e+00	   9.9520413e+00	   1.3034388e+02	
   2.6800000e+00	   1.0000000e+00	   9.9529909e+00	   1.3094103e+02	
   2.6900000e+00	   1.0000000e+00	   9.9539218e+00	   1.3153823e+02	
   2.7000000e+00	   1.0000000e+00	   9.9548342e+00	   1.3213550e+02	
   2.7100000e+00	   1.0000000e+00	   9.9557285e+00	   1.3273281e+02	
   2.7200000e+00	   1.0000000e+00	   9.9566052e+00	   1.3333018e+02	
   2.7300000e+00	   1.0000000e+00	   9.9574644e+00	   1.3392761e+02	
   2.7400000e+00	   1.0000000e+00	   9.9583067e+00	   1.3452508e+02	
   2.7500000e+00	   1.0000000e+00	   9.9591323e+00	   1.3512260e+02	
   2.7600000e+00	   1.0000000e+00	   9.9599415e+00	   1.3572018e+02	
   2.7700000e+00	   1.0000000e+00	   9.9607347e+00	   1.3631780e+02	
   2.7800000e+00	   1.0000000e+00	   9.9615122e+00	   1.3691546e+02	
   2.7900000e+00	   1.0000000e+00	   9.9622743e+00	   1.3751318e+02	
   2.8000000e+00	   1.0000000e+00	   9.9630214e+00	   1.3811094e+02	
   2.8100000e+00	   1.0000000e+00	   9.9637536e+00	   1.3870874e+02	
   2.8200000e+00	   1.0000000e+00	   9.9644713e+00	   1.3930659e+02	
   2.8300000e+00	   1.0000000e+00	   9.9651748e+00	   1.3990448e+02	
   2.8400000e+00	   1.0000000e+00	   9.9658644e+00	   1.4050241e+02	
   2.8500000e+00	   1.0000000e+00	   9.9665403e+00	   1.4110038e+02	
   2.8600000e+00	   1.0000000e+00	   9.9672029e+00	   1.4169839e+02	
   2.8700000e+00	   1.0000000e+00	   9.9678523e+00	   1.4229644e+02	
   2.8800000e+00	   1.0000000e+00	   9.9684889e+00	   1.4289453e+02	
   2.8900000e+00	   1.0000000e+00	   9.9691128e+00	   1.4349266e+02	
   2.9000000e+00	   1.0000000e+00	   9.9697245e+00	   1.4409083e+02	
   2.9100000e+00	   1.0000000e+00	   9.9703239e+00	   1.4468903e+02	
   2.9200000e+00	   1.0000000e+00	   9.9709116e+00	   1.4528727e+02	
   2.9300000e+00	   1.0000000e+00	   9.9714876e+00	   1.4588554e+02	
   2.9400000e+00	   1.0000000e+00	   9.9720521e+00	   1.4648384e+02	
   2.9500000e+00	   1.0000000e+00	   9.9726056e+00	   1.4708218e+02	
   2.9600000e+00	   1.0000000e+00	   9.9731480e+00	   1.4768056e+02	
   2.9700000e+00	   1.0000000e+00	   9.9736797e+00	   1.4827896e+02	
   2.9800000e+00	   1.0000000e+00	   9.9742009e+00	   1.4887740e+02	
   2.9900000e+00	   1.0000000e+00	   9.9747117e+00	   1.4947586e+02	
   3.0000000e+00	   1.0000000e+00	   9.9752125e+00	   1.5007436e+02	
   3.0100000e+00	   1.0000000e+00	   9.9757033e+00	   1.5067289e+02	
   3.0200000e+00	   1.0000000e+00	   9.9761844e+00	   1.5127145e+02	
   3.0300000e+00	   1.0000000e+00	   9.9766560e+00	   1.5187003e+02	
   3.0400000e+00	   1.0000000e+00	   9.9771182e+00	   1.5246865e+02	
   3.0500000e+00	   1.0000000e+00	   9.9775713e+00	   1.5306729e+02	
   3.0600000e+00	   1.0000000e+00	   9.9780154e+00	   1.5366595e+02	
   3.0700000e+00	   1.0000000e+00	   9.9784508e+00	   1.5426465e+02	
   3.0800000e+00	   1.0000000e+00	   9.9788775e+00	   1.5486337e+02	
   3.0900000e+00	   1.0000000e+00	   9.9792957e+00	   1.5546211e+02	
   3.1000000e+00	   1.0000000e+00	   9.9797057e+00	   1.5606088e+02	
   3.1100000e+00	   1.0000000e+00	   9.9801075e+00	   1.5665968e+02	
   3.1200000e+00	   1.0000000e+00	   9.9805014e+00	   1.5725850e+02	
   3.1300000e+00	   1.0000000e+00	   9.9808875e+00	   1.5785734e+02	
   3.1400000e+00	   1.0000000e+00	   9.9812660e+00	   1.5845620e+02	
   3.1500000e+00	   1.0000000e+00	   9.9816370e+00	   1.5905509e+02	
   3.1600000e+00	   1.0000000e+00	   9.9820006e+00	   1.5965400e+02	
   3.1700000e+00	   1.0000000e+00	   9.9823570e+00	   1.6025293e+02	
   3.1800000e+00	   1.0000000e+00	   9.9827063e+00	   1.6085188e+02	
   3.1900000e+00	   1.0000000e+00	   9.9830488e+00	   1.6145085e+02	
   3.2000000e+00	   1.0000000e+00	   9.9833844e+00	   1.6204985e+02	
   3.2100000e+00	   1.0000000e+00	   9.9837134e+00	   1.6264886e+02	
   3.2200000e+00	   1.0000000e+00	   9.9840359e+00	   1.6324789e+02	
   3.2300000e+00	   1.0000000e+00	   9.9843520e+00	   1.6384694e+02	
   3.2400000e+00	   1.0000000e+00	   9.9846619e+00	   1.6444601e+02	
   3.2500000e+00	   1.0000000e+00	   9.9849656e+00	   1.6504510e+02	
   3.2600000e+00	   1.0000000e+00	   9.9852633e+00	   1.6564421e+02	
   3.2700000e+00	   1.0000000e+00	   9.9855551e+00	   1.6624333e+02	
   3.2800000e+00	   1.0000000e+00	   9.9858411e+00	   1.6684248e+02	
   3.2900000e+00	   1.0000000e+00	   9.9861215e+00	   1.6744164e+02	
   3.3000000e+00	   1.0000000e+00	   9.9863963e+00	   1.6804081e+02	
   3.3100000e+00	   1.0000000e+00	   9.9866657e+00	   1.6864000e+02	
   3.3200000e+00	   1.0000000e+00	   9.9869297e+00	   1.6923921e+02	
   3.3300000e+00	   1.0000000e+00	   9.9871885e+00	   1.6983843e+02	
   3.3400000e+00	   1.0000000e+00	   9.9874422e+00	   1.7043767e+02	
   3.3500000e+00	   1.0000000e+00	   9.9876909e+00	   1.7103693e+02	
   3.3600000e+00	   1.0000000e+00	   9.9879346e+00	   1.7163620e+02	
   3.3700000e+00	   1.0000000e+00	   9.9881735e+00	   1.7223548e+02	
   3.3800000e+00	   1.0000000e+00	   9.9884077e+00	   1.7283478e+02	
   3.3900000e+00	   1.0000000e+00	   9.9886373e+00	   1.7343409e+02	
   3.4000000e+00	   1.0000000e+00	   9.9888622e+00	   1.7403341e+02	
   3.4100000e+00	   1.0000000e+00	   9.9890828e+00	   1.7463275e+02	
   3.4200000e+00	   1.0000000e+00	   9.9892990e+00	   1.7523210e+02	
   3.4300000e+00	   1.0000000e+00	   9.9895109e+00	   1.7583147e+02	
   3.4400000e+00	   1.0000000e+00	   9.9897186e+00	   1.7643084e+02	
   3.4500000e+00	   1.0000000e+00	   9.9899221e+00	   1.7703023e+02	
   3.4600000e+00	   1.0000000e+00	   9.9901217e+00	   1.7762963e+02	
   3.4700000e+00	   1.0000000e+00	   9.9903173e+00	   1.7822905e+02	
   3.4800000e+00	   1.0000000e+00	   9.9905090e+00	   1.7882847e+02	
   3.4900000e+00	   1.0000000e+00	   9.9906970e+00	   1.7942791e+02	
   3.5000000e+00	   1.0000000e+00	   9.9908812e+00	  -1.7997264e+02	
   3.5100000e+00	   1.0000000e+00	   9.9910617e+00	  -1.7937319e+02	
   3.5200000e+00	   1.0000000e+00	   9.9912387e+00	  -1.7877372e+02	
   3.5300000e+00	   1.0000000e+00	   9.9914122e+00	  -1.7817424e+02	
   3.5400000e+00	   1.0000000e+00	   9.9915823e+00	  -1.7757475e+02	
   3.5500000e+00	   1.0000000e+00	   9.9917490e+00	  -1.7697525e+02	
   3.5600000e+00	   1.0000000e+00	   9.9919123e+00	  -1.7637574e+02	
   3.5700000e+00	   1.0000000e+00	   9.9920725e+00	  -1.7577622e+02	
   3.5800000e+00	   1.0000000e+00	   9.9922295e+00	  -1.7517669e+02	
   3.5900000e+00	   1.0000000e+00	   9.9923833e+00	  -1.7457715e+02	
   3.6000000e+00	   1.0000000e+00	   9.9925341e+00	  -1.7397760e+02	
   3.6100000e+00	   1.0000000e+00	   9.9926820e+00	  -1.7337805e+02	
   3.6200000e+00	   1.0000000e+00	   9.9928269e+00	  -1.7277848e+02	
   3.6300000e+00	   1.0000000e+00	   9.9929689e+00	  -1.7217891e+02	
   3.6400000e+00	   1.0000000e+00	   9.9931081e+00	  -1.7157932e+02	
   3.6500000e+00	   1.0000000e+00	   9.9932446e+00	  -1.7097973e+02	
   3.6600000e+00	   1.0000000e+00	   9.9933784e+00	  -1.7038014e+02	
   3.6700000e+00	   1.0000000e+00	   9.9935095e+00	  -1.6978053e+02	
   3.6800000e+00	   1.0000000e+00	   9.9936380e+00	  -1.6918091e+02	
   3.6900000e+00	   1.0000000e+00	   9.9937640e+00	  -1.6858129e+02	
   3.7000000e+00	   1.0000000e+00	   9.9938875e+00	  -1.6798166e+02	
   3.7100000e+00	   1.0000000e+00	   9.9940085e+00	  -1.6738203e+02	
   3.7200000e+00	   1.0000000e+00	   9.9941271e+00	  -1.6678238e+02	
   3.7300000e+00	   1.0000000e+00	   9.9942434e+00	  -1.6618273e+02	
   3.7400000e+00	   1.0000000e+00	   9.9943574e+00	  -1.6558307e+02	
   3.7500000e+00	   1.0000000e+00	   9.9944692e+00	  -1.6498341e+02	
   3.7600000e+00	   1.0000000e+00	   9.9945787e+00	  -1.6438374e+02	
   3.7700000e+00	   1.0000000e+00	   9.9946860e+00	  -1.6378406e+02	
   3.7800000e+00	   1.0000000e+00	   9.9947912e+00	  -1.6318437e+02	
   3.7900000e+00	   1.0000000e+00	   9.9948944e+00	  -1.6258468e+02	
   3.8000000e+00	   1.0000000e+00	   9.9949955e+00	  -1.6198499e+02	
   3.8100000e+00	   1.0000000e+00	   9.9950946e+00	  -1.6138528e+02	
   3.8200000e+00	   1.0000000e+00	   9.9951917e+00	  -1.6078558e+02	
   3.8300000e+00	   1.0000000e+00	   9.9952869e+00	  -1.6018586e+02	
   3.8400000e+00	   1.0000000e+00	   9.9953803e+00	  -1.5958614e+02	
   3.8500000e+00	   1.0000000e+00	   9.9954717e+00	  -1.5898642e+02	
   3.8600000e+00	   1.0000000e+00	   9.9955614e+00	  -1.5838668e+02	
   3.8700000e+00	   1.0000000e+00	   9.9956493e+00	  -1.5778695e+02	
   3.8800000e+00	   1.0000000e+00	   9.9957354e+00	  -1.5718721e+02	
   3.8900000e+00	   1.0000000e+00	   9.9958199e+00	  -1.5658746e+02	
   3.9000000e+00	   1.0000000e+00	   9.9959027e+00	  -1.5598771e+02	
   3.9100000e+00	   1.0000000e+00	   9.9959838e+00	  -1.5538795e+02	
   3.9200000e+00	   1.0000000e+00	   9.9960633e+00	  -1.5478819e+02	
   3.9300000e+00	   1.0000000e+00	   9.9961413e+00	  -1.5418842e+02	
   3.9400000e+00	   1.0000000e+00	   9.9962177e+00	  -1.5358865e+02	
   3.9500000e+00	   1.0000000e+00	   9.9962926e+00	  -1.5298888e+02	
   3.9600000e+00	   1.0000000e+00	   9.9963660e+00	  -1.5238910e+02	
   3.9700000e+00	   1.0000000e+00	   9.9964379e+00	  -1.5178931e+02	
   3.9800000e+00	   1.0000000e+00	   9.9965085e+00	  -1.5118953e+02	
   3.9900000e+00	   1.0000000e+00	   9.9965776e+00	  -1.5058973e+02	
   4.0000000e+00	   1.0000000e+00	   9.9966454e+00	  -1.4998994e+02	
   4.0100000e+00	   1.0000000e+00	   9.9967118e+00	  -1.4939014e+02	
   4.0200000e+00	   1.0000000e+00	   9.9967769e+00	  -1.4879033e+02	
   4.0300000e+00	   1.0000000e+00	   9.9968407e+00	  -1.4819052e+02	
   4.0400000e+00	   1.0000000e+00	   9.9969033e+00	  -1.4759071e+02	
   4.0500000e+00	   1.0000000e+00	   9.9969646e+00	  -1.4699089e+02	
   4.0600000e+00	   1.0000000e+00	   9.9970247e+00	  -1.4639107e+02	
   4.0700000e+00	   1.0000000e+00	   9.9970836e+00	  -1.4579125e+02	
   4.0800000e+00	   1.0000000e+00	   9.9971414e+00	  -1.4519142e+02	
   4.0900000e+00	   1.0000000e+00	   9.9971980e+00	  -1.4459159e+02	
   4.1000000e+00	   1.0000000e+00	   9.9972535e+00	  -1.4399176e+02	
   4.1100000e+00	   1.0000000e+00	   9.9973078e+00	  -1.4339192e+02	
   4.1200000e+00	   1.0000000e+00	   9.9973612e+00	  -1.4279208e+02	
   4.1300000e+00	   1.0000000e+00	   9.9974134e+00	  -1.4219224e+02	
   4.1400000e+00	   1.0000000e+00	   9.9974646e+00	  -1.4159239e+02	
   4.1500000e+00	   1.0000000e+00	   9.9975148e+00	  -1.4099254e+02	
   4.1600000e+00	   1.0000000e+00	   9.9975640e+00	  -1.4039269e+02	
   4.1700000e+00	   1.0000000e+00	   9.9976123e+00	  -1.3979284e+02	
   4.1800000e+00	   1.0000000e+00	   9.9976596e+00	  -1.3919298e+02	
   4.1900000e+00	   1.0000000e+00	   9.9977059e+00	  -1.3859312e+02	
   4.2000000e+00	   1.0000000e+00	   9.9977513e+00	  -1.3799325e+02	
   4.2100000e+00	   1.0000000e+00	   9.9977959e+00	  -1.3739339e+02	
   4.2200000e+00	   1.0000000e+00	   9.9978395e+00	  -1.3679352e+02	
   4.2300000e+00	   1.0000000e+00	   9.9978823e+00	  -1.3619365e+02	
   4.2400000e+00	   1.0000000e+00	   9.9979242e+00	  -1.3559377e+02	
   4.2500000e+00	   1.0000000e+00	   9.9979653e+00	  -1.3499390e+02	
   4.2600000e+00	   1.0000000e+00	   9.9980056e+00	  -1.3439402e+02	
   4.2700000e+00	   1.0000000e+00	   9.9980451e+00	  -1.3379414e+02	
   4.2800000e+00	   1.0000000e+00	   9.9980838e+00	  -1.3319425e+02	
   4.2900000e+00	   1.0000000e+00	   9.9981218e+00	  -1.3259437e+02	
   4.3000000e+00	   1.0000000e+00	   9.9981589e+00	  -1.3199448e+02	
   4.3100000e+00	   1.0000000e+00	   9.9981954e+00	  -1.3139459e+02	
   4.3200000e+00	   1.0000000e+00	   9.9982311e+00	  -1.3079469e+02	
   4.3300000e+00	   1.0000000e+00	   9.9982662e+00	  -1.3019480e+02	
   4.3400000e+00	   1.0000000e+00	   9.9983005e+00	  -1.2959490e+02	
   4.3500000e+00	   1.0000000e+00	   9.9983341e+00	  -1.2899500e+02	
   4.3600000e+00	   1.0000000e+00	   9.9983671e+00	  -1.2839510e+02	
   4.3700000e+00	   1.0000000e+00	   9.9983995e+00	  -1.2779520e+02	
   4.3800000e+00	   1.0000000e+00	   9.9984312e+00	  -1.2719529e+02	
   4.3900000e+00	   1.0000000e+00	   9.9984622e+00	  -1.2659539e+02	
   4.4000000e+00	   1.0000000e+00	   9.9984927e+00	  -1.2599548e+02	
   4.4100000e+00	   1.0000000e+00	   9.9985225e+00	  -1.2539557e+02	
   4.4200000e+00	   1.0000000e+00	   9.9985518e+00	  -1.2479566e+02	
   4.4300000e+00	   1.0000000e+00	   9.9985804e+00	  -1.2419574e+02	
   4.4400000e+00	   1.0000000e+00	   9.9986086e+00	  -1.2359583e+02	
   4.4500000e+00	   1.0000000e+00	   9.9986361e+00	  -1.2299591e+02	
   4.4600000e+00	   1.0000000e+00	   9.9986631e+00	  -1.2239599e+02	
   4.4700000e+00	   1.0000000e+00	   9.9986896e+00	  -1.2179607e+02	
   4.4800000e+00	   1.0000000e+00	   9.9987155e+00	  -1.2119615e+02	
   4.4900000e+00	   1.0000000e+00	   9.9987410e+00	  -1.2059622e+02	
   4.5000000e+00	   1.0000000e+00	   9.9987659e+00	  -1.1999630e+02	
   4.5100000e+00	   1.0000000e+00	   9.9987903e+00	  -1.1939637e+02	
   4.5200000e+00	   1.0000000e+00	   9.9988143e+00	  -1.1879644e+02	
   4.5300000e+00	   1.0000000e+00	   9.9988378e+00	  -1.1819651e+02	
   4.5400000e+00	   1.0000000e+00	   9.9988608e+00	  -1.1759658e+02	
   4.5500000e+00	   1.0000000e+00	   9.9988833e+00	  -1.1699665e+02	
   4.5600000e+00	   1.0000000e+00	   9.9989055e+00	  -1.1639672e+02	
   4.5700000e+00	   1.0000000e+00	   9.9989271e+00	  -1.1579678e+02	
   4.5800000e+00	   1.0000000e+00	   9.9989484e+00	  -1.1519685e+02	
   4.5900000e+00	   1.0000000e+00	   9.9989692e+00	  -1.1459691e+02	
   4.6000000e+00	   1.0000000e+00	   9.9989896e+00	  -1.1399697e+02	
   4.6100000e+00	   1.0000000e+00	   9.9990096e+00	  -1.1339703e+02	
   4.6200000e+00	   1.0000000e+00	   9.9990292e+00	  -1.1279709e+02	
   4.6300000e+00	   1.0000000e+00	   9.9990484e+00	  -1.1219715e+02	
   4.6400000e+00	   1.0000000e+00	   9.9990673e+00	  -1.1159720e+02	
   4.6500000e+00	   1.0000000e+00	   9.9990858e+00	  -1.1099726e+02	
   4.6600000e+00	   1.0000000e+00	   9.9991039e+00	  -1.1039731e+02	
   4.6700000e+00	   1.0000000e+00	   9.9991216e+00	  -1.0979736e+02	
   4.6800000e+00	   1.0000000e+00	   9.9991390e+00	  -1.0919742e+02	
   4.6900000e+00	   1.0000000e+00	   9.9991560e+00	  -1.0859747e+02	
   4.7000000e+00	   1.0000000e+00	   9.9991728e+00	  -1.0799752e+02	
   4.7100000e+00	   1.0000000e+00	   9.9991891e+00	  -1.0739757e+02	
   4.7200000e+00	   1.0000000e+00	   9.9992052e+00	  -1.0679762e+02	
   4.7300000e+00	   1.0000000e+00	   9.9992209e+00	  -1.0619766e+02	
   4.7400000e+00	   1.0000000e+00	   9.9992364e+00	  -1.0559771e+02	
   4.7500000e+00	   1.0000000e+00	   9.9992515e+00	  -1.0499775e+02	
   4.7600000e+00	   1.0000000e+00	   9.9992663e+00	  -1.0439780e+02	
   4.7700000e+00	   1.0000000e+00	   9.9992808e+00	  -1.0379784e+02	
   4.7800000e+00	   1.0000000e+00	   9.9992951e+00	  -1.0319789e+02	
   4.7900000e+00	   1.0000000e+00	   9.9993090e+00	  -1.0259793e+02	
   4.8000000e+00	   1.0000000e+00	   9.9993227e+00	  -1.0199797e+02	
   4.8100000e+00	   1.0000000e+00	   9.9993361e+00	  -1.0139801e+02	
   4.8200000e+00	   1.0000000e+00	   9.9993493e+00	  -1.0079805e+02	
   4.8300000e+00	   1.0000000e+00	   9.9993622e+00	  -1.0019809e+02	
   4.8400000e+00	   1.0000000e+00	   9.9993748e+00	  -9.9598124e+01	
   4.8500000e+00	   1.0000000e+00	   9.9993872e+00	  -9.8998161e+01	
   4.8600000e+00	   1.0000000e+00	   9.9993993e+00	  -9.8398198e+01	
   4.8700000e+00	   1.0000000e+00	   9.9994112e+00	  -9.7798234e+01	
   4.8800000e+00	   1.0000000e+00	   9.9994229e+00	  -9.7198269e+01	
   4.8900000e+00	   1.0000000e+00	   9.9994343e+00	  -9.6598303e+01	
   4.9000000e+00	   1.0000000e+00	   9.9994455e+00	  -9.5998336e+01	
   4.9100000e+00	   1.0000000e+00	   9.9994565e+00	  -9.5398369e+01	
   4.9200000e+00	   1.0000000e+00	   9.9994672e+00	  -9.4798402e+01	
   4.9300000e+00	   1.0000000e+00	   9.9994778e+00	  -9.4198433e+01	
   4.9400000e+00	   1.0000000e+00	   9.9994881e+00	  -9.3598464e+01	
   4.9500000e+00	   1.0000000e+00	   9.9994983e+00	  -9.2998495e+01	
   4.9600000e+00	   1.0000000e+00	   9.9995082e+00	  -9.2398525e+01	
   4.9700000e+00	   1.0000000e+00	   9.9995179e+00	  -9.1798554e+01	
   4.9800000e+00	   1.0000000e+00	   9.9995275e+00	  -9.1198582e+01	
   4.9900000e+00	   1.0000000e+00	   9.9995368e+00	  -9.0598610e+01	
   5.0000000e+00	   1.0000000e+00	   9.9995460e+00	  -8.9998638e+01	
