   0.0000000e+00	  -8.2365723e+00	   6.2711453e-01	   8.5744577e-02	  -5.0000000e+01	   3.2365723e+01	   4.4253243e+00	  -8.8636868e-01	
   5.0000000e-01	  -7.4851074e+00	  -7.1831177e+00	  -8.3409694e-01	  -5.0000000e+01	   2.4851074e+01	   1.1038367e+01	  -3.0198975e-02	
   1.0000000e+00	  -5.6657715e+00	  -3.0385138e+00	  -2.0035977e+00	  -5.0000000e+01	   6.6577148e+00	   1.2328000e+01	  -2.6272576e-01	
   1.5000000e+00	  -4.7868652e+00	  -3.6054644e+00	  -2.3641217e+00	  -5.0000000e+01	  -2.1313477e+00	   9.5757005e+00	  -1.1814009e-01	
   2.0000000e+00	  -3.7783203e+00	  -2.4715633e+00	  -2.5485392e+00	  -5.0000000e+01	  -1.2216797e+01	   4.9953500e+00	  -1.3067570e-01	
   2.5000000e+00	  -3.0378418e+00	  -1.5429375e+00	  -2.4005198e+00	  -5.0000000e+01	  -1.9621582e+01	  -7.2388708e-01	  -1.4949043e-01	
   3.0000000e+00	  -2.5148926e+00	  -2.1001130e+00	  -2.2421894e+00	  -5.0000000e+01	  -2.4851074e+01	  -6.6066248e+00	  -4.1477959e-02	
   3.5000000e+00	  -2.1018066e+00	   4.7071439e-01	  -1.8518315e+00	  -5.0000000e+01	  -2.8981934e+01	  -1.2160513e+01	  -2.5725210e-01	
   4.0000000e+00	  -1.5634766e+00	  -2.2956132e+00	  -1.5949505e+00	  -5.0000000e+01	  -3.4365234e+01	  -1.7496508e+01	   7.3213660e-02	
   4.5000000e+00	  -1.1020508e+00	   9.9264043e-02	  -1.4591034e+00	  -5.0000000e+01	  -3.8979492e+01	  -2.2740289e+01	  -1.2013148e-01	
   5.0000000e+00	   8.8452148e+00	  -3.7586083e-02	  -1.0516675e+00	   5.0000000e+01	  -3.8452148e+01	  -2.7108917e+01	   8.8828009e-01	
   5.5000000e+00	   7.5883789e+00	   6.5018949e+00	   1.1977560e-01	   5.0000000e+01	  -2.5883789e+01	  -2.8492353e+01	   1.0864840e-01	
   6.0000000e+00	   6.0041504e+00	   2.4745912e+00	   1.3143657e+00	   5.0000000e+01	  -1.0041504e+01	  -2.5612926e+01	   3.5295592e-01	
   6.5000000e+00	   4.7868652e+00	   3.0610918e+00	   1.7118295e+00	   5.0000000e+01	   2.1313477e+00	  -1.9690426e+01	   1.7257735e-01	
   7.0000000e+00	   3.6970215e+00	   2.6798664e+00	   2.0286709e+00	   5.0000000e+01	   1.3029785e+01	  -1.2232969e+01	   1.0171551e-01	
   7.5000000e+00	   3.5805664e+00	   1.2429401e+00	   2.0102761e+00	   5.0000000e+01	   1.4194336e+01	  -5.1654526e+00	   2.3376263e-01	
   8.0000000e+00	   3.0883789e+00	   1.4775403e+00	   1.8325189e+00	   5.0000000e+01	   1.9116211e+01	   8.0158797e-01	   1.6108386e-01	
   8.5000000e+00	   2.2094727e+00	   2.5234663e+00	   1.8784555e+00	   5.0000000e+01	   2.7905273e+01	   7.0115759e+00	  -3.1399362e-02	
   9.0000000e+00	   2.0402832e+00	  -1.8459627e+00	   1.4574120e+00	   5.0000000e+01	   2.9597168e+01	   1.2956444e+01	   3.8862460e-01	
   9.5000000e+00	   1.3547363e+00	   2.6603164e+00	   1.1702173e+00	   5.0000000e+01	   3.6452637e+01	   1.8444314e+01	  -1.3055801e-01	
   1.0000000e+01	   1.0537109e+00	  -3.2106134e-01	   1.1700561e+00	   5.0000000e+01	   3.9462891e+01	   2.3780413e+01	   1.3747723e-01	
