   0.0000000e+00	   5.0000000e+00	  -2.2331125e-01	  -1.2744141e+01	
   1.0000000e-02	   5.0000000e+00	   2.4588918e-01	  -1.1601563e+01	
   2.0000000e-02	   5.0000000e+00	   3.6318929e-01	  -1.3073730e+01	
   3.0000000e-02	   5.0000000e+00	   9.7901485e-01	  -8.9428711e+00	
   4.0000000e-02	   5.0000000e+00	   2.0053908e+00	  -1.4831543e+01	
   5.0000000e-02	   5.0000000e+00	   2.7776165e+00	  -1.2941895e+01	
   6.0000000e-02	   5.0000000e+00	   4.6935183e+00	  -9.4702148e+00	
   7.0000000e-02	   5.0000000e+00	   4.4882431e+00	  -1.2238770e+01	
   8.0000000e-02	   5.0000000e+00	   5.1920437e+00	  -1.5117188e+01	
   9.0000000e-02	   5.0000000e+00	   5.8567443e+00	  -1.5644531e+01	
   1.0000000e-01	   5.0000000e+00	   5.8762944e+00	  -1.4655762e+01	
   1.1000000e-01	   5.0000000e+00	   8.7892471e+00	  -1.1271973e+01	
   1.2000000e-01	   5.0000000e+00	   7.9681463e+00	  -1.8000000e+02	
   1.3000000e-01	   5.0000000e+00	   8.7794720e+00	  -1.8000000e+02	
   1.4000000e-01	   5.0000000e+00	   1.0871324e+01	  -1.8000000e+02	
   1.5000000e-01	   5.0000000e+00	   1.0783349e+01	  -1.8000000e+02	
   1.6000000e-01	   5.0000000e+00	   1.2044325e+01	  -1.8000000e+02	
   1.7000000e-01	   5.0000000e+00	   1.3627877e+01	  -1.8000000e+02	
   1.8000000e-01	   5.0000000e+00	   1.3784277e+01	  -1.8000000e+02	
   1.9000000e-01	   5.0000000e+00	   1.4771553e+01	  -1.8000000e+02	
   2.0000000e-01	   5.0000000e+00	   1.5983654e+01	  -1.8000000e+02	
   2.1000000e-01	   5.0000000e+00	   1.5534003e+01	  -1.8000000e+02	
   2.2000000e-01	   5.0000000e+00	   1.8828181e+01	  -1.8000000e+02	
   2.3000000e-01	   5.0000000e+00	   1.8310106e+01	  -1.8000000e+02	
   2.4000000e-01	   5.0000000e+00	   1.8192806e+01	  -1.8000000e+02	
   2.5000000e-01	   5.0000000e+00	   1.8055956e+01	  -1.7679199e+02	
   2.6000000e-01	   5.0000000e+00	   1.9805682e+01	  -1.7562744e+02	
   2.7000000e-01	   5.0000000e+00	   1.9385357e+01	  -1.7883545e+02	
   2.8000000e-01	   5.0000000e+00	   2.1760684e+01	  -1.7217773e+02	
   2.9000000e-01	   5.0000000e+00	   2.1526084e+01	  -1.7283691e+02	
   3.0000000e-01	   5.0000000e+00	   2.4165336e+01	  -1.6872803e+02	
   3.1000000e-01	   5.0000000e+00	   2.4136011e+01	  -1.7134277e+02	
   3.2000000e-01	   5.0000000e+00	   2.2816385e+01	  -1.6708008e+02	
   3.3000000e-01	   5.0000000e+00	   2.2298310e+01	  -1.6721191e+02	
   3.4000000e-01	   5.0000000e+00	   2.3911186e+01	  -1.6389404e+02	
   3.5000000e-01	   5.0000000e+00	   2.4096911e+01	  -1.6387207e+02	
   3.6000000e-01	   5.0000000e+00	   2.4077361e+01	  -1.6334473e+02	
   3.7000000e-01	   5.0000000e+00	   2.4644312e+01	  -1.5982910e+02	
   3.8000000e-01	   5.0000000e+00	   2.6657964e+01	  -1.5855469e+02	
   3.9000000e-01	   5.0000000e+00	   2.7449739e+01	  -1.5956543e+02	
   4.0000000e-01	   5.0000000e+00	   2.7166264e+01	  -1.5211670e+02	
   4.1000000e-01	   5.0000000e+00	   2.9512266e+01	  -1.5262207e+02	
   4.2000000e-01	   5.0000000e+00	   2.9668666e+01	  -1.5049072e+02	
   4.3000000e-01	   5.0000000e+00	   3.0020567e+01	  -1.4750244e+02	
   4.4000000e-01	   5.0000000e+00	   2.9170141e+01	  -1.4519531e+02	
   4.5000000e-01	   5.0000000e+00	   3.0372467e+01	  -1.4312988e+02	
   4.6000000e-01	   5.0000000e+00	   3.2777119e+01	  -1.4291016e+02	
   4.7000000e-01	   5.0000000e+00	   3.2288369e+01	  -1.3926270e+02	
   4.8000000e-01	   5.0000000e+00	   2.9522041e+01	  -1.3950439e+02	
   4.9000000e-01	   5.0000000e+00	   3.3353845e+01	  -1.3891113e+02	
   5.0000000e-01	   5.0000000e+00	   3.2562069e+01	  -1.3429688e+02	
   5.1000000e-01	   5.0000000e+00	   3.3539570e+01	  -1.3333008e+02	
   5.2000000e-01	   5.0000000e+00	   3.3549345e+01	  -1.3003418e+02	
   5.3000000e-01	   5.0000000e+00	   3.3520020e+01	  -1.2788086e+02	
   5.4000000e-01	   5.0000000e+00	   3.2865094e+01	  -1.2590332e+02	
   5.5000000e-01	   5.0000000e+00	   3.4135845e+01	  -1.2555176e+02	
   5.6000000e-01	   5.0000000e+00	   3.3832820e+01	  -1.2236572e+02	
   5.7000000e-01	   5.0000000e+00	   3.4966721e+01	  -1.2335449e+02	
   5.8000000e-01	   5.0000000e+00	   3.6022422e+01	  -1.1915771e+02	
   5.9000000e-01	   5.0000000e+00	   3.6257022e+01	  -1.1309326e+02	
   6.0000000e-01	   5.0000000e+00	   3.6227697e+01	  -1.1353271e+02	
   6.1000000e-01	   5.0000000e+00	   3.6305897e+01	  -1.1102783e+02	
   6.2000000e-01	   5.0000000e+00	   3.6520948e+01	  -1.0819336e+02	
   6.3000000e-01	   5.0000000e+00	   3.7791699e+01	  -1.0691895e+02	
   6.4000000e-01	   5.0000000e+00	   3.7703724e+01	  -1.0393066e+02	
   6.5000000e-01	   5.0000000e+00	   3.7654849e+01	  -9.9865723e+01	
   6.6000000e-01	   5.0000000e+00	   3.7996974e+01	  -9.8547363e+01	
   6.7000000e-01	   5.0000000e+00	   3.8055624e+01	  -9.6042480e+01	
   6.8000000e-01	   5.0000000e+00	   3.8036074e+01	  -9.3383789e+01	
   6.9000000e-01	   5.0000000e+00	   4.0069276e+01	  -9.3273926e+01	
   7.0000000e-01	   5.0000000e+00	   3.8935375e+01	  -8.9143066e+01	
   7.1000000e-01	   5.0000000e+00	   3.9130875e+01	  -8.7319336e+01	
   7.2000000e-01	   5.0000000e+00	   3.9355700e+01	  -8.5363770e+01	
   7.3000000e-01	   5.0000000e+00	   4.0655776e+01	  -8.2858887e+01	
   7.4000000e-01	   5.0000000e+00	   3.8866950e+01	  -8.0397949e+01	
   7.5000000e-01	   5.0000000e+00	   4.1046777e+01	  -7.7629395e+01	
   7.6000000e-01	   5.0000000e+00	   4.1095652e+01	  -7.4750977e+01	
   7.7000000e-01	   5.0000000e+00	   4.2356628e+01	  -7.3432617e+01	
   7.8000000e-01	   5.0000000e+00	   4.1476877e+01	  -6.9807129e+01	
   7.9000000e-01	   5.0000000e+00	   3.9580525e+01	  -6.8356934e+01	
   8.0000000e-01	   5.0000000e+00	   4.2767178e+01	  -6.6071777e+01	
   8.1000000e-01	   5.0000000e+00	   4.3558954e+01	  -6.3303223e+01	
   8.2000000e-01	   5.0000000e+00	   4.2786728e+01	  -6.0314941e+01	
   8.3000000e-01	   5.0000000e+00	   4.2239328e+01	  -5.8051758e+01	
   8.4000000e-01	   5.0000000e+00	   4.3050654e+01	  -5.5722656e+01	
   8.5000000e-01	   5.0000000e+00	   4.3529629e+01	  -5.1767578e+01	
   8.6000000e-01	   5.0000000e+00	   4.2591228e+01	  -4.9921875e+01	
   8.7000000e-01	   5.0000000e+00	   4.1701702e+01	  -4.7373047e+01	
   8.8000000e-01	   5.0000000e+00	   4.3353679e+01	  -4.3945313e+01	
   8.9000000e-01	   5.0000000e+00	   4.3089754e+01	  -4.2231445e+01	
   9.0000000e-01	   5.0000000e+00	   4.3031104e+01	  -4.0144043e+01	
   9.1000000e-01	   5.0000000e+00	   4.3187504e+01	  -3.8056641e+01	
   9.2000000e-01	   5.0000000e+00	   4.2923579e+01	  -3.3134766e+01	
   9.3000000e-01	   5.0000000e+00	   4.4018380e+01	  -3.1948242e+01	
   9.4000000e-01	   5.0000000e+00	   4.4252980e+01	  -2.8806152e+01	
   9.5000000e-01	   5.0000000e+00	   4.2992004e+01	  -2.5378418e+01	
   9.6000000e-01	   5.0000000e+00	   4.2708528e+01	  -2.5839844e+01	
   9.7000000e-01	   5.0000000e+00	   4.5269581e+01	  -2.2961426e+01	
   9.8000000e-01	   5.0000000e+00	   4.3529629e+01	  -2.0346680e+01	
   9.9000000e-01	   5.0000000e+00	   4.6012481e+01	  -1.3381348e+01	
   1.0000000e+00	   5.0000000e+00	   4.4604880e+01	  -9.9316406e+00	
   1.0100000e+00	   5.0000000e+00	   4.5171831e+01	  -1.0283203e+01	
   1.0200000e+00	   5.0000000e+00	   4.6579432e+01	  -7.4047852e+00	
   1.0300000e+00	   5.0000000e+00	   4.6237307e+01	  -6.3500977e+00	
   1.0400000e+00	   5.0000000e+00	   4.4702630e+01	  -2.3950195e+00	
   1.0500000e+00	   5.0000000e+00	   4.5650806e+01	   2.4169922e-01	
   1.0600000e+00	   5.0000000e+00	   4.5122956e+01	   6.7895508e+00	
   1.0700000e+00	   5.0000000e+00	   4.4477805e+01	   6.2622070e+00	
   1.0800000e+00	   5.0000000e+00	   4.5914731e+01	   9.8437500e+00	
   1.0900000e+00	   5.0000000e+00	   4.3891304e+01	   1.4260254e+01	
   1.1000000e+00	   5.0000000e+00	   4.6999757e+01	   1.4172363e+01	
   1.1100000e+00	   5.0000000e+00	   4.7400533e+01	   1.6479492e+01	
   1.1200000e+00	   5.0000000e+00	   4.4213880e+01	   2.1687012e+01	
   1.1300000e+00	   5.0000000e+00	   4.5025205e+01	   2.5048828e+01	
   1.1400000e+00	   5.0000000e+00	   4.6589207e+01	   2.6059570e+01	
   1.1500000e+00	   5.0000000e+00	   4.4233430e+01	   3.0212402e+01	
   1.1600000e+00	   5.0000000e+00	   4.6149331e+01	   3.0871582e+01	
   1.1700000e+00	   5.0000000e+00	   4.6706507e+01	   3.6760254e+01	
   1.1800000e+00	   5.0000000e+00	   4.5660581e+01	   3.8649902e+01	
   1.1900000e+00	   5.0000000e+00	   4.5699681e+01	   3.9836426e+01	
   1.2000000e+00	   5.0000000e+00	   4.5631256e+01	   4.4340820e+01	
   1.2100000e+00	   5.0000000e+00	   4.5709456e+01	   4.6933594e+01	
   1.2200000e+00	   5.0000000e+00	   4.4722180e+01	   4.9240723e+01	
   1.2300000e+00	   5.0000000e+00	   4.6266632e+01	   5.1284180e+01	
   1.2400000e+00	   5.0000000e+00	   4.5807206e+01	   5.5305176e+01	
   1.2500000e+00	   5.0000000e+00	   4.5631256e+01	   5.6271973e+01	
   1.2600000e+00	   5.0000000e+00	   4.6491457e+01	   6.1259766e+01	
   1.2700000e+00	   5.0000000e+00	   4.7488508e+01	   6.4643555e+01	
   1.2800000e+00	   5.0000000e+00	   4.6814032e+01	   6.8444824e+01	
   1.2900000e+00	   5.0000000e+00	   4.5699681e+01	   7.1411133e+01	
   1.3000000e+00	   5.0000000e+00	   4.6970432e+01	   7.3894043e+01	
   1.3100000e+00	   5.0000000e+00	   4.6569657e+01	   7.7145996e+01	
   1.3200000e+00	   5.0000000e+00	   4.6921557e+01	   8.2441406e+01	
   1.3300000e+00	   5.0000000e+00	   4.6159106e+01	   8.3869629e+01	
   1.3400000e+00	   5.0000000e+00	   4.5846306e+01	   8.5605469e+01	
   1.3500000e+00	   5.0000000e+00	   4.6374157e+01	   8.8286133e+01	
   1.3600000e+00	   5.0000000e+00	   4.7244132e+01	   9.2153320e+01	
   1.3700000e+00	   5.0000000e+00	   4.7234357e+01	   9.3076172e+01	
   1.3800000e+00	   5.0000000e+00	   4.7879508e+01	   1.0177734e+02	
   1.3900000e+00	   5.0000000e+00	   4.6989982e+01	   1.0120605e+02	
   1.4000000e+00	   5.0000000e+00	   4.6960657e+01	   1.0527100e+02	
   1.4100000e+00	   5.0000000e+00	   4.7146382e+01	   1.0667725e+02	
   1.4200000e+00	   5.0000000e+00	   4.6853132e+01	   1.1135742e+02	
   1.4300000e+00	   5.0000000e+00	   4.8270508e+01	   1.1287354e+02	
   1.4400000e+00	   5.0000000e+00	   4.7547158e+01	   1.1320313e+02	
   1.4500000e+00	   5.0000000e+00	   4.6589207e+01	   1.2388184e+02	
   1.4600000e+00	   5.0000000e+00	   4.7996808e+01	   1.2095947e+02	
   1.4700000e+00	   5.0000000e+00	   4.6579432e+01	   1.2394775e+02	
   1.4800000e+00	   5.0000000e+00	   4.7126832e+01	   1.2919922e+02	
   1.4900000e+00	   5.0000000e+00	   4.8475784e+01	   1.3177002e+02	
   1.5000000e+00	   5.0000000e+00	   4.8729934e+01	   1.3286865e+02	
   1.5100000e+00	   5.0000000e+00	   4.7508058e+01	   1.3671387e+02	
   1.5200000e+00	   5.0000000e+00	   4.8280283e+01	   1.4229492e+02	
   1.5300000e+00	   5.0000000e+00	   4.8319383e+01	   1.4563477e+02	
   1.5400000e+00	   5.0000000e+00	   4.8749484e+01	   1.4701904e+02	
   1.5500000e+00	   5.0000000e+00	   4.7117057e+01	   1.5134766e+02	
   1.5600000e+00	   5.0000000e+00	   4.8651734e+01	   1.5319336e+02	
   1.5700000e+00	   5.0000000e+00	   4.8280283e+01	   1.5492920e+02	
   1.5800000e+00	   5.0000000e+00	   4.8358484e+01	   1.6171875e+02	
   1.5900000e+00	   5.0000000e+00	   4.8192308e+01	   1.6734375e+02	
   1.6000000e+00	   5.0000000e+00	   4.9160034e+01	   1.6756348e+02	
   1.6100000e+00	   5.0000000e+00	   4.8250958e+01	   1.7151855e+02	
   1.6200000e+00	   5.0000000e+00	   4.8651734e+01	   1.7125488e+02	
   1.6300000e+00	   5.0000000e+00	   4.8378034e+01	   1.7382568e+02	
   1.6400000e+00	   5.0000000e+00	   4.7703558e+01	   1.7622070e+02	
   1.6500000e+00	   5.0000000e+00	   4.9228459e+01	   1.7652832e+02	
   1.6600000e+00	   5.0000000e+00	   4.8221633e+01	  -1.2150879e+01	
   1.6700000e+00	   5.0000000e+00	   4.8524659e+01	  -1.3952637e+01	
   1.6800000e+00	   5.0000000e+00	   4.8984084e+01	  -1.8000000e+02	
   1.6900000e+00	   5.0000000e+00	   4.8534434e+01	  -1.8000000e+02	
   1.7000000e+00	   5.0000000e+00	   4.7791533e+01	  -1.8000000e+02	
   1.7100000e+00	   5.0000000e+00	   4.8690834e+01	  -1.7819824e+02	
   1.7200000e+00	   5.0000000e+00	   4.7312558e+01	  -1.7586914e+02	
   1.7300000e+00	   5.0000000e+00	   4.8778809e+01	  -1.7261719e+02	
   1.7400000e+00	   5.0000000e+00	   4.9932260e+01	  -1.6907959e+02	
   1.7500000e+00	   5.0000000e+00	   4.8876559e+01	  -1.6622314e+02	
   1.7600000e+00	   5.0000000e+00	   4.8172758e+01	  -1.6185059e+02	
   1.7700000e+00	   5.0000000e+00	   4.8778809e+01	  -1.5998291e+02	
   1.7800000e+00	   5.0000000e+00	   4.8104333e+01	  -1.5655518e+02	
   1.7900000e+00	   5.0000000e+00	   4.7938158e+01	  -1.5312744e+02	
   1.8000000e+00	   5.0000000e+00	   4.9883385e+01	  -1.4901855e+02	
   1.8100000e+00	   5.0000000e+00	   4.8162983e+01	  -1.4543701e+02	
   1.8200000e+00	   5.0000000e+00	   4.9590135e+01	  -1.4227295e+02	
   1.8300000e+00	   5.0000000e+00	   4.8876559e+01	  -1.4205322e+02	
   1.8400000e+00	   5.0000000e+00	   4.9668335e+01	  -1.3833984e+02	
   1.8500000e+00	   5.0000000e+00	   5.0645836e+01	  -1.3557129e+02	
   1.8600000e+00	   5.0000000e+00	   5.0069110e+01	  -1.3148438e+02	
   1.8700000e+00	   5.0000000e+00	   4.8729934e+01	  -1.2952881e+02	
   1.8800000e+00	   5.0000000e+00	   4.6726057e+01	  -1.2741943e+02	
   1.8900000e+00	   5.0000000e+00	   4.8260733e+01	  -1.2216797e+02	
   1.9000000e+00	   5.0000000e+00	   4.7185482e+01	  -1.2023438e+02	
   1.9100000e+00	   5.0000000e+00	   4.7693783e+01	  -1.1645508e+02	
   1.9200000e+00	   5.0000000e+00	   4.7293008e+01	  -1.1353271e+02	
   1.9300000e+00	   5.0000000e+00	   4.7097507e+01	  -1.1052246e+02	
   1.9400000e+00	   5.0000000e+00	   4.7263683e+01	  -1.0674316e+02	
   1.9500000e+00	   5.0000000e+00	   4.9072059e+01	  -1.0443604e+02	
   1.9600000e+00	   5.0000000e+00	   4.7820858e+01	  -1.0019531e+02	
   1.9700000e+00	   5.0000000e+00	   4.9658560e+01	  -9.8833008e+01	
   1.9800000e+00	   5.0000000e+00	   4.7654683e+01	  -9.5361328e+01	
   1.9900000e+00	   5.0000000e+00	   4.9433735e+01	  -9.2768555e+01	
   2.0000000e+00	   5.0000000e+00	   4.8495334e+01	  -8.9978027e+01	
