   0.0000000e+00	  -4.7746149e-01	  -1.4461980e-13	  -3.2805176e+01	  -1.0273808e-01	
   1.0000000e-02	  -1.1910371e+00	  -1.8040145e-12	  -3.4035645e+01	  -3.1142426e-01	
   2.0000000e-02	  -1.8459627e+00	  -1.1358038e-11	  -3.3244629e+01	  -5.2017960e-01	
   3.0000000e-02	  -5.5566156e-01	  -4.8111821e-11	  -3.5463867e+01	  -7.3210025e-01	
   4.0000000e-02	  -1.8948378e+00	  -1.5536907e-10	  -3.5859375e+01	  -9.5088230e-01	
   5.0000000e-02	  -3.1362639e+00	  -4.1298248e-10	  -3.4606934e+01	  -1.1656103e+00	
   6.0000000e-02	  -4.7198154e+00	  -9.5335980e-10	  -3.5837402e+01	  -1.3789245e+00	
   7.0000000e-02	  -5.1987908e+00	  -1.9857408e-09	  -3.4980469e+01	  -1.5920724e+00	
   8.0000000e-02	  -5.9807916e+00	  -3.8311261e-09	  -3.5793457e+01	  -1.8037477e+00	
   9.0000000e-02	  -5.5115911e+00	  -6.9660544e-09	  -3.5551758e+01	  -2.0158863e+00	
   1.0000000e-01	  -8.3658938e+00	  -1.2072215e-08	  -3.3508301e+01	  -2.2195395e+00	
   1.1000000e-01	  -8.9817193e+00	  -2.0091678e-08	  -3.8759766e+01	  -2.4319639e+00	
   1.2000000e-01	  -8.3561187e+00	  -3.2290262e-08	  -3.6145020e+01	  -2.6513154e+00	
   1.3000000e-01	  -9.6757450e+00	  -5.0329036e-08	  -3.9199219e+01	  -2.8706692e+00	
   1.4000000e-01	  -1.0848746e+01	  -7.6340820e-08	  -3.8671875e+01	  -3.0965626e+00	
   1.5000000e-01	  -1.1689397e+01	  -1.1301096e-07	  -3.8122559e+01	  -3.3176692e+00	
   1.6000000e-01	  -1.1855572e+01	  -1.6366450e-07	  -3.9836426e+01	  -3.5410381e+00	
   1.7000000e-01	  -1.2705998e+01	  -2.3235982e-07	  -4.2341309e+01	  -3.7762200e+00	
   1.8000000e-01	  -1.4221124e+01	  -3.2398733e-07	  -4.3923340e+01	  -4.0227280e+00	
   1.9000000e-01	  -1.4240674e+01	  -4.4437284e-07	  -4.2736816e+01	  -4.2689307e+00	
   2.0000000e-01	  -1.5873101e+01	  -6.0038701e-07	  -4.4802246e+01	  -4.5163439e+00	
   2.1000000e-01	  -1.5452775e+01	  -8.0006060e-07	  -4.4230957e+01	  -4.7668866e+00	
   2.2000000e-01	  -1.6870152e+01	  -1.0527045e-06	  -4.6472168e+01	  -5.0210899e+00	
   2.3000000e-01	  -1.6469376e+01	  -1.3690335e-06	  -4.7109375e+01	  -5.2827155e+00	
   2.4000000e-01	  -1.7544627e+01	  -1.7612918e-06	  -4.8295898e+01	  -5.5484139e+00	
   2.5000000e-01	  -1.9040204e+01	  -2.2433818e-06	  -4.8999023e+01	  -5.8183660e+00	
   2.6000000e-01	  -1.8991329e+01	  -2.8309951e-06	  -4.9020996e+01	  -6.0888981e+00	
   2.7000000e-01	  -2.0809480e+01	  -3.5417494e-06	  -5.2426758e+01	  -6.3684705e+00	
   2.8000000e-01	  -2.1366656e+01	  -4.3953303e-06	  -5.1086426e+01	  -6.6527603e+00	
   2.9000000e-01	  -1.9792879e+01	  -5.4136392e-06	  -5.3415527e+01	  -6.9383661e+00	
   3.0000000e-01	  -2.2217082e+01	  -6.6209423e-06	  -5.5612793e+01	  -7.2363584e+00	
   3.1000000e-01	  -2.3194582e+01	  -8.0440210e-06	  -5.8271484e+01	  -7.5476920e+00	
   3.2000000e-01	  -2.3693108e+01	  -9.7123233e-06	  -5.7238770e+01	  -7.8621677e+00	
   3.3000000e-01	  -2.3741983e+01	  -1.1658121e-05	  -5.8579102e+01	  -8.1756370e+00	
   3.4000000e-01	  -2.4504434e+01	  -1.3916671e-05	  -6.1303711e+01	  -8.4998734e+00	
   3.5000000e-01	  -2.5345084e+01	  -1.6526379e-05	  -6.1875000e+01	  -8.8324009e+00	
   3.6000000e-01	  -2.5120259e+01	  -1.9528959e-05	  -6.5170898e+01	  -9.1749567e+00	
   3.7000000e-01	  -2.6625611e+01	  -2.2969604e-05	  -6.6730957e+01	  -9.5305746e+00	
   3.8000000e-01	  -2.6654936e+01	  -2.6897147e-05	  -6.6401367e+01	  -9.8878186e+00	
   3.9000000e-01	  -2.7583561e+01	  -3.1364228e-05	  -6.8554688e+01	  -1.0248537e+01	
   4.0000000e-01	  -2.7573786e+01	  -3.6427469e-05	  -7.0664063e+01	  -1.0620345e+01	
   4.1000000e-01	  -2.8267812e+01	  -4.2147637e-05	  -7.2641602e+01	  -1.1002624e+01	
   4.2000000e-01	  -2.7397836e+01	  -4.8589818e-05	  -7.4333496e+01	  -1.1394000e+01	
   4.3000000e-01	  -2.8903188e+01	  -5.5823583e-05	  -7.4772949e+01	  -1.1789599e+01	
   4.4000000e-01	  -2.9264863e+01	  -6.3923157e-05	  -7.7563477e+01	  -1.2192837e+01	
   4.5000000e-01	  -3.0731114e+01	  -7.2967581e-05	  -7.9760742e+01	  -1.2609169e+01	
   4.6000000e-01	  -3.0564939e+01	  -8.3040879e-05	  -8.0727539e+01	  -1.3032802e+01	
   4.7000000e-01	  -3.1073240e+01	  -9.4232235e-05	  -8.2924805e+01	  -1.3463691e+01	
   4.8000000e-01	  -3.1493565e+01	  -1.0663616e-04	  -8.5144043e+01	  -1.3905713e+01	
   4.9000000e-01	  -3.2187591e+01	  -1.2035265e-04	  -8.6967773e+01	  -1.4357628e+01	
   5.0000000e-01	  -3.2431966e+01	  -1.3548740e-04	  -8.7978516e+01	  -1.4815589e+01	
   5.1000000e-01	  -3.2979366e+01	  -1.5215192e-04	  -9.1098633e+01	  -1.5283619e+01	
   5.2000000e-01	  -3.2510166e+01	  -1.7046373e-04	  -9.1713867e+01	  -1.5760415e+01	
   5.3000000e-01	  -3.3888442e+01	  -1.9054656e-04	  -9.5229492e+01	  -1.6247162e+01	
   5.4000000e-01	  -3.3106442e+01	  -2.1253045e-04	  -9.5932617e+01	  -1.6744072e+01	
   5.5000000e-01	  -3.3956867e+01	  -2.3655196e-04	  -9.8503418e+01	  -1.7248123e+01	
   5.6000000e-01	  -3.3272617e+01	  -2.6275435e-04	  -1.0010742e+02	  -1.7762091e+01	
   5.7000000e-01	  -3.4445618e+01	  -2.9128767e-04	  -1.0157959e+02	  -1.8282474e+01	
   5.8000000e-01	  -3.5256944e+01	  -3.2230898e-04	  -1.0516113e+02	  -1.8815424e+01	
   5.9000000e-01	  -3.5256944e+01	  -3.5598248e-04	  -1.0795166e+02	  -1.9364992e+01	
   6.0000000e-01	  -3.5999844e+01	  -3.9247967e-04	  -1.1006104e+02	  -1.9926463e+01	
   6.1000000e-01	  -3.5432894e+01	  -4.3197949e-04	  -1.1078613e+02	  -2.0493295e+01	
   6.2000000e-01	  -3.6644995e+01	  -4.7466850e-04	  -1.1397217e+02	  -2.1068824e+01	
   6.3000000e-01	  -3.7084870e+01	  -5.2074101e-04	  -1.1808105e+02	  -2.1663595e+01	
   6.4000000e-01	  -3.6967570e+01	  -5.7039923e-04	  -1.1920166e+02	  -2.2271018e+01	
   6.5000000e-01	  -3.7456321e+01	  -6.2385346e-04	  -1.2199219e+02	  -2.2886885e+01	
   6.6000000e-01	  -3.7964621e+01	  -6.8132216e-04	  -1.2298096e+02	  -2.3510731e+01	
   6.7000000e-01	  -3.7466096e+01	  -7.4303219e-04	  -1.2669434e+02	  -2.4145395e+01	
   6.8000000e-01	  -3.8414271e+01	  -8.0921887e-04	  -1.2968262e+02	  -2.4797072e+01	
   6.9000000e-01	  -3.9372222e+01	  -8.8012619e-04	  -1.3212158e+02	  -2.5461663e+01	
   7.0000000e-01	  -3.9137622e+01	  -9.5600689e-04	  -1.3434082e+02	  -2.6136681e+01	
   7.1000000e-01	  -3.8834597e+01	  -1.0371226e-03	  -1.3471436e+02	  -2.6815590e+01	
   7.2000000e-01	  -3.9157172e+01	  -1.1237442e-03	  -1.3728516e+02	  -2.7499469e+01	
   7.3000000e-01	  -3.9538397e+01	  -1.2161514e-03	  -1.4069092e+02	  -2.8197780e+01	
   7.4000000e-01	  -3.9030097e+01	  -1.3146336e-03	  -1.4080078e+02	  -2.8902728e+01	
   7.5000000e-01	  -3.9518847e+01	  -1.4194894e-03	  -1.4589844e+02	  -2.9619570e+01	
   7.6000000e-01	  -4.0251973e+01	  -1.5310271e-03	  -1.4666748e+02	  -3.0350294e+01	
   7.7000000e-01	  -4.0789599e+01	  -1.6495646e-03	  -1.5169922e+02	  -3.1094608e+01	
   7.8000000e-01	  -4.0916674e+01	  -1.7754296e-03	  -1.5448975e+02	  -3.1858758e+01	
   7.9000000e-01	  -4.1092624e+01	  -1.9089599e-03	  -1.5989502e+02	  -3.2643789e+01	
   8.0000000e-01	  -4.0682074e+01	  -2.0505030e-03	  -1.5760986e+02	  -3.3433674e+01	
   8.1000000e-01	  -4.2206975e+01	  -2.2004169e-03	  -1.6079590e+02	  -3.4221433e+01	
   8.2000000e-01	  -4.2099450e+01	  -2.3590695e-03	  -1.6176270e+02	  -3.5017264e+01	
   8.3000000e-01	  -4.1757325e+01	  -2.5268395e-03	  -1.6982666e+02	  -3.5836392e+01	
   8.4000000e-01	  -4.1376099e+01	  -2.7041157e-03	  -1.6864014e+02	  -3.6671928e+01	
   8.5000000e-01	  -4.2373150e+01	  -2.8912976e-03	  -1.7094727e+02	  -3.7505740e+01	
   8.6000000e-01	  -4.2529550e+01	  -3.0887954e-03	  -1.7283691e+02	  -3.8347472e+01	
   8.7000000e-01	  -4.2040800e+01	  -3.2970301e-03	  -1.7679199e+02	  -3.9202237e+01	
   8.8000000e-01	  -4.2627300e+01	  -3.5164335e-03	  -1.8000000e+02	  -4.0074081e+01	
   8.9000000e-01	  -4.2177650e+01	  -3.7474484e-03	  -1.8000000e+02	  -4.0950511e+01	
   9.0000000e-01	  -4.2470900e+01	  -3.9905284e-03	  -1.8000000e+02	  -4.1821452e+01	
   9.1000000e-01	  -4.3145376e+01	  -4.2461387e-03	  -1.8000000e+02	  -4.2686937e+01	
   9.2000000e-01	  -4.3819851e+01	  -4.5147551e-03	  -1.0129395e+01	  -4.3015006e+01	
   9.3000000e-01	  -4.3096501e+01	  -4.7968652e-03	  -1.1931152e+01	  -4.2814669e+01	
   9.4000000e-01	  -4.3409301e+01	  -5.0929675e-03	   1.7703369e+02	  -4.2029436e+01	
   9.5000000e-01	  -4.4201077e+01	  -5.4035721e-03	   1.7147461e+02	  -4.0674738e+01	
   9.6000000e-01	  -4.4269502e+01	  -5.7292007e-03	   1.7604492e+02	  -3.9331621e+01	
   9.7000000e-01	  -4.4083777e+01	  -6.0703864e-03	   1.7668213e+02	  -3.7980608e+01	
   9.8000000e-01	  -4.4337927e+01	  -6.4276737e-03	   1.6976074e+02	  -3.6657738e+01	
   9.9000000e-01	  -4.4582302e+01	  -6.8016193e-03	   1.7182617e+02	  -3.5358362e+01	
   1.0000000e+00	  -4.3966477e+01	  -7.1927911e-03	   1.6679443e+02	  -3.4076414e+01	
   1.0100000e+00	  -4.4875552e+01	  -7.6017690e-03	   1.6275146e+02	  -3.2830915e+01	
   1.0200000e+00	  -4.4259727e+01	  -8.0291448e-03	   1.5903809e+02	  -3.1617509e+01	
   1.0300000e+00	  -4.5237228e+01	  -8.4755221e-03	   1.5593994e+02	  -3.0433035e+01	
   1.0400000e+00	  -4.5452278e+01	  -8.9415162e-03	   1.5260010e+02	  -2.9276142e+01	
   1.0500000e+00	  -4.5530478e+01	  -9.4277548e-03	   1.4980957e+02	  -2.8145694e+01	
   1.0600000e+00	  -4.5364303e+01	  -9.9348773e-03	   1.4638184e+02	  -2.7041801e+01	
   1.0700000e+00	  -4.5892153e+01	  -1.0463535e-02	   1.4609619e+02	  -2.5956452e+01	
   1.0800000e+00	  -4.5364303e+01	  -1.1014392e-02	   1.3928467e+02	  -2.4900127e+01	
   1.0900000e+00	  -4.6009453e+01	  -1.1588124e-02	   1.3899902e+02	  -2.3872646e+01	
   1.1000000e+00	  -4.5432728e+01	  -1.2185418e-02	   1.3341797e+02	  -2.2869973e+01	
   1.1100000e+00	  -4.5774853e+01	  -1.2806974e-02	   1.3084717e+02	  -2.1899110e+01	
   1.1200000e+00	  -4.6380904e+01	  -1.3453505e-02	   1.2774902e+02	  -2.0952082e+01	
   1.1300000e+00	  -4.6136529e+01	  -1.4125735e-02	   1.2761719e+02	  -2.0021101e+01	
   1.1400000e+00	  -4.6420004e+01	  -1.4824401e-02	   1.2392578e+02	  -1.9107925e+01	
   1.1500000e+00	  -4.6234279e+01	  -1.5550251e-02	   1.1975098e+02	  -1.8225104e+01	
   1.1600000e+00	  -4.6302704e+01	  -1.6304047e-02	   1.1685059e+02	  -1.7369970e+01	
   1.1700000e+00	  -4.6752354e+01	  -1.7086561e-02	   1.1344482e+02	  -1.6539942e+01	
   1.1800000e+00	  -4.6556854e+01	  -1.7898580e-02	   1.1643311e+02	  -1.5716420e+01	
   1.1900000e+00	  -4.6449329e+01	  -1.8740901e-02	   1.1001709e+02	  -1.4908791e+01	
   1.2000000e+00	  -4.6947854e+01	  -1.9614334e-02	   1.0496338e+02	  -1.4142142e+01	
   1.2100000e+00	  -4.7026054e+01	  -2.0519701e-02	   1.0307373e+02	  -1.3402039e+01	
   1.2200000e+00	  -4.6742579e+01	  -2.1457838e-02	   9.7514648e+01	  -1.2689899e+01	
   1.2300000e+00	  -4.6947854e+01	  -2.2429590e-02	   9.4218750e+01	  -1.2009952e+01	
   1.2400000e+00	  -4.7006504e+01	  -2.3435818e-02	   9.2570801e+01	  -1.1349746e+01	
   1.2500000e+00	  -4.7055379e+01	  -2.4477391e-02	   8.9780273e+01	  -1.0707576e+01	
   1.2600000e+00	  -4.7211780e+01	  -2.5555194e-02	   8.7253418e+01	  -1.0086081e+01	
   1.2700000e+00	  -4.7534355e+01	  -2.6670121e-02	   8.5056152e+01	  -9.4832739e+00	
   1.2800000e+00	  -4.7397505e+01	  -2.7823082e-02	   8.2155762e+01	  -8.9002069e+00	
   1.2900000e+00	  -4.7759180e+01	  -2.9014995e-02	   7.8134766e+01	  -8.3424681e+00	
   1.3000000e+00	  -4.7446380e+01	  -3.0246792e-02	   7.2949219e+01	  -7.8170554e+00	
   1.3100000e+00	  -4.7944905e+01	  -3.1519418e-02	   7.1301270e+01	  -7.3163345e+00	
   1.3200000e+00	  -4.7749405e+01	  -3.2833828e-02	   6.9147949e+01	  -6.8306546e+00	
   1.3300000e+00	  -4.8071980e+01	  -3.4190991e-02	   6.6467285e+01	  -6.3631556e+00	
   1.3400000e+00	  -4.8590056e+01	  -3.5591885e-02	   6.1984863e+01	  -5.9210180e+00	
   1.3500000e+00	  -4.7827605e+01	  -3.7037504e-02	   6.0380859e+01	  -5.5007109e+00	
   1.3600000e+00	  -4.9000606e+01	  -3.8528851e-02	   5.7370605e+01	  -5.0974872e+00	
   1.3700000e+00	  -4.8316356e+01	  -4.0066941e-02	   5.3767090e+01	  -4.7175019e+00	
   1.3800000e+00	  -4.8306581e+01	  -4.1652802e-02	   5.1152344e+01	  -4.3593708e+00	
   1.3900000e+00	  -4.8179505e+01	  -4.3287472e-02	   4.4714355e+01	  -4.0318339e+00	
   1.4000000e+00	  -4.8169730e+01	  -4.4972003e-02	   4.4670410e+01	  -3.7266483e+00	
   1.4100000e+00	  -4.8472756e+01	  -4.6707457e-02	   4.1330566e+01	  -3.4339716e+00	
   1.4200000e+00	  -4.8326131e+01	  -4.8494908e-02	   3.9550781e+01	  -3.1591615e+00	
   1.4300000e+00	  -4.7778730e+01	  -5.0335442e-02	   3.7924805e+01	  -2.8967387e+00	
   1.4400000e+00	  -4.8257706e+01	  -5.2230155e-02	   3.0541992e+01	  -2.6641731e+00	
   1.4500000e+00	  -4.7778730e+01	  -5.4180155e-02	   2.8981934e+01	  -2.4610710e+00	
   1.4600000e+00	  -4.8433656e+01	  -5.6186563e-02	   2.7509766e+01	  -2.2687374e+00	
   1.4700000e+00	  -4.8521631e+01	  -5.8250509e-02	   2.1071777e+01	  -2.1023811e+00	
   1.4800000e+00	  -4.8531406e+01	  -6.0373136e-02	   1.7600098e+01	  -1.9681016e+00	
   1.4900000e+00	  -4.8130630e+01	  -6.2555596e-02	   1.7050781e+01	  -1.8472560e+00	
   1.5000000e+00	  -4.8492306e+01	  -6.4799054e-02	   1.3535156e+01	  -1.7398977e+00	
   1.5100000e+00	  -4.8375006e+01	  -6.7104685e-02	   1.0832520e+01	  -1.6526860e+00	
   1.5200000e+00	  -4.8257706e+01	  -6.9473675e-02	   6.6357422e+00	  -1.5876278e+00	
   1.5300000e+00	  -4.8277256e+01	  -7.1907220e-02	   3.8232422e+00	  -1.5449286e+00	
   1.5400000e+00	  -4.8893081e+01	  -7.4406529e-02	   9.4482422e-01	  -1.5203194e+00	
   1.5500000e+00	  -4.8502081e+01	  -7.6972819e-02	  -1.5161133e+00	  -1.5125860e+00	
   1.5600000e+00	  -4.8462981e+01	  -7.9607318e-02	  -2.6367188e+00	  -1.5161176e+00	
   1.5700000e+00	  -4.8971281e+01	  -8.2311266e-02	  -4.7680664e+00	  -1.5298114e+00	
   1.5800000e+00	  -4.9029931e+01	  -8.5085912e-02	  -9.2944336e+00	  -1.5642698e+00	
   1.5900000e+00	  -4.8971281e+01	  -8.7932515e-02	  -1.1711426e+01	  -1.6202574e+00	
   1.6000000e+00	  -4.8697581e+01	  -9.0852346e-02	  -1.3798828e+01	  -1.6900009e+00	
   1.6100000e+00	  -4.9274306e+01	  -9.3846683e-02	  -1.7841797e+01	  -1.7785065e+00	
   1.6200000e+00	  -4.8384781e+01	  -9.6916816e-02	  -2.2829590e+01	  -1.8947400e+00	
   1.6300000e+00	  -4.9293856e+01	  -1.0006404e-01	  -2.3466797e+01	  -2.0278616e+00	
   1.6400000e+00	  -4.8257706e+01	  -1.0328968e-01	  -2.8410645e+01	  -2.1776280e+00	
   1.6500000e+00	  -4.8629156e+01	  -1.0659503e-01	  -2.8762207e+01	  -2.3430402e+00	
   1.6600000e+00	  -4.8355456e+01	  -1.0998144e-01	  -3.3090820e+01	  -2.5220736e+00	
   1.6700000e+00	  -4.9391607e+01	  -1.1345024e-01	  -3.6892090e+01	  -2.7254465e+00	
   1.6800000e+00	  -4.9684857e+01	  -1.1700277e-01	  -3.8693848e+01	  -2.9450929e+00	
   1.6900000e+00	  -4.8726906e+01	  -1.2064040e-01	  -4.2385254e+01	  -3.1805669e+00	
   1.7000000e+00	  -4.9254756e+01	  -1.2436448e-01	  -4.5461426e+01	  -3.4357604e+00	
   1.7100000e+00	  -4.8638931e+01	  -1.2817640e-01	  -4.8999023e+01	  -3.7100683e+00	
   1.7200000e+00	  -4.9596882e+01	  -1.3207752e-01	  -4.9965820e+01	  -3.9967647e+00	
   1.7300000e+00	  -4.8492306e+01	  -1.3606926e-01	  -5.3701172e+01	  -4.2963915e+00	
   1.7400000e+00	  -4.9098356e+01	  -1.4015300e-01	  -5.6184082e+01	  -4.6136156e+00	
   1.7500000e+00	  -4.9332957e+01	  -1.4433015e-01	  -5.9633789e+01	  -4.9474323e+00	
   1.7600000e+00	  -4.8766006e+01	  -1.4860214e-01	  -5.9985352e+01	  -5.2910629e+00	
   1.7700000e+00	  -4.9635982e+01	  -1.5297038e-01	  -6.6203613e+01	  -5.6531163e+00	
   1.7800000e+00	  -4.9010381e+01	  -1.5743631e-01	  -6.7719727e+01	  -6.0371241e+00	
   1.7900000e+00	  -4.8590056e+01	  -1.6200137e-01	  -6.8994141e+01	  -6.4274660e+00	
   1.8000000e+00	  -4.8629156e+01	  -1.6666702e-01	  -7.4091797e+01	  -6.8353188e+00	
   1.8100000e+00	  -4.8893081e+01	  -1.7143470e-01	  -7.6794434e+01	  -7.2650457e+00	
   1.8200000e+00	  -4.8756231e+01	  -1.7630587e-01	  -7.9870605e+01	  -7.7101789e+00	
   1.8300000e+00	  -4.8404331e+01	  -1.8128203e-01	  -8.1870117e+01	  -8.1684198e+00	
   1.8400000e+00	  -4.9157006e+01	  -1.8636463e-01	  -8.5385742e+01	  -8.6410625e+00	
   1.8500000e+00	  -4.9098356e+01	  -1.9155517e-01	  -8.8439941e+01	  -9.1313201e+00	
   1.8600000e+00	  -4.8697581e+01	  -1.9685514e-01	  -9.0197754e+01	  -9.6335769e+00	
   1.8700000e+00	  -4.8580281e+01	  -2.0226604e-01	  -9.4680176e+01	  -1.0152231e+01	
   1.8800000e+00	  -4.8707356e+01	  -2.0778938e-01	  -9.5954590e+01	  -1.0685665e+01	
   1.8900000e+00	  -4.8971281e+01	  -2.1342667e-01	  -1.0017334e+02	  -1.1232962e+01	
   1.9000000e+00	  -4.8443431e+01	  -2.1917943e-01	  -1.0382080e+02	  -1.1801465e+01	
   1.9100000e+00	  -4.8511856e+01	  -2.2504918e-01	  -1.0808350e+02	  -1.2391181e+01	
   1.9200000e+00	  -4.8981056e+01	  -2.3103746e-01	  -1.0850098e+02	  -1.2991860e+01	
   1.9300000e+00	  -4.9117906e+01	  -2.3714581e-01	  -1.1184082e+02	  -1.3600543e+01	
   1.9400000e+00	  -4.9352507e+01	  -2.4337577e-01	  -1.1597168e+02	  -1.4228811e+01	
   1.9500000e+00	  -4.9763057e+01	  -2.4972889e-01	  -1.1733398e+02	  -1.4870347e+01	
   1.9600000e+00	  -4.8853981e+01	  -2.5620672e-01	  -1.2120117e+02	  -1.5524242e+01	
   1.9700000e+00	  -4.8707356e+01	  -2.6281083e-01	  -1.2552979e+02	  -1.6199708e+01	
   1.9800000e+00	  -4.8932181e+01	  -2.6954277e-01	  -1.2752930e+02	  -1.6890763e+01	
   1.9900000e+00	  -4.9137456e+01	  -2.7640413e-01	  -1.3025391e+02	  -1.7592283e+01	
   2.0000000e+00	  -4.8736681e+01	  -2.8339648e-01	  -1.3245117e+02	  -1.8304824e+01	
   2.0100000e+00	  -4.8824656e+01	  -2.9052140e-01	  -1.3686768e+02	  -1.9033614e+01	
   2.0200000e+00	  -4.8482531e+01	  -2.9778047e-01	  -1.3829590e+02	  -1.9776144e+01	
   2.0300000e+00	  -4.8775781e+01	  -3.0517528e-01	  -1.4284424e+02	  -2.0532740e+01	
   2.0400000e+00	  -4.8736681e+01	  -3.1270744e-01	  -1.4468994e+02	  -2.1304622e+01	
   2.0500000e+00	  -4.8590056e+01	  -3.2037853e-01	  -1.5136963e+02	  -2.2098368e+01	
   2.0600000e+00	  -4.8726906e+01	  -3.2819015e-01	  -1.5152344e+02	  -2.2908544e+01	
   2.0700000e+00	  -4.8766006e+01	  -3.3614392e-01	  -1.5378662e+02	  -2.3721215e+01	
   2.0800000e+00	  -4.9508907e+01	  -3.4424145e-01	  -1.5875244e+02	  -2.4551435e+01	
   2.0900000e+00	  -4.9157006e+01	  -3.5248435e-01	  -1.6083984e+02	  -2.5398544e+01	
   2.1000000e+00	  -4.8599831e+01	  -3.6087423e-01	  -1.6580566e+02	  -2.6262437e+01	
   2.1100000e+00	  -4.8394556e+01	  -3.6941271e-01	  -1.7017822e+02	  -2.7150163e+01	
   2.1200000e+00	  -4.8805106e+01	  -3.7810143e-01	  -1.7085938e+02	  -2.8048157e+01	
   2.1300000e+00	  -4.7925355e+01	  -3.8694200e-01	  -1.7439697e+02	  -2.8953738e+01	
   2.1400000e+00	  -4.8717131e+01	  -3.9593605e-01	  -1.7727539e+02	  -2.9873740e+01	
   2.1500000e+00	  -4.8707356e+01	  -4.0508522e-01	  -1.7973633e+02	  -3.0804702e+01	
   2.1600000e+00	  -4.8433656e+01	  -4.1439113e-01	  -1.7969238e+02	  -3.1737402e+01	
   2.1700000e+00	  -4.8619381e+01	  -4.2385544e-01	  -1.8000000e+02	  -3.2665085e+01	
   2.1800000e+00	  -4.8541181e+01	  -4.3347976e-01	  -1.8000000e+02	  -3.3587922e+01	
   2.1900000e+00	  -4.8707356e+01	  -4.4326575e-01	  -1.2919922e+01	  -3.3981723e+01	
   2.2000000e+00	  -4.8629156e+01	  -4.5321505e-01	   1.7578125e+02	  -3.3258834e+01	
   2.2100000e+00	  -4.8687806e+01	  -4.6332929e-01	   1.7534180e+02	  -3.1950882e+01	
   2.2200000e+00	  -4.9235206e+01	  -4.7361013e-01	   1.7567139e+02	  -3.0651466e+01	
   2.2300000e+00	  -4.9020156e+01	  -4.8405921e-01	   1.7778076e+02	  -2.9352551e+01	
   2.2400000e+00	  -4.8824656e+01	  -4.9467818e-01	   1.7562744e+02	  -2.8061909e+01	
   2.2500000e+00	  -4.8795331e+01	  -5.0546869e-01	   1.7312256e+02	  -2.6793940e+01	
   2.2600000e+00	  -4.8453206e+01	  -5.1643238e-01	   1.6628906e+02	  -2.5563158e+01	
   2.2700000e+00	  -4.8717131e+01	  -5.2757091e-01	   1.6174072e+02	  -2.4375730e+01	
   2.2800000e+00	  -4.8805106e+01	  -5.3888592e-01	   1.5908203e+02	  -2.3218311e+01	
   2.2900000e+00	  -4.9029931e+01	  -5.5037908e-01	   1.6081787e+02	  -2.2071031e+01	
   2.3000000e+00	  -4.9254756e+01	  -5.6205202e-01	   1.5194092e+02	  -2.0953302e+01	
   2.3100000e+00	  -4.9147231e+01	  -5.7390640e-01	   1.4906250e+02	  -1.9879389e+01	
   2.3200000e+00	  -4.9029931e+01	  -5.8594387e-01	   1.4642578e+02	  -1.8829474e+01	
   2.3300000e+00	  -4.9069031e+01	  -5.9816608e-01	   1.3840576e+02	  -1.7819510e+01	
   2.3400000e+00	  -4.9430707e+01	  -6.1057468e-01	   1.3636230e+02	  -1.6847388e+01	
   2.3500000e+00	  -4.9235206e+01	  -6.2317132e-01	   1.3662598e+02	  -1.5886929e+01	
   2.3600000e+00	  -4.9196106e+01	  -6.3595765e-01	   1.3357178e+02	  -1.4941225e+01	
   2.3700000e+00	  -4.9137456e+01	  -6.4893532e-01	   1.2952881e+02	  -1.4023671e+01	
   2.3800000e+00	  -4.8932181e+01	  -6.6210597e-01	   1.2744141e+02	  -1.3131063e+01	
   2.3900000e+00	  -4.9039706e+01	  -6.7547125e-01	   1.2396973e+02	  -1.2261456e+01	
   2.4000000e+00	  -4.9538232e+01	  -6.8903280e-01	   1.2194824e+02	  -1.1414499e+01	
   2.4100000e+00	  -4.9362282e+01	  -7.0279227e-01	   1.1691650e+02	  -1.0594936e+01	
   2.4200000e+00	  -4.8932181e+01	  -7.1675129e-01	   1.1443359e+02	  -9.8040405e+00	
   2.4300000e+00	  -4.8961506e+01	  -7.3091151e-01	   1.1063232e+02	  -9.0377792e+00	
   2.4400000e+00	  -4.9460032e+01	  -7.4527455e-01	   1.1074219e+02	  -8.2878780e+00	
   2.4500000e+00	  -4.9479582e+01	  -7.5984207e-01	   1.0395264e+02	  -7.5635931e+00	
   2.4600000e+00	  -5.0134507e+01	  -7.7461568e-01	   9.9184570e+01	  -6.8800405e+00	
   2.4700000e+00	  -4.8873531e+01	  -7.8959701e-01	   9.8217773e+01	  -6.2187296e+00	
   2.4800000e+00	  -4.8785556e+01	  -8.0478771e-01	   9.4218750e+01	  -5.5771125e+00	
   2.4900000e+00	  -4.9274306e+01	  -8.2018938e-01	   9.4855957e+01	  -4.9500427e+00	
   2.5000000e+00	  -4.8736681e+01	  -8.3580365e-01	   9.0263672e+01	  -4.3392870e+00	
   2.5100000e+00	  -4.9039706e+01	  -8.5163214e-01	   8.7583008e+01	  -3.7551339e+00	
   2.5200000e+00	  -4.9215656e+01	  -8.6767647e-01	   8.2968750e+01	  -3.1974856e+00	
   2.5300000e+00	  -4.9939007e+01	  -8.8393824e-01	   7.9277344e+01	  -2.6693415e+00	
   2.5400000e+00	  -4.9851032e+01	  -9.0041906e-01	   7.8288574e+01	  -2.1591627e+00	
   2.5500000e+00	  -5.0242032e+01	  -9.1712054e-01	   7.2246094e+01	  -1.6741996e+00	
   2.5600000e+00	  -4.9782607e+01	  -9.3404428e-01	   6.8378906e+01	  -1.2233089e+00	
   2.5700000e+00	  -4.9381832e+01	  -9.5119188e-01	   6.6379395e+01	  -7.9361545e-01	
   2.5800000e+00	  -4.9401382e+01	  -9.6856492e-01	   6.2402344e+01	  -3.8533058e-01	
   2.5900000e+00	  -5.0017207e+01	  -9.8616500e-01	   6.0798340e+01	   2.9184462e-03	
   2.6000000e+00	  -4.9968332e+01	  -1.0039937e+00	   5.4711914e+01	   3.6465105e-01	
   2.6100000e+00	  -4.9694632e+01	  -1.0220526e+00	   5.3041992e+01	   6.9982687e-01	
   2.6200000e+00	  -4.9039706e+01	  -1.0403433e+00	   4.9240723e+01	   1.0157688e+00	
   2.6300000e+00	  -4.9000606e+01	  -1.0588673e+00	   4.6977539e+01	   1.3107394e+00	
   2.6400000e+00	  -5.0075857e+01	  -1.0776262e+00	   4.6889648e+01	   1.5964995e+00	
   2.6500000e+00	  -4.9391607e+01	  -1.0966216e+00	   4.1923828e+01	   1.8646426e+00	
   2.6600000e+00	  -4.9616432e+01	  -1.1158550e+00	   3.7507324e+01	   2.1017230e+00	
   2.6700000e+00	  -4.9352507e+01	  -1.1353279e+00	   3.5397949e+01	   2.3168810e+00	
   2.6800000e+00	  -5.0408208e+01	  -1.1550420e+00	   3.0300293e+01	   2.5081205e+00	
   2.6900000e+00	  -5.0095407e+01	  -1.1749988e+00	   3.1003418e+01	   2.6843996e+00	
   2.7000000e+00	  -5.0095407e+01	  -1.1951997e+00	   2.3554688e+01	   2.8384489e+00	
   2.7100000e+00	  -4.9802157e+01	  -1.2156463e+00	   2.2280273e+01	   2.9642145e+00	
   2.7200000e+00	  -4.9352507e+01	  -1.2363402e+00	   1.8127441e+01	   3.0721955e+00	
   2.7300000e+00	  -4.9469807e+01	  -1.2572827e+00	   1.5622559e+01	   3.1586498e+00	
   2.7400000e+00	  -4.9372057e+01	  -1.2784756e+00	   1.2414551e+01	   3.2266711e+00	
   2.7500000e+00	  -5.0154057e+01	  -1.2999202e+00	   9.4921875e+00	   3.2750675e+00	
   2.7600000e+00	  -4.9313406e+01	  -1.3216180e+00	   7.5146484e+00	   3.3078154e+00	
   2.7700000e+00	  -4.9460032e+01	  -1.3435705e+00	   6.0644531e+00	   3.3296233e+00	
   2.7800000e+00	  -4.9274306e+01	  -1.3657793e+00	   1.5600586e+00	   3.3326463e+00	
   2.7900000e+00	  -5.0056307e+01	  -1.3882457e+00	  -3.6254883e+00	   3.3053038e+00	
   2.8000000e+00	  -4.9460032e+01	  -1.4109713e+00	  -5.5810547e+00	   3.2557682e+00	
   2.8100000e+00	  -4.9411157e+01	  -1.4339575e+00	  -8.8549805e+00	   3.1901653e+00	
   2.8200000e+00	  -4.9528457e+01	  -1.4572057e+00	  -9.9536133e+00	   3.1112796e+00	
   2.8300000e+00	  -4.8853981e+01	  -1.4807175e+00	  -1.1777344e+01	   3.0237357e+00	
   2.8400000e+00	  -4.9127681e+01	  -1.5044942e+00	  -1.4875488e+01	   2.9213261e+00	
   2.8500000e+00	  -4.9264531e+01	  -1.5285372e+00	  -1.9995117e+01	   2.7938218e+00	
   2.8600000e+00	  -4.9244981e+01	  -1.5528480e+00	  -2.4565430e+01	   2.6367695e+00	
   2.8700000e+00	  -4.9108131e+01	  -1.5774280e+00	  -2.5686035e+01	   2.4628782e+00	
   2.8800000e+00	  -4.9645757e+01	  -1.6022786e+00	  -2.7927246e+01	   2.2795478e+00	
   2.8900000e+00	  -5.0535283e+01	  -1.6274012e+00	  -3.2497559e+01	   2.0760335e+00	
   2.9000000e+00	  -5.0212707e+01	  -1.6527972e+00	  -3.4211426e+01	   1.8541134e+00	
   2.9100000e+00	  -4.9723957e+01	  -1.6784679e+00	  -3.7507324e+01	   1.6178939e+00	
   2.9200000e+00	  -4.9880357e+01	  -1.7044148e+00	  -4.0913086e+01	   1.3621659e+00	
   2.9300000e+00	  -4.9743507e+01	  -1.7306391e+00	  -4.4978027e+01	   1.0846433e+00	
   2.9400000e+00	  -5.0105182e+01	  -1.7571423e+00	  -4.8076172e+01	   7.8642575e-01	
   2.9500000e+00	  -4.8961506e+01	  -1.7839257e+00	  -5.0800781e+01	   4.7184065e-01	
   2.9600000e+00	  -4.9264531e+01	  -1.8109905e+00	  -5.1525879e+01	   1.4842229e-01	
   2.9700000e+00	  -4.9108131e+01	  -1.8383382e+00	  -5.5195313e+01	  -1.8673297e-01	
   2.9800000e+00	  -4.9577332e+01	  -1.8659701e+00	  -5.8447266e+01	  -5.4146512e-01	
   2.9900000e+00	  -4.9548007e+01	  -1.8938874e+00	  -6.2182617e+01	  -9.1585799e-01	
   3.0000000e+00	  -4.9323182e+01	  -1.9220915e+00	  -6.4270020e+01	  -1.3061413e+00	
   3.0100000e+00	  -5.0408208e+01	  -1.9505835e+00	  -6.7873535e+01	  -1.7118027e+00	
   3.0200000e+00	  -4.9196106e+01	  -1.9793649e+00	  -7.0708008e+01	  -2.1350855e+00	
   3.0300000e+00	  -5.0554833e+01	  -2.0084369e+00	  -7.4729004e+01	  -2.5771868e+00	
   3.0400000e+00	  -4.9430707e+01	  -2.0378007e+00	  -7.6948242e+01	  -3.0360619e+00	
   3.0500000e+00	  -4.9811932e+01	  -2.0674576e+00	  -8.0244141e+01	  -3.5093349e+00	
   3.0600000e+00	  -4.9802157e+01	  -2.0974088e+00	  -8.2727051e+01	  -3.9977414e+00	
   3.0700000e+00	  -5.0007432e+01	  -2.1276555e+00	  -8.5671387e+01	  -4.5000857e+00	
   3.0800000e+00	  -4.9332957e+01	  -2.1581990e+00	  -8.8066406e+01	  -5.0160051e+00	
   3.0900000e+00	  -4.9606657e+01	  -2.1890404e+00	  -9.1516113e+01	  -5.5469973e+00	
   3.1000000e+00	  -4.8619381e+01	  -2.2201809e+00	  -9.4064941e+01	  -6.0934496e+00	
   3.1100000e+00	  -4.9244981e+01	  -2.2516218e+00	  -9.5668945e+01	  -6.6494849e+00	
   3.1200000e+00	  -4.9000606e+01	  -2.2833642e+00	  -9.8129883e+01	  -7.2147679e+00	
   3.1300000e+00	  -4.9293856e+01	  -2.3154092e+00	  -1.0327148e+02	  -7.8003196e+00	
   3.1400000e+00	  -4.8756231e+01	  -2.3477580e+00	  -1.0823730e+02	  -8.4138577e+00	
   3.1500000e+00	  -4.9000606e+01	  -2.3804118e+00	  -1.0955566e+02	  -9.0432335e+00	
   3.1600000e+00	  -4.9821707e+01	  -2.4133716e+00	  -1.1351074e+02	  -9.6851824e+00	
   3.1700000e+00	  -4.9567557e+01	  -2.4466386e+00	  -1.1507080e+02	  -1.0340382e+01	
   3.1800000e+00	  -4.9606657e+01	  -2.4802138e+00	  -1.1981689e+02	  -1.1011228e+01	
   3.1900000e+00	  -4.9635982e+01	  -2.5140985e+00	  -1.2188232e+02	  -1.1699204e+01	
   3.2000000e+00	  -4.9205881e+01	  -2.5482935e+00	  -1.2423340e+02	  -1.2396702e+01	
   3.2100000e+00	  -4.9401382e+01	  -2.5828001e+00	  -1.2636475e+02	  -1.3103869e+01	
   3.2200000e+00	  -4.9851032e+01	  -2.6176193e+00	  -1.2999023e+02	  -1.3824636e+01	
   3.2300000e+00	  -4.9372057e+01	  -2.6527520e+00	  -1.3379150e+02	  -1.4564147e+01	
   3.2400000e+00	  -4.8824656e+01	  -2.6881994e+00	  -1.3587891e+02	  -1.5317469e+01	
   3.2500000e+00	  -4.9127681e+01	  -2.7239625e+00	  -1.4029541e+02	  -1.6086440e+01	
   3.2600000e+00	  -4.8795331e+01	  -2.7600422e+00	  -1.4548096e+02	  -1.6880666e+01	
   3.2700000e+00	  -4.9186331e+01	  -2.7964395e+00	  -1.4631592e+02	  -1.7688773e+01	
   3.2800000e+00	  -4.8541181e+01	  -2.8331555e+00	  -1.5097412e+02	  -1.8509021e+01	
   3.2900000e+00	  -4.8902856e+01	  -2.8701911e+00	  -1.5090820e+02	  -1.9338513e+01	
   3.3000000e+00	  -4.9489357e+01	  -2.9075473e+00	  -1.5583008e+02	  -2.0178018e+01	
   3.3100000e+00	  -4.9069031e+01	  -2.9452249e+00	  -1.5921387e+02	  -2.1038276e+01	
   3.3200000e+00	  -4.9733732e+01	  -2.9832250e+00	  -1.6222412e+02	  -2.1913170e+01	
   3.3300000e+00	  -4.9108131e+01	  -3.0215484e+00	  -1.6433350e+02	  -2.2798618e+01	
   3.3400000e+00	  -4.9596882e+01	  -3.0601961e+00	  -1.6809082e+02	  -2.3696893e+01	
   3.3500000e+00	  -4.8228380e+01	  -3.0991689e+00	  -1.6701416e+02	  -2.4597936e+01	
   3.3600000e+00	  -4.9284081e+01	  -3.1384678e+00	  -1.7224365e+02	  -2.5506342e+01	
   3.3700000e+00	  -4.8687806e+01	  -3.1780935e+00	  -1.7753906e+02	  -2.6442019e+01	
   3.3800000e+00	  -4.9137456e+01	  -3.2180469e+00	  -1.8000000e+02	  -2.7396127e+01	
   3.3900000e+00	  -4.8492306e+01	  -3.2583289e+00	  -1.8000000e+02	  -2.8351965e+01	
   3.4000000e+00	  -4.9244981e+01	  -3.2989403e+00	  -1.8000000e+02	  -2.9301817e+01	
   3.4100000e+00	  -4.9254756e+01	  -3.3398819e+00	  -1.8000000e+02	  -3.0245720e+01	
   3.4200000e+00	  -4.8873531e+01	  -3.3811545e+00	  -1.3535156e+01	  -3.0662381e+01	
   3.4300000e+00	  -4.9313406e+01	  -3.4227588e+00	   1.7562744e+02	  -2.9962692e+01	
   3.4400000e+00	  -4.8863756e+01	  -3.4646957e+00	   1.7165039e+02	  -2.8687427e+01	
   3.4500000e+00	  -4.9684857e+01	  -3.5069659e+00	   1.7789063e+02	  -2.7413063e+01	
   3.4600000e+00	  -4.9225431e+01	  -3.5495701e+00	   1.7571533e+02	  -2.6133950e+01	
   3.4700000e+00	  -4.8990831e+01	  -3.5925091e+00	   1.7290283e+02	  -2.4878469e+01	
   3.4800000e+00	  -4.9440482e+01	  -3.6357836e+00	   1.6954102e+02	  -2.3650189e+01	
   3.4900000e+00	  -4.8853981e+01	  -3.6793943e+00	   1.6769531e+02	  -2.2445910e+01	
   3.5000000e+00	  -4.9352507e+01	  -3.7233418e+00	   1.6189453e+02	  -2.1273122e+01	
   3.5100000e+00	  -4.9137456e+01	  -3.7676268e+00	   1.5873047e+02	  -2.0135755e+01	
   3.5200000e+00	  -4.8981056e+01	  -3.8122500e+00	   1.5260010e+02	  -1.9034620e+01	
   3.5300000e+00	  -4.9284081e+01	  -3.8572121e+00	   1.5090820e+02	  -1.7964880e+01	
   3.5400000e+00	  -4.9391607e+01	  -3.9025136e+00	   1.5273193e+02	  -1.6901427e+01	
   3.5500000e+00	  -4.9323182e+01	  -3.9481551e+00	   1.4675537e+02	  -1.5857641e+01	
   3.5600000e+00	  -4.8971281e+01	  -3.9941373e+00	   1.4082275e+02	  -1.4857689e+01	
   3.5700000e+00	  -4.8648706e+01	  -4.0404608e+00	   1.3943848e+02	  -1.3886916e+01	
   3.5800000e+00	  -4.8971281e+01	  -4.0871260e+00	   1.3616455e+02	  -1.2936811e+01	
   3.5900000e+00	  -4.9518682e+01	  -4.1341336e+00	   1.3423096e+02	  -1.2008966e+01	
   3.6000000e+00	  -4.8941956e+01	  -4.1814841e+00	   1.2834229e+02	  -1.1111430e+01	
   3.6100000e+00	  -4.9117906e+01	  -4.2291780e+00	   1.2632080e+02	  -1.0244288e+01	
   3.6200000e+00	  -4.9372057e+01	  -4.2772159e+00	   1.2311279e+02	  -9.3989558e+00	
   3.6300000e+00	  -4.9157006e+01	  -4.3255982e+00	   1.1825684e+02	  -8.5841724e+00	
   3.6400000e+00	  -4.9596882e+01	  -4.3743254e+00	   1.1515869e+02	  -7.7994028e+00	
   3.6500000e+00	  -4.9186331e+01	  -4.4233979e+00	   1.1649902e+02	  -7.0250537e+00	
   3.6600000e+00	  -4.9274306e+01	  -4.4728162e+00	   1.1102783e+02	  -6.2684916e+00	
   3.6700000e+00	  -4.8824656e+01	  -4.5225808e+00	   1.0874268e+02	  -5.5409593e+00	
   3.6800000e+00	  -4.8893081e+01	  -4.5726921e+00	   1.0208496e+02	  -4.8459909e+00	
   3.6900000e+00	  -4.9831482e+01	  -4.6231504e+00	   1.0377686e+02	  -4.1709272e+00	
   3.7000000e+00	  -4.9254756e+01	  -4.6739561e+00	   9.7712402e+01	  -3.5137857e+00	
   3.7100000e+00	  -4.9616432e+01	  -4.7251097e+00	   9.5097656e+01	  -2.8879413e+00	
   3.7200000e+00	  -4.8717131e+01	  -4.7766115e+00	   9.4416504e+01	  -2.2763390e+00	
   3.7300000e+00	  -4.9137456e+01	  -4.8284618e+00	   8.8747559e+01	  -1.6884544e+00	
   3.7400000e+00	  -4.9225431e+01	  -4.8806609e+00	   8.7275391e+01	  -1.1266163e+00	
   3.7500000e+00	  -4.9557782e+01	  -4.9332092e+00	   8.2792969e+01	  -5.8694573e-01	
   3.7600000e+00	  -4.9020156e+01	  -4.9861069e+00	   7.9145508e+01	  -7.6116250e-02	
   3.7700000e+00	  -4.8971281e+01	  -5.0393543e+00	   7.9958496e+01	   4.2263673e-01	
   3.7800000e+00	  -4.9508907e+01	  -5.0929518e+00	   7.0136719e+01	   8.9005236e-01	
   3.7900000e+00	  -4.9342732e+01	  -5.1468995e+00	   7.1433105e+01	   1.3278408e+00	
   3.8000000e+00	  -4.9411157e+01	  -5.2011977e+00	   6.6511230e+01	   1.7515330e+00	
   3.8100000e+00	  -4.9059256e+01	  -5.2558465e+00	   6.4006348e+01	   2.1493125e+00	
   3.8200000e+00	  -5.0202932e+01	  -5.3108462e+00	   6.0183105e+01	   2.5247823e+00	
   3.8300000e+00	  -4.9753282e+01	  -5.3661971e+00	   5.2888184e+01	   2.8630809e+00	
   3.8400000e+00	  -4.9763057e+01	  -5.4218991e+00	   5.4140625e+01	   3.1803369e+00	
   3.8500000e+00	  -4.8853981e+01	  -5.4779526e+00	   5.2426758e+01	   3.4941607e+00	
   3.8600000e+00	  -4.9176556e+01	  -5.5343576e+00	   4.7548828e+01	   3.7853748e+00	
   3.8700000e+00	  -4.8990831e+01	  -5.5911143e+00	   4.7856445e+01	   4.0604519e+00	
   3.8800000e+00	  -4.9870582e+01	  -5.6482227e+00	   4.0495605e+01	   4.3117169e+00	
   3.8900000e+00	  -4.9714182e+01	  -5.7056830e+00	   3.9243164e+01	   4.5344334e+00	
   3.9000000e+00	  -4.9469807e+01	  -5.7634953e+00	   3.4738770e+01	   4.7377258e+00	
   3.9100000e+00	  -4.9127681e+01	  -5.8216595e+00	   3.4189453e+01	   4.9239178e+00	
   3.9200000e+00	  -4.9948782e+01	  -5.8801758e+00	   2.5817871e+01	   5.0810055e+00	
   3.9300000e+00	  -4.9821707e+01	  -5.9390441e+00	   2.5334473e+01	   5.2093776e+00	
   3.9400000e+00	  -4.9802157e+01	  -5.9982645e+00	   2.3576660e+01	   5.3299266e+00	
   3.9500000e+00	  -4.9401382e+01	  -6.0578370e+00	   2.0083008e+01	   5.4332743e+00	
   3.9600000e+00	  -4.8873531e+01	  -6.1177616e+00	   1.7468262e+01	   5.5168445e+00	
   3.9700000e+00	  -4.9420932e+01	  -6.1780381e+00	   1.3908691e+01	   5.5805548e+00	
   3.9800000e+00	  -4.9284081e+01	  -6.2386667e+00	   9.4482422e+00	   5.6187493e+00	
   3.9900000e+00	  -4.9675082e+01	  -6.2996471e+00	   4.7021484e+00	   5.6278718e+00	
   4.0000000e+00	  -4.8902856e+01	  -6.3609794e+00	   7.6904297e+00	   5.6314321e+00	
   4.0100000e+00	  -4.9205881e+01	  -6.4226634e+00	   4.3505859e+00	   5.6338691e+00	
   4.0200000e+00	  -4.8766006e+01	  -6.4846990e+00	  -3.1640625e+00	   5.6022971e+00	
   4.0300000e+00	  -4.8912631e+01	  -6.5470861e+00	  -5.2514648e+00	   5.5408515e+00	
   4.0400000e+00	  -4.8805106e+01	  -6.6098245e+00	  -7.0312500e+00	   5.4676796e+00	
   4.0500000e+00	  -4.9577332e+01	  -6.6729141e+00	  -1.1491699e+01	   5.3754232e+00	
   4.0600000e+00	  -4.9205881e+01	  -6.7363546e+00	  -1.6062012e+01	   5.2554623e+00	
   4.0700000e+00	  -4.8912631e+01	  -6.8001460e+00	  -1.3623047e+01	   5.1295780e+00	
   4.0800000e+00	  -4.9508907e+01	  -6.8642879e+00	  -1.9270020e+01	   4.9944354e+00	
   4.0900000e+00	  -4.8844206e+01	  -6.9287803e+00	  -2.2082520e+01	   4.8336462e+00	
   4.1000000e+00	  -4.8726906e+01	  -6.9936227e+00	  -2.3488770e+01	   4.6606520e+00	
   4.1100000e+00	  -4.9978107e+01	  -7.0588150e+00	  -2.9421387e+01	   4.4657577e+00	
   4.1200000e+00	  -5.0046532e+01	  -7.1243569e+00	  -3.1179199e+01	   4.2479996e+00	
   4.1300000e+00	  -4.9909682e+01	  -7.1902481e+00	  -3.4497070e+01	   4.0157095e+00	
   4.1400000e+00	  -4.9157006e+01	  -7.2564882e+00	  -3.8518066e+01	   3.7618908e+00	
   4.1500000e+00	  -5.0242032e+01	  -7.3230771e+00	  -4.1594238e+01	   3.4874353e+00	
   4.1600000e+00	  -4.9205881e+01	  -7.3900143e+00	  -4.3967285e+01	   3.1976331e+00	
   4.1700000e+00	  -4.9440482e+01	  -7.4572995e+00	  -4.7021484e+01	   2.8926492e+00	
   4.1800000e+00	  -4.9635982e+01	  -7.5249323e+00	  -4.8581543e+01	   2.5751249e+00	
   4.1900000e+00	  -4.9469807e+01	  -7.5929123e+00	  -5.2294922e+01	   2.2430742e+00	
   4.2000000e+00	  -4.9215656e+01	  -7.6612392e+00	  -5.4821777e+01	   1.8935604e+00	
   4.2100000e+00	  -4.8922406e+01	  -7.7299124e+00	  -5.9501953e+01	   1.5236651e+00	
   4.2200000e+00	  -4.9733732e+01	  -7.7989317e+00	  -6.2468262e+01	   1.1321396e+00	
   4.2300000e+00	  -4.9157006e+01	  -7.8682965e+00	  -6.2534180e+01	   7.3357026e-01	
   4.2400000e+00	  -4.9401382e+01	  -7.9380064e+00	  -6.8225098e+01	   3.1946829e-01	
   4.2500000e+00	  -4.9205881e+01	  -8.0080609e+00	  -7.0268555e+01	  -1.1626218e-01	
   4.2600000e+00	  -4.9020156e+01	  -8.0784595e+00	  -7.1411133e+01	  -5.5924134e-01	
   4.2700000e+00	  -5.0124732e+01	  -8.1492018e+00	  -7.7102051e+01	  -1.0208468e+00	
   4.2800000e+00	  -4.9528457e+01	  -8.2202870e+00	  -8.0024414e+01	  -1.5065357e+00	
   4.2900000e+00	  -4.9811932e+01	  -8.2917149e+00	  -8.2902832e+01	  -2.0073492e+00	
   4.3000000e+00	  -4.9176556e+01	  -8.3634847e+00	  -8.5781250e+01	  -2.5230549e+00	
   4.3100000e+00	  -4.9567557e+01	  -8.4355959e+00	  -8.8132324e+01	  -3.0519080e+00	
   4.3200000e+00	  -4.9372057e+01	  -8.5080479e+00	  -9.0878906e+01	  -3.5934132e+00	
   4.3300000e+00	  -4.8834431e+01	  -8.5808402e+00	  -9.5427246e+01	  -4.1543727e+00	
   4.3400000e+00	  -4.8775781e+01	  -8.6539720e+00	  -9.7185059e+01	  -4.7315680e+00	
   4.3500000e+00	  -4.8609606e+01	  -8.7274429e+00	  -9.9118652e+01	  -5.3167087e+00	
   4.3600000e+00	  -4.8531406e+01	  -8.8012520e+00	  -1.0173340e+02	  -5.9124286e+00	
   4.3700000e+00	  -4.9029931e+01	  -8.8753988e+00	  -1.0597412e+02	  -6.5258869e+00	
   4.3800000e+00	  -4.9635982e+01	  -8.9498826e+00	  -1.0795166e+02	  -7.1549769e+00	
   4.3900000e+00	  -4.9391607e+01	  -9.0247027e+00	  -1.1225830e+02	  -7.7998072e+00	
   4.4000000e+00	  -4.9196106e+01	  -9.0998584e+00	  -1.1847656e+02	  -8.4735601e+00	
   4.4100000e+00	  -5.0007432e+01	  -9.1753489e+00	  -1.1812500e+02	  -9.1614660e+00	
   4.4200000e+00	  -5.0202932e+01	  -9.2511735e+00	  -1.2104736e+02	  -9.8531144e+00	
   4.4300000e+00	  -4.9469807e+01	  -9.3273315e+00	  -1.2487061e+02	  -1.0561556e+01	
   4.4400000e+00	  -4.9381832e+01	  -9.4038221e+00	  -1.2713379e+02	  -1.1284622e+01	
   4.4500000e+00	  -4.9293856e+01	  -9.4806445e+00	  -1.3086914e+02	  -1.2021945e+01	
   4.4600000e+00	  -4.9137456e+01	  -9.5577979e+00	  -1.3365967e+02	  -1.2775087e+01	
   4.4700000e+00	  -4.9430707e+01	  -9.6352815e+00	  -1.3743896e+02	  -1.3544087e+01	
   4.4800000e+00	  -4.8834431e+01	  -9.7130944e+00	  -1.3864746e+02	  -1.4323890e+01	
   4.4900000e+00	  -4.8981056e+01	  -9.7912359e+00	  -1.4115234e+02	  -1.5110439e+01	
   4.5000000e+00	  -4.9372057e+01	  -9.8697051e+00	  -1.4545898e+02	  -1.5913394e+01	
   4.5100000e+00	  -4.8844206e+01	  -9.9485010e+00	  -1.4893066e+02	  -1.6735679e+01	
   4.5200000e+00	  -4.8834431e+01	  -1.0027623e+01	  -1.5180908e+02	  -1.7572700e+01	
   4.5300000e+00	  -4.8785556e+01	  -1.0107070e+01	  -1.5796143e+02	  -1.8432761e+01	
   4.5400000e+00	  -4.8902856e+01	  -1.0186841e+01	  -1.5844482e+02	  -1.9308217e+01	
   4.5500000e+00	  -4.9596882e+01	  -1.0266935e+01	  -1.6248779e+02	  -2.0192365e+01	
   4.5600000e+00	  -4.9186331e+01	  -1.0347351e+01	  -1.6402588e+02	  -2.1088453e+01	
   4.5700000e+00	  -4.8746456e+01	  -1.0428088e+01	  -1.7011230e+02	  -2.2002807e+01	
   4.5800000e+00	  -4.9635982e+01	  -1.0509146e+01	  -1.7017822e+02	  -2.2930702e+01	
   4.5900000e+00	  -4.8531406e+01	  -1.0590523e+01	  -1.7461670e+02	  -2.3866891e+01	
   4.6000000e+00	  -4.9127681e+01	  -1.0672219e+01	  -1.7775879e+02	  -2.4820957e+01	
   4.6100000e+00	  -4.9548007e+01	  -1.0754231e+01	  -1.8000000e+02	  -2.5785906e+01	
   4.6200000e+00	  -4.8472756e+01	  -1.0836560e+01	  -1.8000000e+02	  -2.6751831e+01	
   4.6300000e+00	  -4.9098356e+01	  -1.0919204e+01	  -1.8000000e+02	  -2.7711705e+01	
   4.6400000e+00	  -4.9078806e+01	  -1.1002162e+01	  -1.8000000e+02	  -2.8665567e+01	
   4.6500000e+00	  -4.8678031e+01	  -1.1085433e+01	  -1.3864746e+01	  -2.9093158e+01	
   4.6600000e+00	  -4.8414106e+01	  -1.1169016e+01	  -1.3249512e+01	  -2.8995848e+01	
   4.6700000e+00	  -4.8678031e+01	  -1.1252910e+01	   1.7780273e+02	  -2.8298890e+01	
   4.6800000e+00	  -4.8805106e+01	  -1.1337114e+01	   1.7806641e+02	  -2.7007140e+01	
   4.6900000e+00	  -4.9577332e+01	  -1.1421626e+01	   1.7615479e+02	  -2.5728643e+01	
   4.7000000e+00	  -4.9244981e+01	  -1.1506446e+01	   1.7288086e+02	  -2.4474394e+01	
   4.7100000e+00	  -4.9176556e+01	  -1.1591572e+01	   1.6622314e+02	  -2.3259104e+01	
   4.7200000e+00	  -4.9235206e+01	  -1.1677003e+01	   1.6488281e+02	  -2.2076474e+01	
   4.7300000e+00	  -4.8922406e+01	  -1.1762738e+01	   1.6439941e+02	  -2.0906963e+01	
   4.7400000e+00	  -4.8912631e+01	  -1.1848776e+01	   1.5826904e+02	  -1.9765490e+01	
   4.7500000e+00	  -4.8756231e+01	  -1.1935115e+01	   1.5495117e+02	  -1.8660757e+01	
   4.7600000e+00	  -4.8814881e+01	  -1.2021755e+01	   1.5398438e+02	  -1.7576361e+01	
   4.7700000e+00	  -4.9714182e+01	  -1.2108693e+01	   1.4603027e+02	  -1.6526696e+01	
   4.7800000e+00	  -4.9264531e+01	  -1.2195930e+01	   1.4721680e+02	  -1.5504800e+01	
   4.7900000e+00	  -4.9020156e+01	  -1.2283463e+01	   1.4176758e+02	  -1.4502654e+01	
   4.8000000e+00	  -4.9010381e+01	  -1.2371291e+01	   1.4431641e+02	  -1.3515869e+01	
   4.8100000e+00	  -4.8961506e+01	  -1.2459414e+01	   1.3658203e+02	  -1.2551504e+01	
   4.8200000e+00	  -4.9411157e+01	  -1.2547829e+01	   1.3089111e+02	  -1.1635225e+01	
   4.8300000e+00	  -4.9460032e+01	  -1.2636535e+01	   1.2779297e+02	  -1.0752209e+01	
   4.8400000e+00	  -4.9929232e+01	  -1.2725531e+01	   1.2537598e+02	  -9.8919972e+00	
   4.8500000e+00	  -4.9284081e+01	  -1.2814816e+01	   1.2065186e+02	  -9.0595373e+00	
   4.8600000e+00	  -4.9078806e+01	  -1.2904389e+01	   1.2216797e+02	  -8.2423382e+00	
   4.8700000e+00	  -4.9723957e+01	  -1.2994247e+01	   1.1739990e+02	  -7.4404419e+00	
   4.8800000e+00	  -4.9303631e+01	  -1.3084390e+01	   1.1535645e+02	  -6.6649005e+00	
   4.8900000e+00	  -4.8775781e+01	  -1.3174816e+01	   1.1269775e+02	  -5.9089427e+00	
   4.9000000e+00	  -4.8619381e+01	  -1.3265524e+01	   1.0959961e+02	  -5.1757490e+00	
   4.9100000e+00	  -4.8726906e+01	  -1.3356512e+01	   1.0144775e+02	  -4.4823799e+00	
   4.9200000e+00	  -4.9714182e+01	  -1.3447779e+01	   1.0428223e+02	  -3.8100066e+00	
   4.9300000e+00	  -4.9186331e+01	  -1.3539323e+01	   9.7932129e+01	  -3.1528549e+00	
   4.9400000e+00	  -4.9235206e+01	  -1.3631144e+01	   9.5163574e+01	  -2.5283767e+00	
   4.9500000e+00	  -4.8922406e+01	  -1.3723239e+01	   9.1625977e+01	  -1.9275593e+00	
   4.9600000e+00	  -4.8844206e+01	  -1.3815607e+01	   8.7780762e+01	  -1.3536263e+00	
   4.9700000e+00	  -4.9059256e+01	  -1.3908247e+01	   8.4133301e+01	  -8.0675355e-01	
   4.9800000e+00	  -4.9157006e+01	  -1.4001157e+01	   8.3452148e+01	  -2.7686231e-01	
   4.9900000e+00	  -4.8951731e+01	  -1.4094335e+01	   8.1738281e+01	   2.4220930e-01	
   5.0000000e+00	  -4.9342732e+01	  -1.4187780e+01	   7.5827637e+01	   7.3415153e-01	
   5.0100000e+00	  -4.8912631e+01	  -1.4281491e+01	   7.3432617e+01	   1.1970011e+00	
   5.0200000e+00	  -4.7651655e+01	  -1.4375466e+01	   7.0751953e+01	   1.6410557e+00	
   5.0300000e+00	  -4.6576404e+01	  -1.4469703e+01	   6.7016602e+01	   2.0622355e+00	
   5.0400000e+00	  -4.5256778e+01	  -1.4564201e+01	   6.0578613e+01	   2.4489168e+00	
   5.0500000e+00	  -4.2842351e+01	  -1.4658958e+01	   6.3149414e+01	   2.8210649e+00	
   5.0600000e+00	  -4.2148325e+01	  -1.4753973e+01	   6.0380859e+01	   3.1902628e+00	
   5.0700000e+00	  -3.9909848e+01	  -1.4849244e+01	   5.7282715e+01	   3.5387751e+00	
   5.0800000e+00	  -3.8433821e+01	  -1.4944769e+01	   5.4228516e+01	   3.8658367e+00	
   5.0900000e+00	  -3.7632271e+01	  -1.5040547e+01	   5.5437012e+01	   4.1850695e+00	
   5.1000000e+00	  -3.5618619e+01	  -1.5136577e+01	   5.1306152e+01	   4.4931507e+00	
   5.1100000e+00	  -3.4680218e+01	  -1.5232855e+01	   4.6757813e+01	   4.7721209e+00	
   5.1200000e+00	  -3.2578591e+01	  -1.5329382e+01	   4.2033691e+01	   5.0203046e+00	
   5.1300000e+00	  -3.0760439e+01	  -1.5426154e+01	   4.3374023e+01	   5.2563367e+00	
   5.1400000e+00	  -2.7955012e+01	  -1.5523171e+01	   4.2209473e+01	   5.4914408e+00	
   5.1500000e+00	  -2.5755635e+01	  -1.5620431e+01	   4.2363281e+01	   5.7219069e+00	
   5.1600000e+00	  -2.2764482e+01	  -1.5717932e+01	   4.0803223e+01	   5.9465255e+00	
   5.1700000e+00	  -2.1933606e+01	  -1.5815672e+01	   3.8649902e+01	   6.1581077e+00	
   5.1800000e+00	  -2.0086130e+01	  -1.5913650e+01	   3.4233398e+01	   6.3477895e+00	
   5.1900000e+00	  -1.8463478e+01	  -1.6011863e+01	   3.7792969e+01	   6.5335995e+00	
   5.2000000e+00	  -1.6498701e+01	  -1.6110311e+01	   3.3596191e+01	   6.7162502e+00	
   5.2100000e+00	  -1.5355025e+01	  -1.6208991e+01	   3.5617676e+01	   6.8909443e+00	
   5.2200000e+00	  -1.3849674e+01	  -1.6307902e+01	   3.6650391e+01	   7.0741092e+00	
   5.2300000e+00	  -1.1992422e+01	  -1.6407041e+01	   3.2343750e+01	   7.2458737e+00	
   5.2400000e+00	  -9.7050700e+00	  -1.6506407e+01	   3.0058594e+01	   7.3959184e+00	
   5.2500000e+00	  -8.1899436e+00	  -1.6605999e+01	   2.8520508e+01	   7.5330498e+00	
   5.2600000e+00	  -6.3717919e+00	  -1.6705813e+01	   3.4189453e+01	   7.6822591e+00	
   5.2700000e+00	  -4.5731903e+00	  -1.6805849e+01	   3.1376953e+01	   7.8394796e+00	
   5.2800000e+00	  -3.8107396e+00	  -1.6906105e+01	   3.1882324e+01	   7.9884899e+00	
   5.2900000e+00	  -2.6084135e+00	  -1.7006579e+01	   3.0739746e+01	   8.1345714e+00	
   5.3000000e+00	  -9.5643693e-01	  -1.7107268e+01	   3.3354492e+01	   8.2843483e+00	
   5.3100000e+00	  -4.2858644e-01	  -1.7208171e+01	   3.3596191e+01	   8.4421328e+00	
   5.3200000e+00	   2.3768411e+00	  -1.7309286e+01	   3.0563965e+01	   8.5901897e+00	
   5.3300000e+00	   2.5039163e+00	  -1.7410611e+01	   3.3991699e+01	   8.7385579e+00	
   5.3400000e+00	   3.0415418e+00	  -1.7512145e+01	   3.3662109e+01	   8.8956995e+00	
   5.3500000e+00	   3.1686169e+00	  -1.7613884e+01	   3.5112305e+01	   9.0553663e+00	
   5.3600000e+00	   5.2409188e+00	  -1.7715828e+01	   3.2871094e+01	   9.2115557e+00	
   5.3700000e+00	   4.9281185e+00	  -1.7817974e+01	   3.5903320e+01	   9.3692441e+00	
   5.3800000e+00	   5.2311438e+00	  -1.7920320e+01	   3.3332520e+01	   9.5273899e+00	
   5.3900000e+00	   6.6191951e+00	  -1.8022864e+01	   3.3859863e+01	   9.6781456e+00	
   5.4000000e+00	   9.3757476e+00	  -1.8125605e+01	   3.5266113e+01	   9.8340125e+00	
   5.4100000e+00	   7.8997212e+00	  -1.8228539e+01	   3.6914063e+01	   9.9984682e+00	
   5.4200000e+00	   1.1154799e+01	  -1.8331665e+01	   3.7946777e+01	   1.0170289e+01	
   5.4300000e+00	   1.0822449e+01	  -1.8434982e+01	   4.0495605e+01	   1.0352250e+01	
   5.4400000e+00	   1.1184124e+01	  -1.8538486e+01	   4.0385742e+01	   1.0540710e+01	
   5.4500000e+00	   1.0910424e+01	  -1.8642176e+01	   4.0078125e+01	   1.0726682e+01	
   5.4600000e+00	   1.3090251e+01	  -1.8746049e+01	   3.9243164e+01	   1.0907910e+01	
   5.4700000e+00	   1.4380552e+01	  -1.8850104e+01	   4.5263672e+01	   1.1104244e+01	
   5.4800000e+00	   1.5465578e+01	  -1.8954337e+01	   4.0671387e+01	   1.1303820e+01	
   5.4900000e+00	   1.6843854e+01	  -1.9058748e+01	   4.3945313e+01	   1.1498018e+01	
   5.5000000e+00	   1.6667904e+01	  -1.9163334e+01	   4.6823730e+01	   1.1710267e+01	
   5.5100000e+00	   1.7303280e+01	  -1.9268092e+01	   4.6142578e+01	   1.1928068e+01	
   5.5200000e+00	   1.8241681e+01	  -1.9373020e+01	   4.3703613e+01	   1.2134734e+01	
   5.5300000e+00	   1.9013906e+01	  -1.9478116e+01	   4.2890625e+01	   1.2329920e+01	
   5.5400000e+00	   1.8828181e+01	  -1.9583378e+01	   4.9680176e+01	   1.2542601e+01	
   5.5500000e+00	   2.1457659e+01	  -1.9688803e+01	   4.9174805e+01	   1.2773631e+01	
   5.5600000e+00	   2.0636558e+01	  -1.9794389e+01	   5.3547363e+01	   1.3015324e+01	
   5.5700000e+00	   2.1985509e+01	  -1.9900134e+01	   5.7041016e+01	   1.3280139e+01	
   5.5800000e+00	   2.2259209e+01	  -2.0006035e+01	   5.4865723e+01	   1.3547424e+01	
   5.5900000e+00	   2.3676586e+01	  -2.0112090e+01	   5.5678711e+01	   1.3808769e+01	
   5.6000000e+00	   2.3999161e+01	  -2.0218296e+01	   5.9721680e+01	   1.4083684e+01	
   5.6100000e+00	   2.2875035e+01	  -2.0324651e+01	   5.9985352e+01	   1.4370364e+01	
   5.6200000e+00	   2.5230812e+01	  -2.0431153e+01	   5.9458008e+01	   1.4654424e+01	
   5.6300000e+00	   2.5005987e+01	  -2.0537799e+01	   6.7236328e+01	   1.4959412e+01	
   5.6400000e+00	   2.6589538e+01	  -2.0644586e+01	   6.5939941e+01	   1.5282790e+01	
   5.6500000e+00	   2.6237638e+01	  -2.0751512e+01	   6.6752930e+01	   1.5602629e+01	
   5.6600000e+00	   2.7322664e+01	  -2.0858575e+01	   6.9741211e+01	   1.5932369e+01	
   5.6700000e+00	   2.8065565e+01	  -2.0965771e+01	   7.3278809e+01	   1.6280481e+01	
   5.6800000e+00	   2.7518164e+01	  -2.1073099e+01	   7.1982422e+01	   1.6633431e+01	
   5.6900000e+00	   3.0294267e+01	  -2.1180555e+01	   7.7102051e+01	   1.6996145e+01	
   5.7000000e+00	   2.8642290e+01	  -2.1288138e+01	   7.4707031e+01	   1.7365119e+01	
   5.7100000e+00	   3.0753692e+01	  -2.1395843e+01	   7.9519043e+01	   1.7739352e+01	
   5.7200000e+00	   3.0333367e+01	  -2.1503669e+01	   8.1936035e+01	   1.8133880e+01	
   5.7300000e+00	   2.9316766e+01	  -2.1611613e+01	   8.2990723e+01	   1.8536810e+01	
   5.7400000e+00	   3.2933519e+01	  -2.1719672e+01	   8.6726074e+01	   1.8952217e+01	
   5.7500000e+00	   3.2356794e+01	  -2.1827843e+01	   8.6286621e+01	   1.9375344e+01	
   5.7600000e+00	   3.2522969e+01	  -2.1936124e+01	   8.9714355e+01	   1.9805180e+01	
   5.7700000e+00	   3.4321571e+01	  -2.2044512e+01	   9.2241211e+01	   2.0250972e+01	
   5.7800000e+00	   3.3119244e+01	  -2.2153003e+01	   9.5778809e+01	   2.0712963e+01	
   5.7900000e+00	   3.3578670e+01	  -2.2261595e+01	   9.5493164e+01	   2.1182246e+01	
   5.8000000e+00	   3.2542519e+01	  -2.2370286e+01	   9.9382324e+01	   2.1659874e+01	
   5.8100000e+00	   3.3793720e+01	  -2.2479072e+01	   9.9250488e+01	   2.2146278e+01	
   5.8200000e+00	   3.5387047e+01	  -2.2587950e+01	   9.7229004e+01	   2.2622892e+01	
   5.8300000e+00	   3.3764395e+01	  -2.2696917e+01	   1.0694092e+02	   2.3120605e+01	
   5.8400000e+00	   3.6804423e+01	  -2.2805971e+01	   1.0973145e+02	   2.3654355e+01	
   5.8500000e+00	   3.5328397e+01	  -2.2915107e+01	   1.0841309e+02	   2.4189372e+01	
   5.8600000e+00	   3.4683246e+01	  -2.3024325e+01	   1.1265381e+02	   2.4730191e+01	
   5.8700000e+00	   3.5123121e+01	  -2.3133619e+01	   1.1634521e+02	   2.5292464e+01	
   5.8800000e+00	   3.7811249e+01	  -2.3242987e+01	   1.1966309e+02	   2.5873166e+01	
   5.8900000e+00	   3.6784873e+01	  -2.3352426e+01	   1.1891602e+02	   2.6458282e+01	
   5.9000000e+00	   3.8114274e+01	  -2.3461933e+01	   1.2276123e+02	   2.7049436e+01	
   5.9100000e+00	   3.9922651e+01	  -2.3571505e+01	   1.2621094e+02	   2.7659733e+01	
   5.9200000e+00	   3.6501398e+01	  -2.3681138e+01	   1.2821045e+02	   2.8283274e+01	
   5.9300000e+00	   3.8397749e+01	  -2.3790830e+01	   1.2948486e+02	   2.8913162e+01	
   5.9400000e+00	   3.8730100e+01	  -2.3900576e+01	   1.2862793e+02	   2.9540412e+01	
   5.9500000e+00	   3.8133824e+01	  -2.4010374e+01	   1.3478027e+02	   3.0180317e+01	
   5.9600000e+00	   4.0655776e+01	  -2.4120220e+01	   1.3998779e+02	   3.0851790e+01	
   5.9700000e+00	   3.9873776e+01	  -2.4230112e+01	   1.3638428e+02	   3.1524081e+01	
   5.9800000e+00	   4.1037002e+01	  -2.4340045e+01	   1.4071289e+02	   3.2194432e+01	
   5.9900000e+00	   4.0880602e+01	  -2.4450016e+01	   1.4521729e+02	   3.2888248e+01	
   6.0000000e+00	   4.0391851e+01	  -2.4560022e+01	   1.5013916e+02	   3.3607238e+01	
   6.0100000e+00	   4.0870827e+01	  -2.4670060e+01	   1.5448975e+02	   3.4350764e+01	
   6.0200000e+00	   4.0626451e+01	  -2.4780126e+01	   1.5112793e+02	   3.5092729e+01	
   6.0300000e+00	   4.1985178e+01	  -2.4890216e+01	   1.5730225e+02	   3.5838856e+01	
   6.0400000e+00	   4.1838553e+01	  -2.5000328e+01	   1.6031250e+02	   3.6609072e+01	
   6.0500000e+00	   4.3295029e+01	  -2.5110457e+01	   1.6068604e+02	   3.7385062e+01	
   6.0600000e+00	   4.2180678e+01	  -2.5220599e+01	   1.6510254e+02	   3.8171193e+01	
   6.0700000e+00	   4.0470051e+01	  -2.5330753e+01	   1.6688232e+02	   3.8971805e+01	
   6.0800000e+00	   4.1975403e+01	  -2.5440912e+01	   1.6958496e+02	   3.9781440e+01	
   6.0900000e+00	   4.1584402e+01	  -2.5551075e+01	   1.7406738e+02	   4.0608506e+01	
   6.1000000e+00	   4.1926528e+01	  -2.5661238e+01	   1.7740723e+02	   4.1454889e+01	
   6.1100000e+00	   4.3441654e+01	  -2.5771396e+01	   1.7525391e+02	   4.2299687e+01	
   6.1200000e+00	   4.3441654e+01	  -2.5881546e+01	   1.7578125e+02	   4.3134101e+01	
   6.1300000e+00	   4.2796503e+01	  -2.5991684e+01	  -1.2414551e+01	   4.3375555e+01	
   6.1400000e+00	   4.3255929e+01	  -2.6101807e+01	  -1.1711426e+01	   4.3028314e+01	
   6.1500000e+00	   4.2581453e+01	  -2.6211911e+01	  -1.8000000e+02	   4.2158410e+01	
   6.1600000e+00	   4.4272530e+01	  -2.6321992e+01	  -1.8000000e+02	   4.0766915e+01	
   6.1700000e+00	   4.3646929e+01	  -2.6432045e+01	  -1.8000000e+02	   3.9384135e+01	
   6.1800000e+00	   4.3295029e+01	  -2.6542068e+01	  -1.8000000e+02	   3.8010016e+01	
   6.1900000e+00	   4.4165005e+01	  -2.6652056e+01	  -1.7822021e+02	   3.6650078e+01	
   6.2000000e+00	   4.5025205e+01	  -2.6762005e+01	  -1.7701172e+02	   3.5308016e+01	
   6.2100000e+00	   4.3774004e+01	  -2.6871912e+01	  -1.7013428e+02	   3.3999684e+01	
   6.2200000e+00	   4.3050654e+01	  -2.6981772e+01	  -1.6751953e+02	   3.2729274e+01	
   6.2300000e+00	   4.3128854e+01	  -2.7091582e+01	  -1.6782715e+02	   3.1474047e+01	
   6.2400000e+00	   4.3744679e+01	  -2.7201337e+01	  -1.6439941e+02	   3.0236453e+01	
   6.2500000e+00	   4.5650806e+01	  -2.7311034e+01	  -1.6229004e+02	   2.9023952e+01	
   6.2600000e+00	   4.5631256e+01	  -2.7420668e+01	  -1.5684082e+02	   2.7842717e+01	
   6.2700000e+00	   4.4184555e+01	  -2.7530235e+01	  -1.5633545e+02	   2.6687529e+01	
   6.2800000e+00	   4.5572606e+01	  -2.7639731e+01	  -1.5183105e+02	   2.5555266e+01	
   6.2900000e+00	   4.6374157e+01	  -2.7749152e+01	  -1.5022705e+02	   2.4449225e+01	
   6.3000000e+00	   4.6325282e+01	  -2.7858494e+01	  -1.4515137e+02	   2.3371031e+01	
   6.3100000e+00	   4.5641031e+01	  -2.7967753e+01	  -1.4510742e+02	   2.2315624e+01	
   6.3200000e+00	   4.6305732e+01	  -2.8076924e+01	  -1.4189941e+02	   2.1277011e+01	
   6.3300000e+00	   4.5455306e+01	  -2.8186004e+01	  -1.3987793e+02	   2.0261282e+01	
   6.3400000e+00	   4.5895181e+01	  -2.8294987e+01	  -1.3627441e+02	   1.9269531e+01	
   6.3500000e+00	   4.5601931e+01	  -2.8403870e+01	  -1.3315430e+02	   1.8305048e+01	
   6.3600000e+00	   4.5856081e+01	  -2.8512648e+01	  -1.3018799e+02	   1.7365668e+01	
   6.3700000e+00	   4.5044755e+01	  -2.8621318e+01	  -1.2728760e+02	   1.6450545e+01	
   6.3800000e+00	   4.6745607e+01	  -2.8729874e+01	  -1.2785889e+02	   1.5548448e+01	
   6.3900000e+00	   4.6921557e+01	  -2.8838312e+01	  -1.2199219e+02	   1.4668585e+01	
   6.4000000e+00	   4.6862907e+01	  -2.8946629e+01	  -1.1849854e+02	   1.3823548e+01	
   6.4100000e+00	   4.4751505e+01	  -2.9054819e+01	  -1.1511475e+02	   1.3005342e+01	
   6.4200000e+00	   4.6980207e+01	  -2.9162878e+01	  -1.1370850e+02	   1.2207262e+01	
   6.4300000e+00	   4.5543281e+01	  -2.9270802e+01	  -1.0902832e+02	   1.1433242e+01	
   6.4400000e+00	   4.4868805e+01	  -2.9378586e+01	  -1.0551270e+02	   1.0689738e+01	
   6.4500000e+00	   4.7253908e+01	  -2.9486226e+01	  -1.0388672e+02	   9.9669930e+00	
   6.4600000e+00	   4.6550107e+01	  -2.9593717e+01	  -9.9887695e+01	   9.2663911e+00	
   6.4700000e+00	   4.6452357e+01	  -2.9701055e+01	  -9.7492676e+01	   8.5902020e+00	
   6.4800000e+00	   4.6325282e+01	  -2.9808234e+01	  -9.5251465e+01	   7.9327678e+00	
   6.4900000e+00	   4.5895181e+01	  -2.9915252e+01	  -9.2373047e+01	   7.2954849e+00	
   6.5000000e+00	   4.6784707e+01	  -3.0022102e+01	  -9.0175781e+01	   6.6780896e+00	
   6.5100000e+00	   4.6452357e+01	  -3.0128781e+01	  -8.6748047e+01	   6.0821774e+00	
   6.5200000e+00	   4.7136607e+01	  -3.0235284e+01	  -8.4704590e+01	   5.5071323e+00	
   6.5300000e+00	   4.6471907e+01	  -3.0341605e+01	  -8.2463379e+01	   4.9491076e+00	
   6.5400000e+00	   4.6853132e+01	  -3.0447741e+01	  -7.8881836e+01	   4.4128135e+00	
   6.5500000e+00	   4.6589207e+01	  -3.0553687e+01	  -7.6091309e+01	   3.8998344e+00	
   6.5600000e+00	   4.6080906e+01	  -3.0659438e+01	  -7.2993164e+01	   3.4085102e+00	
   6.5700000e+00	   4.5601931e+01	  -3.0764989e+01	  -7.0795898e+01	   2.9368475e+00	
   6.5800000e+00	   4.7146382e+01	  -3.0870336e+01	  -6.7521973e+01	   2.4852735e+00	
   6.5900000e+00	   4.6051581e+01	  -3.0975473e+01	  -6.3391113e+01	   2.0597180e+00	
   6.6000000e+00	   4.6540332e+01	  -3.1080397e+01	  -6.2028809e+01	   1.6540313e+00	
   6.6100000e+00	   4.6354607e+01	  -3.1185102e+01	  -5.6887207e+01	   1.2712543e+00	
   6.6200000e+00	   4.7732883e+01	  -3.1289584e+01	  -5.6074219e+01	   9.0952320e-01	
   6.6300000e+00	   4.8417134e+01	  -3.1393837e+01	  -5.1591797e+01	   5.6664180e-01	
   6.6400000e+00	   4.6911782e+01	  -3.1497857e+01	  -5.0756836e+01	   2.4256084e-01	
   6.6500000e+00	   4.7380983e+01	  -3.1601639e+01	  -4.7680664e+01	  -6.7241491e-02	
   6.6600000e+00	   4.7840408e+01	  -3.1705179e+01	  -4.4648438e+01	  -3.5597330e-01	
   6.6700000e+00	   4.7859958e+01	  -3.1808470e+01	  -4.1154785e+01	  -6.2245911e-01	
   6.6800000e+00	   4.6960657e+01	  -3.1911509e+01	  -3.8188477e+01	  -8.6704471e-01	
   6.6900000e+00	   4.6579432e+01	  -3.2014291e+01	  -3.7045898e+01	  -1.0972303e+00	
   6.7000000e+00	   4.7586258e+01	  -3.2116810e+01	  -3.3728027e+01	  -1.3120050e+00	
   6.7100000e+00	   4.7185482e+01	  -3.2219062e+01	  -2.7817383e+01	  -1.4965329e+00	
   6.7200000e+00	   4.6374157e+01	  -3.2321041e+01	  -2.7751465e+01	  -1.6611879e+00	
   6.7300000e+00	   4.7283233e+01	  -3.2422744e+01	  -2.3269043e+01	  -1.8105672e+00	
   6.7400000e+00	   4.7097507e+01	  -3.2524164e+01	  -2.1203613e+01	  -1.9385045e+00	
   6.7500000e+00	   4.5895181e+01	  -3.2625297e+01	  -2.0917969e+01	  -2.0582775e+00	
   6.7600000e+00	   4.6374157e+01	  -3.2726138e+01	  -1.7622070e+01	  -2.1660837e+00	
   6.7700000e+00	   4.7703558e+01	  -3.2826682e+01	  -1.1293945e+01	  -2.2430746e+00	
   6.7800000e+00	   4.7850183e+01	  -3.2926923e+01	  -7.0092773e+00	  -2.2863464e+00	
   6.7900000e+00	   4.8045683e+01	  -3.3026858e+01	  -5.7128906e+00	  -2.3118686e+00	
   6.8000000e+00	   4.7537383e+01	  -3.3126480e+01	  -5.9545898e+00	  -2.3339280e+00	
   6.8100000e+00	   4.7097507e+01	  -3.3225786e+01	  -1.9335938e+00	  -2.3440133e+00	
   6.8200000e+00	   4.7380983e+01	  -3.3324768e+01	   2.3950195e+00	  -2.3278864e+00	
   6.8300000e+00	   4.6833582e+01	  -3.3423424e+01	   5.0537109e+00	  -2.2899779e+00	
   6.8400000e+00	   4.7283233e+01	  -3.3521747e+01	   1.0942383e+01	  -2.2255386e+00	
   6.8500000e+00	   4.7126832e+01	  -3.3619733e+01	   1.4150391e+01	  -2.1330142e+00	
   6.8600000e+00	   4.7205032e+01	  -3.3717376e+01	   1.1843262e+01	  -2.0382480e+00	
   6.8700000e+00	   4.6960657e+01	  -3.3814672e+01	   1.5996094e+01	  -1.9382951e+00	
   6.8800000e+00	   4.7605808e+01	  -3.3911615e+01	   1.9050293e+01	  -1.8163975e+00	
   6.8900000e+00	   4.8006583e+01	  -3.4008200e+01	   2.1862793e+01	  -1.6768903e+00	
   6.9000000e+00	   4.8153208e+01	  -3.4104422e+01	   2.8146973e+01	  -1.5097683e+00	
   6.9100000e+00	   4.8553984e+01	  -3.4200276e+01	   2.9245605e+01	  -1.3205718e+00	
   6.9200000e+00	   4.8798359e+01	  -3.4295757e+01	   3.2497559e+01	  -1.1189353e+00	
   6.9300000e+00	   4.6980207e+01	  -3.4390860e+01	   3.6848145e+01	  -8.9475244e-01	
   6.9400000e+00	   4.7830633e+01	  -3.4485579e+01	   3.9287109e+01	  -6.5071047e-01	
   6.9500000e+00	   4.6041806e+01	  -3.4579910e+01	   4.1176758e+01	  -3.9464087e-01	
   6.9600000e+00	   4.8202083e+01	  -3.4673848e+01	   4.3901367e+01	  -1.2572439e-01	
   6.9700000e+00	   4.7283233e+01	  -3.4767386e+01	   4.7526855e+01	   1.6139472e-01	
   6.9800000e+00	   4.7361433e+01	  -3.4860521e+01	   5.3129883e+01	   4.7561699e-01	
   6.9900000e+00	   4.6227532e+01	  -3.4953246e+01	   5.1701660e+01	   8.0094563e-01	
   7.0000000e+00	   4.6550107e+01	  -3.5045557e+01	   5.5524902e+01	   1.1317372e+00	
   7.0100000e+00	   4.7615583e+01	  -3.5137449e+01	   5.9567871e+01	   1.4850920e+00	
   7.0200000e+00	   4.7938158e+01	  -3.5228916e+01	   6.3918457e+01	   1.8625201e+00	
   7.0300000e+00	   4.6354607e+01	  -3.5319954e+01	   6.6665039e+01	   2.2598109e+00	
   7.0400000e+00	   4.8065233e+01	  -3.5410556e+01	   6.8159180e+01	   2.6678942e+00	
   7.0500000e+00	   4.7693783e+01	  -3.5500719e+01	   7.0004883e+01	   3.0838810e+00	
   7.0600000e+00	   4.7322333e+01	  -3.5590437e+01	   7.5234375e+01	   3.5194201e+00	
   7.0700000e+00	   4.9922485e+01	  -3.5679704e+01	   7.8134766e+01	   3.9776921e+00	
   7.0800000e+00	   4.9306659e+01	  -3.5768515e+01	   8.1782227e+01	   4.4536001e+00	
   7.0900000e+00	   4.6520782e+01	  -3.5856866e+01	   8.3188477e+01	   4.9423542e+00	
   7.1000000e+00	   4.7439633e+01	  -3.5944752e+01	   8.7363281e+01	   5.4455255e+00	
   7.1100000e+00	   4.9639010e+01	  -3.6032166e+01	   9.2241211e+01	   5.9738962e+00	
   7.1200000e+00	   4.8632184e+01	  -3.6119104e+01	   9.7316895e+01	   6.5301298e+00	
   7.1300000e+00	   4.9140484e+01	  -3.6205561e+01	   9.8811035e+01	   7.1034546e+00	
   7.1400000e+00	   4.7987033e+01	  -3.6291532e+01	   9.9558105e+01	   7.6802073e+00	
   7.1500000e+00	   4.7517833e+01	  -3.6377011e+01	   1.0461182e+02	   8.2715142e+00	
   7.1600000e+00	   4.8573534e+01	  -3.6461993e+01	   1.0731445e+02	   8.8834084e+00	
   7.1700000e+00	   4.9013409e+01	  -3.6546474e+01	   1.0984131e+02	   9.5078476e+00	
   7.1800000e+00	   4.9971360e+01	  -3.6630448e+01	   1.1072021e+02	   1.0139042e+01	
   7.1900000e+00	   4.6393707e+01	  -3.6713909e+01	   1.1682861e+02	   1.0788165e+01	
   7.2000000e+00	   4.7889283e+01	  -3.6796854e+01	   1.1726807e+02	   1.1453728e+01	
   7.2100000e+00	   4.8514884e+01	  -3.6879276e+01	   1.2234375e+02	   1.2132395e+01	
   7.2200000e+00	   4.7820858e+01	  -3.6961170e+01	   1.2414551e+02	   1.2828350e+01	
   7.2300000e+00	   4.9111159e+01	  -3.7042532e+01	   1.2779297e+02	   1.3537011e+01	
   7.2400000e+00	   4.8075008e+01	  -3.7123357e+01	   1.3084717e+02	   1.4262222e+01	
   7.2500000e+00	   4.6941107e+01	  -3.7203639e+01	   1.3442871e+02	   1.5003671e+01	
   7.2600000e+00	   4.8563759e+01	  -3.7283372e+01	   1.4077881e+02	   1.5771580e+01	
   7.2700000e+00	   4.9072059e+01	  -3.7362554e+01	   1.4159180e+02	   1.6557113e+01	
   7.2800000e+00	   4.6960657e+01	  -3.7441177e+01	   1.4517334e+02	   1.7351488e+01	
   7.2900000e+00	   4.9414184e+01	  -3.7519237e+01	   1.4934814e+02	   1.8165178e+01	
   7.3000000e+00	   4.8094558e+01	  -3.7596729e+01	   1.5136963e+02	   1.8993177e+01	
   7.3100000e+00	   4.9785635e+01	  -3.7673647e+01	   1.5394043e+02	   1.9830372e+01	
   7.3200000e+00	   4.7644908e+01	  -3.7749988e+01	   1.5479736e+02	   2.0673058e+01	
   7.3300000e+00	   4.7664458e+01	  -3.7825746e+01	   1.6055420e+02	   2.1531178e+01	
   7.3400000e+00	   4.8612634e+01	  -3.7900915e+01	   1.6901367e+02	   2.2428446e+01	
   7.3500000e+00	   4.8710384e+01	  -3.7975491e+01	   1.6973877e+02	   2.3348857e+01	
   7.3600000e+00	   5.0264610e+01	  -3.8049469e+01	   1.6921143e+02	   2.4264123e+01	
   7.3700000e+00	   4.9599910e+01	  -3.8122843e+01	   1.7437500e+02	   2.5188176e+01	
   7.3800000e+00	   4.8495334e+01	  -3.8195610e+01	   1.7494629e+02	   2.6124401e+01	
   7.3900000e+00	   4.8847234e+01	  -3.8267763e+01	   1.7562744e+02	   2.7058684e+01	
   7.4000000e+00	   5.0157085e+01	  -3.8339299e+01	   1.7483643e+02	   2.7986772e+01	
   7.4100000e+00	   4.7644908e+01	  -3.8410211e+01	  -1.1425781e+01	   2.8323239e+01	
   7.4200000e+00	   4.8925434e+01	  -3.8480495e+01	  -1.8000000e+02	   2.7546336e+01	
   7.4300000e+00	   4.8690834e+01	  -3.8550147e+01	  -1.8000000e+02	   2.6246363e+01	
   7.4400000e+00	   4.8573534e+01	  -3.8619160e+01	  -1.8000000e+02	   2.4954533e+01	
   7.4500000e+00	   4.8133658e+01	  -3.8687532e+01	  -1.8000000e+02	   2.3670795e+01	
   7.4600000e+00	   4.9111159e+01	  -3.8755255e+01	  -1.7595703e+02	   2.2407758e+01	
   7.4700000e+00	   4.7087732e+01	  -3.8822327e+01	  -1.7463867e+02	   2.1169424e+01	
   7.4800000e+00	   5.0235285e+01	  -3.8888741e+01	  -1.7061768e+02	   1.9955567e+01	
   7.4900000e+00	   4.7723108e+01	  -3.8954493e+01	  -1.6903564e+02	   1.8766861e+01	
   7.5000000e+00	   4.9169809e+01	  -3.9019578e+01	  -1.6617920e+02	   1.7599500e+01	
   7.5100000e+00	   4.8309608e+01	  -3.9083992e+01	  -1.5996094e+02	   1.6467871e+01	
   7.5200000e+00	   4.8602859e+01	  -3.9147729e+01	  -1.5963135e+02	   1.5363836e+01	
   7.5300000e+00	   4.7811083e+01	  -3.9210785e+01	  -1.5708252e+02	   1.4275731e+01	
   7.5400000e+00	   4.7429858e+01	  -3.9273155e+01	  -1.5396240e+02	   1.3212196e+01	
   7.5500000e+00	   4.9081834e+01	  -3.9334835e+01	  -1.5079834e+02	   1.2175002e+01	
   7.5600000e+00	   4.8857009e+01	  -3.9395819e+01	  -1.4853516e+02	   1.1161301e+01	
   7.5700000e+00	   5.1203011e+01	  -3.9456104e+01	  -1.4405273e+02	   1.0175076e+01	
   7.5800000e+00	   4.9394634e+01	  -3.9515683e+01	  -1.4091064e+02	   9.2189060e+00	
   7.5900000e+00	   4.8299833e+01	  -3.9574554e+01	  -1.3754883e+02	   8.2890937e+00	
   7.6000000e+00	   4.8925434e+01	  -3.9632710e+01	  -1.3357178e+02	   7.3880889e+00	
   7.6100000e+00	   4.8104333e+01	  -3.9690148e+01	  -1.2983643e+02	   6.5168810e+00	
   7.6200000e+00	   4.7625358e+01	  -3.9746862e+01	  -1.3016602e+02	   5.6617960e+00	
   7.6300000e+00	   4.7889283e+01	  -3.9802849e+01	  -1.2581543e+02	   4.8246596e+00	
   7.6400000e+00	   4.8622409e+01	  -3.9858104e+01	  -1.2280518e+02	   4.0158191e+00	
   7.6500000e+00	   4.8319383e+01	  -3.9912622e+01	  -1.2016846e+02	   3.2297298e+00	
   7.6600000e+00	   5.0000685e+01	  -3.9966398e+01	  -1.1562012e+02	   2.4710661e+00	
   7.6700000e+00	   4.7820858e+01	  -4.0019429e+01	  -1.1265381e+02	   1.7406884e+00	
   7.6800000e+00	   4.8250958e+01	  -4.0071709e+01	  -1.1019287e+02	   1.0318823e+00	
   7.6900000e+00	   4.8710384e+01	  -4.0123234e+01	  -1.0810547e+02	   3.4176010e-01	
   7.7000000e+00	   5.0000685e+01	  -4.0174001e+01	  -1.0467773e+02	  -3.2676735e-01	
   7.7100000e+00	   4.7938158e+01	  -4.0224004e+01	  -1.0107422e+02	  -9.6908724e-01	
   7.7200000e+00	   4.7566708e+01	  -4.0273239e+01	  -9.6547852e+01	  -1.5819231e+00	
   7.7300000e+00	   4.8993859e+01	  -4.0321701e+01	  -9.4196777e+01	  -2.1693818e+00	
   7.7400000e+00	   4.9961585e+01	  -4.0369387e+01	  -9.2438965e+01	  -2.7402930e+00	
   7.7500000e+00	   4.9052509e+01	  -4.0416292e+01	  -8.9033203e+01	  -3.2914571e+00	
   7.7600000e+00	   4.9130709e+01	  -4.0462412e+01	  -8.6594238e+01	  -3.8208647e+00	
   7.7700000e+00	   4.7752433e+01	  -4.0507742e+01	  -8.3430176e+01	  -4.3294090e+00	
   7.7800000e+00	   4.7097507e+01	  -4.0552279e+01	  -7.9716797e+01	  -4.8132295e+00	
   7.7900000e+00	   4.9013409e+01	  -4.0596018e+01	  -7.7651367e+01	  -5.2759217e+00	
   7.8000000e+00	   4.7185482e+01	  -4.0638954e+01	  -7.5915527e+01	  -5.7238111e+00	
   7.8100000e+00	   4.8055458e+01	  -4.0681084e+01	  -7.2048340e+01	  -6.1513478e+00	
   7.8200000e+00	   4.7908833e+01	  -4.0722404e+01	  -7.0026855e+01	  -6.5577647e+00	
   7.8300000e+00	   4.8505109e+01	  -4.0762910e+01	  -6.7587891e+01	  -6.9476669e+00	
   7.8400000e+00	   4.9101384e+01	  -4.0802597e+01	  -6.3610840e+01	  -7.3150335e+00	
   7.8500000e+00	   4.8925434e+01	  -4.0841461e+01	  -5.8447266e+01	  -7.6514727e+00	
   7.8600000e+00	   5.0030010e+01	  -4.0879498e+01	  -5.8139648e+01	  -7.9686703e+00	
   7.8700000e+00	   4.6843357e+01	  -4.0916705e+01	  -5.5019531e+01	  -8.2731461e+00	
   7.8800000e+00	   4.7869733e+01	  -4.0953077e+01	  -5.1569824e+01	  -8.5551398e+00	
   7.8900000e+00	   4.9208909e+01	  -4.0988611e+01	  -4.7680664e+01	  -8.8123835e+00	
   7.9000000e+00	   4.8720159e+01	  -4.1023302e+01	  -4.6274414e+01	  -9.0514321e+00	
   7.9100000e+00	   5.0362360e+01	  -4.1057147e+01	  -4.2583008e+01	  -9.2730187e+00	
   7.9200000e+00	   4.8817909e+01	  -4.1090141e+01	  -4.0759277e+01	  -9.4759452e+00	
   7.9300000e+00	   4.9365309e+01	  -4.1122282e+01	  -3.7177734e+01	  -9.6606727e+00	
   7.9400000e+00	   4.9023184e+01	  -4.1153565e+01	  -3.4343262e+01	  -9.8241497e+00	
   7.9500000e+00	   4.9414184e+01	  -4.1183986e+01	  -3.0344238e+01	  -9.9652019e+00	
   7.9600000e+00	   4.7664458e+01	  -4.1213541e+01	  -2.7421875e+01	  -1.0083694e+01	
   7.9700000e+00	   4.9316434e+01	  -4.1242228e+01	  -2.6191406e+01	  -1.0188439e+01	
   7.9800000e+00	   4.8827684e+01	  -4.1270041e+01	  -2.0390625e+01	  -1.0270507e+01	
   7.9900000e+00	   4.7625358e+01	  -4.1296979e+01	  -1.5183105e+01	  -1.0317586e+01	
   8.0000000e+00	   4.9072059e+01	  -4.1323036e+01	  -1.6699219e+01	  -1.0352810e+01	
   8.0100000e+00	   5.0323260e+01	  -4.1348210e+01	  -1.3732910e+01	  -1.0383271e+01	
   8.0200000e+00	   4.9433735e+01	  -4.1372496e+01	  -1.1931152e+01	  -1.0398609e+01	
   8.0300000e+00	   4.9345759e+01	  -4.1395892e+01	  -6.4379883e+00	  -1.0391005e+01	
   8.0400000e+00	   4.8925434e+01	  -4.1418394e+01	  -4.8339844e+00	  -1.0361221e+01	
   8.0500000e+00	   4.9834510e+01	  -4.1439997e+01	  -9.6679688e-01	  -1.0314490e+01	
   8.0600000e+00	   4.9120934e+01	  -4.1460700e+01	   3.1860352e+00	  -1.0242935e+01	
   8.0700000e+00	   4.8495334e+01	  -4.1480499e+01	   2.3510742e+00	  -1.0161437e+01	
   8.0800000e+00	   4.8172758e+01	  -4.1499389e+01	   4.5043945e+00	  -1.0076321e+01	
   8.0900000e+00	   4.9443510e+01	  -4.1517368e+01	   1.2634277e+01	  -9.9595335e+00	
   8.1000000e+00	   4.7635133e+01	  -4.1534433e+01	   1.4260254e+01	  -9.8129243e+00	
   8.1100000e+00	   4.8426909e+01	  -4.1550580e+01	   1.6655273e+01	  -9.6546406e+00	
   8.1200000e+00	   4.7644908e+01	  -4.1565806e+01	   1.9489746e+01	  -9.4809708e+00	
   8.1300000e+00	   4.8299833e+01	  -4.1580108e+01	   2.3488770e+01	  -9.2869879e+00	
   8.1400000e+00	   5.0059335e+01	  -4.1593483e+01	   2.4257813e+01	  -9.0792876e+00	
   8.1500000e+00	   4.7615583e+01	  -4.1605927e+01	   2.9487305e+01	  -8.8541022e+00	
   8.1600000e+00	   4.9766085e+01	  -4.1617438e+01	   3.1157227e+01	  -8.6087199e+00	
   8.1700000e+00	   4.8162983e+01	  -4.1628012e+01	   3.3728027e+01	  -8.3515936e+00	
   8.1800000e+00	   4.9687885e+01	  -4.1637646e+01	   3.7309570e+01	  -8.0768102e+00	
   8.1900000e+00	   4.7596033e+01	  -4.1646337e+01	   4.2231445e+01	  -7.7771171e+00	
   8.2000000e+00	   4.8338934e+01	  -4.1654083e+01	   4.1967773e+01	  -7.4647128e+00	
   8.2100000e+00	   4.8329158e+01	  -4.1660881e+01	   4.9658203e+01	  -7.1310064e+00	
   8.2200000e+00	   4.8573534e+01	  -4.1666727e+01	   4.8559570e+01	  -6.7787463e+00	
   8.2300000e+00	   4.7234357e+01	  -4.1671619e+01	   5.2360840e+01	  -6.4202284e+00	
   8.2400000e+00	   4.7830633e+01	  -4.1675553e+01	   5.4711914e+01	  -6.0446885e+00	
   8.2500000e+00	   4.8417134e+01	  -4.1678528e+01	   5.9436035e+01	  -5.6493430e+00	
   8.2600000e+00	   4.8866784e+01	  -4.1680540e+01	   6.2885742e+01	  -5.2308752e+00	
   8.2700000e+00	   4.7556933e+01	  -4.1681587e+01	   6.5654297e+01	  -4.7955544e+00	
   8.2800000e+00	   4.9169809e+01	  -4.1681666e+01	   7.0444336e+01	  -4.3392885e+00	
   8.2900000e+00	   4.7908833e+01	  -4.1680775e+01	   7.1894531e+01	  -3.8663374e+00	
   8.3000000e+00	   4.8524659e+01	  -4.1678910e+01	   7.7255859e+01	  -3.3750167e+00	
   8.3100000e+00	   4.9326209e+01	  -4.1676069e+01	   7.8310547e+01	  -2.8666798e+00	
   8.3200000e+00	   4.9355534e+01	  -4.1672250e+01	   8.1672363e+01	  -2.3476956e+00	
   8.3300000e+00	   4.8075008e+01	  -4.1667450e+01	   8.6264648e+01	  -1.8070516e+00	
   8.3400000e+00	   4.9756310e+01	  -4.1661668e+01	   8.7539063e+01	  -1.2514208e+00	
   8.3500000e+00	   4.8045683e+01	  -4.1654899e+01	   9.2460938e+01	  -6.7986494e-01	
   8.3600000e+00	   4.7586258e+01	  -4.1647143e+01	   9.4020996e+01	  -9.1589133e-02	
   8.3700000e+00	   4.8495334e+01	  -4.1638396e+01	   9.8547363e+01	   5.1206324e-01	
   8.3800000e+00	   4.7654683e+01	  -4.1628656e+01	   9.8657227e+01	   1.1264542e+00	
   8.3900000e+00	   4.7234357e+01	  -4.1617922e+01	   1.0415039e+02	   1.7545443e+00	
   8.4000000e+00	   4.7459183e+01	  -4.1606191e+01	   1.0744629e+02	   2.4062255e+00	
   8.4100000e+00	   4.7283233e+01	  -4.1593460e+01	   1.1054443e+02	   3.0738496e+00	
   8.4200000e+00	   4.8847234e+01	  -4.1579728e+01	   1.1148926e+02	   3.7499536e+00	
   8.4300000e+00	   4.7156157e+01	  -4.1564992e+01	   1.1676270e+02	   4.4412970e+00	
   8.4400000e+00	   4.7908833e+01	  -4.1549251e+01	   1.2080566e+02	   5.1574869e+00	
   8.4500000e+00	   4.8446459e+01	  -4.1532502e+01	   1.2539795e+02	   5.8962345e+00	
   8.4600000e+00	   4.7723108e+01	  -4.1514744e+01	   1.2781494e+02	   6.6523064e+00	
   8.4700000e+00	   4.7654683e+01	  -4.1495974e+01	   1.3029785e+02	   7.4189879e+00	
   8.4800000e+00	   4.7302783e+01	  -4.1476191e+01	   1.3223145e+02	   8.1946987e+00	
   8.4900000e+00	   4.8329158e+01	  -4.1455392e+01	   1.3572510e+02	   8.9825477e+00	
   8.5000000e+00	   4.6804257e+01	  -4.1433576e+01	   1.3970215e+02	   9.7888584e+00	
   8.5100000e+00	   4.8974309e+01	  -4.1410742e+01	   1.4308594e+02	   1.0613171e+01	
   8.5200000e+00	   4.7684008e+01	  -4.1386887e+01	   1.4539307e+02	   1.1450144e+01	
   8.5300000e+00	   4.8661509e+01	  -4.1362009e+01	   1.4440430e+02	   1.2286002e+01	
   8.5400000e+00	   4.8172758e+01	  -4.1336107e+01	   1.5587402e+02	   1.3149449e+01	
   8.5500000e+00	   4.7742658e+01	  -4.1309180e+01	   1.5892822e+02	   1.4052974e+01	
   8.5600000e+00	   4.8016358e+01	  -4.1281226e+01	   1.5785156e+02	   1.4957032e+01	
   8.5700000e+00	   4.8114108e+01	  -4.1252243e+01	   1.6633301e+02	   1.5878618e+01	
   8.5800000e+00	   4.9365309e+01	  -4.1222229e+01	   1.6888184e+02	   1.6828976e+01	
   8.5900000e+00	   5.0362360e+01	  -4.1191184e+01	   1.7059570e+02	   1.7786731e+01	
   8.6000000e+00	   4.7312558e+01	  -4.1159106e+01	   1.7026611e+02	   1.8742822e+01	
   8.6100000e+00	   4.8114108e+01	  -4.1125993e+01	   1.7591309e+02	   1.9709577e+01	
   8.6200000e+00	   5.0714261e+01	  -4.1091844e+01	   1.7538574e+02	   2.0686311e+01	
   8.6300000e+00	   4.9697660e+01	  -4.1056658e+01	   1.7501221e+02	   2.1654105e+01	
   8.6400000e+00	   4.8466009e+01	  -4.1020434e+01	   1.7540771e+02	   2.2615907e+01	
   8.6500000e+00	   4.9766085e+01	  -4.0983170e+01	  -1.1733398e+01	   2.2986841e+01	
   8.6600000e+00	   4.9316434e+01	  -4.0944865e+01	  -1.8000000e+02	   2.2242398e+01	
   8.6700000e+00	   4.8749484e+01	  -4.0905519e+01	  -1.8000000e+02	   2.0975647e+01	
   8.6800000e+00	   4.8593084e+01	  -4.0865129e+01	  -1.8000000e+02	   1.9716831e+01	
   8.6900000e+00	   4.8524659e+01	  -4.0823695e+01	  -1.8000000e+02	   1.8465899e+01	
   8.7000000e+00	   5.0333035e+01	  -4.0781216e+01	  -1.7712158e+02	   1.7231816e+01	
   8.7100000e+00	   4.9981135e+01	  -4.0737691e+01	  -1.7674805e+02	   1.6015648e+01	
   8.7200000e+00	   5.0225510e+01	  -4.0693120e+01	  -1.6918945e+02	   1.4831939e+01	
   8.7300000e+00	   4.8104333e+01	  -4.0647500e+01	  -1.6956299e+02	   1.3678146e+01	
   8.7400000e+00	   4.9736760e+01	  -4.0600831e+01	  -1.6378418e+02	   1.2548508e+01	
   8.7500000e+00	   4.9160034e+01	  -4.0553114e+01	  -1.6272949e+02	   1.1447346e+01	
   8.7600000e+00	   4.7380983e+01	  -4.0504345e+01	  -1.5901611e+02	   1.0368014e+01	
   8.7700000e+00	   4.6853132e+01	  -4.0454526e+01	  -1.5563232e+02	   9.3176686e+00	
   8.7800000e+00	   4.8661509e+01	  -4.0403655e+01	  -1.5202881e+02	   8.2957850e+00	
   8.7900000e+00	   4.8905884e+01	  -4.0351732e+01	  -1.4928223e+02	   7.3001890e+00	
   8.8000000e+00	   4.8045683e+01	  -4.0298756e+01	  -1.4534912e+02	   6.3317482e+00	
   8.8100000e+00	   4.9023184e+01	  -4.0244727e+01	  -1.4280029e+02	   5.3896730e+00	
   8.8200000e+00	   4.9003634e+01	  -4.0189644e+01	  -1.4126221e+02	   4.4662979e+00	
   8.8300000e+00	   4.8778809e+01	  -4.0133506e+01	  -1.3539551e+02	   3.5718964e+00	
   8.8400000e+00	   4.8436684e+01	  -4.0076314e+01	  -1.3471436e+02	   2.7036033e+00	
   8.8500000e+00	   5.0342810e+01	  -4.0018066e+01	  -1.3111084e+02	   1.8541674e+00	
   8.8600000e+00	   4.7947933e+01	  -3.9958763e+01	  -1.2719971e+02	   1.0335860e+00	
   8.8700000e+00	   4.8485559e+01	  -3.9898403e+01	  -1.2511230e+02	   2.3693037e-01	
   8.8800000e+00	   4.8338934e+01	  -3.9836988e+01	  -1.2073975e+02	  -5.3450431e-01	
   8.8900000e+00	   5.0421010e+01	  -3.9774517e+01	  -1.1696045e+02	  -1.2755774e+00	
   8.9000000e+00	   4.7644908e+01	  -3.9710989e+01	  -1.1612549e+02	  -1.9975580e+00	
   8.9100000e+00	   4.9639010e+01	  -3.9646404e+01	  -1.1234619e+02	  -2.7005657e+00	
   8.9200000e+00	   4.9091609e+01	  -3.9580763e+01	  -1.0973145e+02	  -3.3791454e+00	
   8.9300000e+00	   4.9081834e+01	  -3.9514065e+01	  -1.0641357e+02	  -4.0348953e+00	
   8.9400000e+00	   4.7380983e+01	  -3.9446310e+01	  -1.0340332e+02	  -4.6667196e+00	
   8.9500000e+00	   4.9277334e+01	  -3.9377499e+01	  -1.0039307e+02	  -5.2757317e+00	
   8.9600000e+00	   4.8006583e+01	  -3.9307631e+01	  -9.6987305e+01	  -5.8608358e+00	
   8.9700000e+00	   4.7087732e+01	  -3.9236706e+01	  -9.3955078e+01	  -6.4221128e+00	
   8.9800000e+00	   4.8426909e+01	  -3.9164725e+01	  -9.1252441e+01	  -6.9619140e+00	
   8.9900000e+00	   4.7811083e+01	  -3.9091688e+01	  -8.8703613e+01	  -7.4818878e+00	
   9.0000000e+00	   4.8651734e+01	  -3.9017595e+01	  -8.4814453e+01	  -7.9784425e+00	
   9.0100000e+00	   4.7547158e+01	  -3.8942447e+01	  -8.2924805e+01	  -8.4537891e+00	
   9.0200000e+00	   4.7244132e+01	  -3.8866243e+01	  -7.9716797e+01	  -8.9101937e+00	
   9.0300000e+00	   4.9375084e+01	  -3.8788985e+01	  -7.6948242e+01	  -9.3450224e+00	
   9.0400000e+00	   4.9394634e+01	  -3.8710671e+01	  -7.3256836e+01	  -9.7568965e+00	
   9.0500000e+00	   4.8514884e+01	  -3.8631304e+01	  -7.1586914e+01	  -1.0149400e+01	
   9.0600000e+00	   4.8866784e+01	  -3.8550884e+01	  -6.8466797e+01	  -1.0524444e+01	
   9.0700000e+00	   4.8944984e+01	  -3.8469410e+01	  -6.5895996e+01	  -1.0879317e+01	
   9.0800000e+00	   4.8583309e+01	  -3.8386884e+01	  -6.2380371e+01	  -1.1212905e+01	
   9.0900000e+00	   4.9922485e+01	  -3.8303307e+01	  -5.9040527e+01	  -1.1522935e+01	
   9.1000000e+00	   4.9912710e+01	  -3.8218678e+01	  -5.6074219e+01	  -1.1811273e+01	
   9.1100000e+00	   4.7732883e+01	  -3.8132999e+01	  -5.1020508e+01	  -1.2072688e+01	
   9.1200000e+00	   4.9081834e+01	  -3.8046270e+01	  -4.8669434e+01	  -1.2309276e+01	
   9.1300000e+00	   4.9990910e+01	  -3.7958492e+01	  -4.6845703e+01	  -1.2531307e+01	
   9.1400000e+00	   4.9521710e+01	  -3.7869667e+01	  -4.3769531e+01	  -1.2736602e+01	
   9.1500000e+00	   4.8925434e+01	  -3.7779794e+01	  -4.0056152e+01	  -1.2919349e+01	
   9.1600000e+00	   4.8651734e+01	  -3.7688875e+01	  -3.8781738e+01	  -1.3085330e+01	
   9.1700000e+00	   4.7869733e+01	  -3.7596911e+01	  -3.3574219e+01	  -1.3229971e+01	
   9.1800000e+00	   5.0284160e+01	  -3.7503902e+01	  -3.3442383e+01	  -1.3356985e+01	
   9.1900000e+00	   4.8426909e+01	  -3.7409850e+01	  -3.0871582e+01	  -1.3474739e+01	
   9.2000000e+00	   4.9140484e+01	  -3.7314757e+01	  -2.6389160e+01	  -1.3569667e+01	
   9.2100000e+00	   4.8905884e+01	  -3.7218622e+01	  -2.4345703e+01	  -1.3643563e+01	
   9.2200000e+00	   4.7508058e+01	  -3.7121447e+01	  -1.8632813e+01	  -1.3692704e+01	
   9.2300000e+00	   4.9306659e+01	  -3.7023233e+01	  -1.6567383e+01	  -1.3717178e+01	
   9.2400000e+00	   4.8827684e+01	  -3.6923983e+01	  -1.5051270e+01	  -1.3730283e+01	
   9.2500000e+00	   4.8338934e+01	  -3.6823696e+01	  -1.2348633e+01	  -1.3730093e+01	
   9.2600000e+00	   4.8690834e+01	  -3.6722374e+01	  -5.3833008e+00	  -1.3699626e+01	
   9.2700000e+00	   4.7987033e+01	  -3.6620018e+01	  -3.5815430e+00	  -1.3641894e+01	
   9.2800000e+00	   5.0596961e+01	  -3.6516631e+01	  -2.5048828e+00	  -1.3575509e+01	
   9.2900000e+00	   4.7732883e+01	  -3.6412213e+01	   6.8115234e-01	  -1.3496190e+01	
   9.3000000e+00	   4.7498283e+01	  -3.6306766e+01	   4.0209961e+00	  -1.3396930e+01	
   9.3100000e+00	   4.9228459e+01	  -3.6200292e+01	   5.7348633e+00	  -1.3282465e+01	
   9.3200000e+00	   4.8514884e+01	  -3.6092791e+01	   9.7558594e+00	  -1.3150756e+01	
   9.3300000e+00	   4.8299833e+01	  -3.5984266e+01	   1.5292969e+01	  -1.2989939e+01	
   9.3400000e+00	   4.9443510e+01	  -3.5874718e+01	   1.4721680e+01	  -1.2814577e+01	
   9.3500000e+00	   4.8358484e+01	  -3.5764149e+01	   1.5117188e+01	  -1.2640865e+01	
   9.3600000e+00	   4.9179584e+01	  -3.5652561e+01	   1.9379883e+01	  -1.2453652e+01	
   9.3700000e+00	   4.7498283e+01	  -3.5539955e+01	   2.3620605e+01	  -1.2240980e+01	
   9.3800000e+00	   4.7566708e+01	  -3.5426333e+01	   2.6235352e+01	  -1.2008172e+01	
   9.3900000e+00	   4.7967483e+01	  -3.5311698e+01	   3.4057617e+01	  -1.1744135e+01	
   9.4000000e+00	   4.9375084e+01	  -3.5196050e+01	   3.4519043e+01	  -1.1455809e+01	
   9.4100000e+00	   4.9267559e+01	  -3.5079392e+01	   3.6716309e+01	  -1.1160963e+01	
   9.4200000e+00	   4.8954759e+01	  -3.4961726e+01	   4.1506348e+01	  -1.0846081e+01	
   9.4300000e+00	   4.8329158e+01	  -3.4843054e+01	   4.3286133e+01	  -1.0512596e+01	
   9.4400000e+00	   5.0333035e+01	  -3.4723377e+01	   4.5681152e+01	  -1.0168126e+01	
   9.4500000e+00	   4.6432807e+01	  -3.4602699e+01	   5.0822754e+01	  -9.8022099e+00	
   9.4600000e+00	   4.8671284e+01	  -3.4481020e+01	   5.3349609e+01	  -9.4145702e+00	
   9.4700000e+00	   4.6266632e+01	  -3.4358344e+01	   5.3173828e+01	  -9.0219955e+00	
   9.4800000e+00	   4.8935209e+01	  -3.4234672e+01	   5.7766113e+01	  -8.6180482e+00	
   9.4900000e+00	   4.7889283e+01	  -3.4110006e+01	   6.0886230e+01	  -8.1924776e+00	
   9.5000000e+00	   4.6980207e+01	  -3.3984350e+01	   6.4621582e+01	  -7.7481029e+00	
   9.5100000e+00	   4.8407359e+01	  -3.3857704e+01	   6.8686523e+01	  -7.2820829e+00	
   9.5200000e+00	   4.8495334e+01	  -3.3730073e+01	   6.7543945e+01	  -6.8098297e+00	
   9.5300000e+00	   4.9414184e+01	  -3.3601457e+01	   7.4641113e+01	  -6.3218860e+00	
   9.5400000e+00	   4.9072059e+01	  -3.3471859e+01	   7.6904297e+01	  -5.8076842e+00	
   9.5500000e+00	   4.8378034e+01	  -3.3341282e+01	   8.0354004e+01	  -5.2788117e+00	
   9.5600000e+00	   4.8788584e+01	  -3.3209729e+01	   8.6286621e+01	  -4.7238686e+00	
   9.5700000e+00	   4.9805185e+01	  -3.3077201e+01	   8.8264160e+01	  -4.1476286e+00	
   9.5800000e+00	   4.7674233e+01	  -3.2943701e+01	   9.0395508e+01	  -3.5621299e+00	
   9.5900000e+00	   4.8035908e+01	  -3.2809233e+01	   9.1494141e+01	  -2.9701829e+00	
   9.6000000e+00	   4.9140484e+01	  -3.2673798e+01	   9.9404297e+01	  -2.3537301e+00	
   9.6100000e+00	   4.8221633e+01	  -3.2537399e+01	   9.6723633e+01	  -1.7247610e+00	
   9.6200000e+00	   4.7341883e+01	  -3.2400039e+01	   1.0331543e+02	  -1.0874828e+00	
   9.6300000e+00	   4.8309608e+01	  -3.2261721e+01	   1.0426025e+02	  -4.3059319e-01	
   9.6400000e+00	   4.7801308e+01	  -3.2122448e+01	   1.0496338e+02	   2.2734293e-01	
   9.6500000e+00	   4.8905884e+01	  -3.1982222e+01	   1.1258789e+02	   9.0723825e-01	
   9.6600000e+00	   4.8045683e+01	  -3.1841046e+01	   1.1487305e+02	   1.6139098e+00	
   9.6700000e+00	   4.8749484e+01	  -3.1698923e+01	   1.1685059e+02	   2.3295048e+00	
   9.6800000e+00	   4.7918608e+01	  -3.1555856e+01	   1.2058594e+02	   3.0585091e+00	
   9.6900000e+00	   4.7703558e+01	  -3.1411848e+01	   1.2840820e+02	   3.8191430e+00	
   9.7000000e+00	   4.9120934e+01	  -3.1266902e+01	   1.2893555e+02	   4.6011616e+00	
   9.7100000e+00	   4.8602859e+01	  -3.1121021e+01	   1.3058350e+02	   5.3850945e+00	
   9.7200000e+00	   4.7859958e+01	  -3.0974208e+01	   1.3746094e+02	   6.1908168e+00	
   9.7300000e+00	   4.9795410e+01	  -3.0826466e+01	   1.3776855e+02	   7.0139943e+00	
   9.7400000e+00	   4.7029082e+01	  -3.0677799e+01	   1.4222900e+02	   7.8469483e+00	
   9.7500000e+00	   5.0264610e+01	  -3.0528209e+01	   1.4359131e+02	   8.6929206e+00	
   9.7600000e+00	   4.8749484e+01	  -3.0377699e+01	   1.4717285e+02	   9.5490770e+00	
   9.7700000e+00	   4.6442582e+01	  -3.0226274e+01	   1.5011719e+02	   1.0420308e+01	
   9.7800000e+00	   4.7654683e+01	  -3.0073936e+01	   1.5224854e+02	   1.1301979e+01	
   9.7900000e+00	   4.6950882e+01	  -2.9920688e+01	   1.5780762e+02	   1.2202211e+01	
   9.8000000e+00	   4.9238234e+01	  -2.9766534e+01	   1.5967529e+02	   1.3120064e+01	
   9.8100000e+00	   4.7713333e+01	  -2.9611477e+01	   1.6543213e+02	   1.4056046e+01	
   9.8200000e+00	   4.7576483e+01	  -2.9455521e+01	   1.6940918e+02	   1.5016649e+01	
   9.8300000e+00	   4.8759259e+01	  -2.9298669e+01	   1.6877197e+02	   1.5981696e+01	
   9.8400000e+00	   4.7908833e+01	  -2.9140924e+01	   1.7448486e+02	   1.6956593e+01	
   9.8500000e+00	   4.9326209e+01	  -2.8982290e+01	   1.7876953e+02	   1.7956695e+01	
   9.8600000e+00	   4.9189359e+01	  -2.8822771e+01	   1.7611084e+02	   1.8955624e+01	
   9.8700000e+00	   4.8397584e+01	  -2.8662370e+01	   1.7663818e+02	   1.9941622e+01	
   9.8800000e+00	   4.8446459e+01	  -2.8501090e+01	  -1.2744141e+01	   2.0329994e+01	
   9.8900000e+00	   4.8221633e+01	  -2.8338936e+01	  -1.3864746e+01	   2.0119324e+01	
   9.9000000e+00	   4.9189359e+01	  -2.8175911e+01	  -1.8000000e+02	   1.9386168e+01	
   9.9100000e+00	   4.9345759e+01	  -2.8012018e+01	  -1.8000000e+02	   1.8137307e+01	
   9.9200000e+00	   4.8348709e+01	  -2.7847262e+01	  -1.8000000e+02	   1.6896268e+01	
   9.9300000e+00	   4.8573534e+01	  -2.7681646e+01	  -1.7980225e+02	   1.5663622e+01	
   9.9400000e+00	   4.8319383e+01	  -2.7515174e+01	  -1.7644043e+02	   1.4449844e+01	
   9.9500000e+00	   4.9218684e+01	  -2.7347850e+01	  -1.7288086e+02	   1.3265345e+01	
   9.9600000e+00	   4.8720159e+01	  -2.7179677e+01	  -1.7072754e+02	   1.2106157e+01	
   9.9700000e+00	   4.7742658e+01	  -2.7010660e+01	  -1.6571777e+02	   1.0976662e+01	
   9.9800000e+00	   4.9824735e+01	  -2.6840802e+01	  -1.6015869e+02	   9.8873415e+00	
   9.9900000e+00	   4.9629235e+01	  -2.6670108e+01	  -1.6308105e+02	   8.8131012e+00	
   1.0000000e+01	   4.8896109e+01	  -2.6498580e+01	  -1.5519287e+02	   7.7611412e+00	
