   0.0000000e+00	   5.0000000e+00	   1.0767649e+00	   1.2124512e+02	
   1.0000000e-01	   5.0000000e+00	   6.3943698e+00	   1.2544189e+02	
   2.0000000e-01	   5.0000000e+00	   1.4703128e+01	   1.3302246e+02	
   3.0000000e-01	   5.0000000e+00	   2.0920033e+01	   1.4884277e+02	
   4.0000000e-01	   5.0000000e+00	   2.7244464e+01	   1.6556396e+02	
   5.0000000e-01	   5.0000000e+00	   3.1555243e+01	   1.7907715e+02	
   6.0000000e-01	   5.0000000e+00	   3.6081072e+01	  -1.7184814e+02	
   7.0000000e-01	   5.0000000e+00	   4.0255001e+01	  -1.5077637e+02	
   8.0000000e-01	   5.0000000e+00	   4.0880602e+01	  -1.2434326e+02	
   9.0000000e-01	   5.0000000e+00	   4.4683080e+01	  -9.9074707e+01	
   1.0000000e+00	   5.0000000e+00	   4.4194330e+01	  -7.3608398e+01	
   1.1000000e+00	   5.0000000e+00	   4.4634205e+01	  -4.3198242e+01	
   1.2000000e+00	   5.0000000e+00	   4.5719231e+01	  -1.7797852e+01	
   1.3000000e+00	   5.0000000e+00	   4.6374157e+01	   1.2019043e+01	
   1.4000000e+00	   5.0000000e+00	   4.6686957e+01	   4.1308594e+01	
   1.5000000e+00	   5.0000000e+00	   4.8544209e+01	   6.6862793e+01	
   1.6000000e+00	   5.0000000e+00	   4.7214807e+01	   1.0412842e+02	
   1.7000000e+00	   5.0000000e+00	   4.7918608e+01	   1.3396729e+02	
   1.8000000e+00	   5.0000000e+00	   4.7947933e+01	   1.6395996e+02	
   1.9000000e+00	   5.0000000e+00	   4.9091609e+01	  -1.8000000e+02	
   2.0000000e+00	   5.0000000e+00	   4.9639010e+01	  -1.5233643e+02	
   2.1000000e+00	   5.0000000e+00	   4.7859958e+01	  -1.2427734e+02	
   2.2000000e+00	   5.0000000e+00	   4.7273458e+01	  -9.3251953e+01	
   2.3000000e+00	   5.0000000e+00	   4.8035908e+01	  -6.5324707e+01	
   2.4000000e+00	   5.0000000e+00	   4.8407359e+01	  -3.5705566e+01	
   2.5000000e+00	   5.0000000e+00	   4.9775860e+01	  -7.4926758e+00	
   2.6000000e+00	   5.0000000e+00	   4.7380983e+01	   2.5861816e+01	
   2.7000000e+00	   5.0000000e+00	   4.7566708e+01	   5.0756836e+01	
   2.8000000e+00	   5.0000000e+00	   4.7928383e+01	   8.4155273e+01	
   2.9000000e+00	   5.0000000e+00	   4.8065233e+01	   1.1619141e+02	
   3.0000000e+00	   5.0000000e+00	   4.8055458e+01	   1.4893066e+02	
   3.1000000e+00	   5.0000000e+00	   4.8368259e+01	   1.7597900e+02	
   3.2000000e+00	   5.0000000e+00	   4.9648785e+01	  -1.6907959e+02	
   3.3000000e+00	   5.0000000e+00	   4.8065233e+01	  -1.3796631e+02	
   3.4000000e+00	   5.0000000e+00	   4.8602859e+01	  -1.0830322e+02	
   3.5000000e+00	   5.0000000e+00	   4.8984084e+01	  -7.8793945e+01	
   3.6000000e+00	   5.0000000e+00	   4.8211858e+01	  -4.8735352e+01	
   3.7000000e+00	   5.0000000e+00	   4.9335984e+01	  -2.1577148e+01	
   3.8000000e+00	   5.0000000e+00	   4.8954759e+01	   9.9096680e+00	
   3.9000000e+00	   5.0000000e+00	   4.7410308e+01	   4.1154785e+01	
   4.0000000e+00	   5.0000000e+00	   4.7957708e+01	   7.1367188e+01	
   4.1000000e+00	   5.0000000e+00	   4.7674233e+01	   1.0533691e+02	
   4.2000000e+00	   5.0000000e+00	   4.8661509e+01	   1.3198975e+02	
   4.3000000e+00	   5.0000000e+00	   4.7341883e+01	   1.6833252e+02	
   4.4000000e+00	   5.0000000e+00	   4.7947933e+01	  -1.7995605e+02	
   4.5000000e+00	   5.0000000e+00	   4.8397584e+01	  -1.5325928e+02	
   4.6000000e+00	   5.0000000e+00	   4.7957708e+01	  -1.2177246e+02	
   4.7000000e+00	   5.0000000e+00	   4.7058407e+01	  -9.0219727e+01	
   4.8000000e+00	   5.0000000e+00	   4.8123883e+01	  -5.9985352e+01	
   4.9000000e+00	   5.0000000e+00	   4.8847234e+01	  -3.2980957e+01	
   5.0000000e+00	   5.0000000e+00	   4.8524659e+01	  -1.9555664e+00	
