   0.0000000e+00	   1.0000000e+00	  -4.1881143e-01	  -4.9350586e+01	
   1.0000000e-01	   1.0000000e+00	   8.2261471e-01	  -5.0581055e+01	
   2.0000000e-01	   1.0000000e+00	   1.8294406e+00	  -4.9768066e+01	
   3.0000000e-01	   1.0000000e+00	   4.8205934e+00	  -4.7856445e+01	
   4.0000000e-01	   1.0000000e+00	   5.7589943e+00	  -4.2143555e+01	
   5.0000000e-01	   1.0000000e+00	   8.3200466e+00	  -3.8979492e+01	
   6.0000000e-01	   1.0000000e+00	   7.6553460e+00	  -3.4365234e+01	
   7.0000000e-01	   1.0000000e+00	   7.0883955e+00	  -2.7290039e+01	
   8.0000000e-01	   1.0000000e+00	   9.0336223e+00	  -2.3730469e+01	
   9.0000000e-01	   1.0000000e+00	   9.9426981e+00	  -1.4040527e+01	
   1.0000000e+00	   1.0000000e+00	   1.1291649e+01	  -8.5473633e+00	
