   0.0000000e+00	   3.9251431e-01	   7.8830085e-03	  -1.4728271e+02	  -2.9579326e+00	
   1.0000000e-02	   2.5566419e-01	   3.3206133e-02	  -1.4468994e+02	  -1.3439112e+01	
   2.0000000e-02	   5.1958943e-01	   7.5366902e-02	  -1.4776611e+02	  -3.0818918e+01	
   3.0000000e-02	  -9.2711190e-01	   1.0373757e-01	  -1.5104004e+02	  -5.1364228e+01	
   4.0000000e-02	  -1.4451874e+00	   5.7771368e-02	  -1.4734863e+02	  -7.2408410e+01	
   5.0000000e-02	  -2.4911133e+00	  -1.0304802e-01	  -1.4640381e+02	  -9.1980496e+01	
   6.0000000e-02	  -2.9798638e+00	  -3.8684138e-01	  -1.4721680e+02	  -1.0894040e+02	
   7.0000000e-02	  -3.6054644e+00	  -7.7990757e-01	  -1.4923828e+02	  -1.2291681e+02	
   8.0000000e-02	  -3.4686142e+00	  -1.2436754e+00	  -1.4991943e+02	  -1.3396817e+02	
   9.0000000e-02	  -6.3131419e+00	  -1.7797267e+00	  -1.4945801e+02	  -1.4231446e+02	
   1.0000000e-01	  -6.5966171e+00	  -2.4362744e+00	  -1.5099609e+02	  -1.4828138e+02	
   1.1000000e-01	  -7.8869183e+00	  -3.2117875e+00	  -1.4857910e+02	  -1.5224693e+02	
   1.2000000e-01	  -9.4411447e+00	  -4.0900340e+00	  -1.5194092e+02	  -1.5461165e+02	
   1.3000000e-01	  -9.4704698e+00	  -5.0525468e+00	  -1.5117188e+02	  -1.5583075e+02	
   1.4000000e-01	  -8.6786940e+00	  -6.0082724e+00	  -1.5358887e+02	  -1.5630235e+02	
   1.5000000e-01	  -1.1787147e+01	  -6.9140825e+00	  -1.5405029e+02	  -1.5634755e+02	
   1.6000000e-01	  -1.1132221e+01	  -7.8109140e+00	  -1.5488525e+02	  -1.5619950e+02	
   1.7000000e-01	  -1.3096998e+01	  -8.7055228e+00	  -1.5290771e+02	  -1.5594248e+02	
   1.8000000e-01	  -1.1396147e+01	  -9.5584458e+00	  -1.5583008e+02	  -1.5563226e+02	
   1.9000000e-01	  -1.4944475e+01	  -1.0358519e+01	  -1.5679688e+02	  -1.5540991e+02	
   2.0000000e-01	  -1.5873101e+01	  -1.1187441e+01	  -1.5807129e+02	  -1.5538491e+02	
   2.1000000e-01	  -1.6567126e+01	  -1.2090775e+01	  -1.5848877e+02	  -1.5556747e+02	
   2.2000000e-01	  -1.6029501e+01	  -1.3004995e+01	  -1.6123535e+02	  -1.5596601e+02	
   2.3000000e-01	  -1.7182952e+01	  -1.3868262e+01	  -1.5886230e+02	  -1.5654209e+02	
   2.4000000e-01	  -1.6039276e+01	  -1.4642067e+01	  -1.6409180e+02	  -1.5725065e+02	
   2.5000000e-01	  -1.8610103e+01	  -1.5325190e+01	  -1.6365234e+02	  -1.5814080e+02	
   2.6000000e-01	  -1.9392104e+01	  -1.5991275e+01	  -1.6160889e+02	  -1.5912225e+02	
   2.7000000e-01	  -2.0545555e+01	  -1.6699130e+01	  -1.6475098e+02	  -1.6005560e+02	
   2.8000000e-01	  -2.0496680e+01	  -1.7437963e+01	  -1.6811279e+02	  -1.6103582e+02	
   2.9000000e-01	  -1.9704904e+01	  -1.8142613e+01	  -1.7000244e+02	  -1.6220344e+02	
   3.0000000e-01	  -2.2520107e+01	  -1.8792485e+01	  -1.6822266e+02	  -1.6350512e+02	
   3.1000000e-01	  -2.2011806e+01	  -1.9441988e+01	  -1.7252930e+02	  -1.6484116e+02	
   3.2000000e-01	  -2.3741983e+01	  -2.0109946e+01	  -1.7391357e+02	  -1.6625696e+02	
   3.3000000e-01	  -2.3575808e+01	  -2.0792031e+01	  -1.7608887e+02	  -1.6779595e+02	
   3.4000000e-01	  -2.3751758e+01	  -2.1459988e+01	  -1.7819824e+02	  -1.6944786e+02	
   3.5000000e-01	  -2.4905209e+01	  -2.2092121e+01	  -1.7622070e+02	  -1.7112819e+02	
   3.6000000e-01	  -2.4054783e+01	  -2.2683281e+01	  -1.8000000e+02	  -1.7273058e+02	
   3.7000000e-01	  -2.4172083e+01	  -2.3192035e+01	  -1.8000000e+02	  -1.7426636e+02	
   3.8000000e-01	  -2.7016611e+01	  -2.3651828e+01	  -1.8000000e+02	  -1.7571193e+02	
   3.9000000e-01	  -2.7476036e+01	  -2.4169121e+01	  -1.8000000e+02	  -1.7698353e+02	
   4.0000000e-01	  -2.7251211e+01	  -2.4752801e+01	  -1.8000000e+02	  -1.7804139e+02	
   4.1000000e-01	  -2.8433987e+01	  -2.5356120e+01	  -1.8000000e+02	  -1.7887720e+02	
   4.2000000e-01	  -2.8649037e+01	  -2.5970881e+01	  -1.8000000e+02	  -1.7950344e+02	
   4.3000000e-01	  -2.9049813e+01	  -2.6584034e+01	  -1.3886719e+01	  -1.7660886e+02	
   4.4000000e-01	  -3.0183714e+01	  -2.7190089e+01	  -1.2612305e+01	  -1.6499090e+02	
   4.5000000e-01	  -3.0388989e+01	  -2.7800621e+01	   1.7848389e+02	  -1.4148635e+02	
   4.6000000e-01	  -3.0995040e+01	  -2.8408169e+01	   1.7745117e+02	  -1.0456594e+02	
   4.7000000e-01	  -3.1346940e+01	  -2.9000529e+01	   1.7597900e+02	  -5.8240398e+01	
   4.8000000e-01	  -3.1737940e+01	  -2.9569720e+01	   1.7920898e+02	  -9.6193487e+00	
   4.9000000e-01	  -3.2461291e+01	  -3.0115627e+01	   1.7356201e+02	   3.6554791e+01	
   5.0000000e-01	  -3.1630415e+01	  -3.0622967e+01	   1.7138672e+02	   7.7244633e+01	
   5.1000000e-01	  -3.2451516e+01	  -3.1062459e+01	   1.7099121e+02	   1.1093963e+02	
   5.2000000e-01	  -3.3350817e+01	  -3.1457486e+01	   1.6560791e+02	   1.3727395e+02	
   5.3000000e-01	  -3.3644067e+01	  -3.1850763e+01	   1.6929932e+02	   1.5662192e+02	
   5.4000000e-01	  -3.3859117e+01	  -3.2245484e+01	   1.6371826e+02	   1.6986297e+02	
   5.5000000e-01	  -3.5002793e+01	  -3.2646918e+01	   1.6277344e+02	   1.7795462e+02	
   5.6000000e-01	  -3.4826843e+01	  -3.3067131e+01	   1.5780762e+02	   1.8184390e+02	
   5.7000000e-01	  -3.4709543e+01	  -3.3479177e+01	   1.6136719e+02	   1.8257860e+02	
   5.8000000e-01	  -3.5941194e+01	  -3.3869374e+01	   1.5183105e+02	   1.8108281e+02	
   5.9000000e-01	  -3.6068269e+01	  -3.4263881e+01	   1.4952393e+02	   1.7791877e+02	
   6.0000000e-01	  -3.6948020e+01	  -3.4676967e+01	   1.5134766e+02	   1.7369141e+02	
   6.1000000e-01	  -3.5911869e+01	  -3.5085865e+01	   1.4875488e+02	   1.6909654e+02	
   6.2000000e-01	  -3.7544296e+01	  -3.5468061e+01	   1.4453613e+02	   1.6448284e+02	
   6.3000000e-01	  -3.7661596e+01	  -3.5849546e+01	   1.3935059e+02	   1.5990203e+02	
   6.4000000e-01	  -3.7720246e+01	  -3.6238602e+01	   1.4119629e+02	   1.5545437e+02	
   6.5000000e-01	  -3.8824822e+01	  -3.6628155e+01	   1.3822998e+02	   1.5135981e+02	
   6.6000000e-01	  -3.8433821e+01	  -3.7024425e+01	   1.3768066e+02	   1.4772753e+02	
   6.7000000e-01	  -3.8238321e+01	  -3.7395722e+01	   1.3177002e+02	   1.4448319e+02	
   6.8000000e-01	  -3.9391772e+01	  -3.7728634e+01	   1.3359375e+02	   1.4153647e+02	
   6.9000000e-01	  -3.9157172e+01	  -3.8047876e+01	   1.2832031e+02	   1.3886599e+02	
   7.0000000e-01	  -4.0007598e+01	  -3.8363527e+01	   1.2654053e+02	   1.3637626e+02	
   7.1000000e-01	  -4.0261748e+01	  -3.8686069e+01	   1.2144287e+02	   1.3392270e+02	
   7.2000000e-01	  -4.0281298e+01	  -3.9014800e+01	   1.1937744e+02	   1.3140745e+02	
   7.3000000e-01	  -4.0144448e+01	  -3.9324234e+01	   1.1810303e+02	   1.2884377e+02	
   7.4000000e-01	  -4.0926449e+01	  -3.9607033e+01	   1.1526855e+02	   1.2630537e+02	
   7.5000000e-01	  -4.0525673e+01	  -3.9870647e+01	   1.1568604e+02	   1.2385605e+02	
   7.6000000e-01	  -4.0574548e+01	  -4.0101366e+01	   1.1219238e+02	   1.2155031e+02	
   7.7000000e-01	  -4.0789599e+01	  -4.0290689e+01	   1.0553467e+02	   1.1925621e+02	
   7.8000000e-01	  -4.1503174e+01	  -4.0462202e+01	   1.0476563e+02	   1.1680085e+02	
   7.9000000e-01	  -4.1659574e+01	  -4.0644637e+01	   1.0140381e+02	   1.1420720e+02	
   8.0000000e-01	  -4.1356549e+01	  -4.0833949e+01	   1.0008545e+02	   1.1155626e+02	
   8.1000000e-01	  -4.1913725e+01	  -4.1014622e+01	   9.6635742e+01	   1.0889178e+02	
   8.2000000e-01	  -4.1903950e+01	  -4.1191339e+01	   9.5449219e+01	   1.0624379e+02	
   8.3000000e-01	  -4.1845300e+01	  -4.1360942e+01	   9.1032715e+01	   1.0361347e+02	
   8.4000000e-01	  -4.1952825e+01	  -4.1511964e+01	   8.5671387e+01	   1.0089688e+02	
   8.5000000e-01	  -4.2568650e+01	  -4.1654447e+01	   8.5341797e+01	   9.8032522e+01	
   8.6000000e-01	  -4.2314500e+01	  -4.1801797e+01	   8.2133789e+01	   9.5118166e+01	
   8.7000000e-01	  -4.2685950e+01	  -4.1950052e+01	   8.0288086e+01	   9.2233320e+01	
   8.8000000e-01	  -4.3194251e+01	  -4.2107001e+01	   7.6794434e+01	   8.9390420e+01	
   8.9000000e-01	  -4.3673226e+01	  -4.2294414e+01	   7.4509277e+01	   8.6579514e+01	
   9.0000000e-01	  -4.4181527e+01	  -4.2525966e+01	   6.9367676e+01	   8.3749724e+01	
   9.1000000e-01	  -4.2754375e+01	  -4.2768598e+01	   6.6730957e+01	   8.0829780e+01	
   9.2000000e-01	  -4.3243126e+01	  -4.2961546e+01	   6.5983887e+01	   7.7862413e+01	
   9.3000000e-01	  -4.4289052e+01	  -4.3119104e+01	   6.6489258e+01	   7.5030198e+01	
   9.4000000e-01	  -4.4660502e+01	  -4.3300594e+01	   6.3632813e+01	   7.2460112e+01	
   9.5000000e-01	  -4.4347702e+01	  -4.3512497e+01	   5.8271484e+01	   7.0052350e+01	
   9.6000000e-01	  -4.4758252e+01	  -4.3730023e+01	   5.4733887e+01	   6.7598357e+01	
   9.7000000e-01	  -4.4621402e+01	  -4.3941142e+01	   5.2141113e+01	   6.5010012e+01	
   9.8000000e-01	  -4.4640952e+01	  -4.4134332e+01	   4.7900391e+01	   6.2283074e+01	
   9.9000000e-01	  -4.4660502e+01	  -4.4298933e+01	   4.5681152e+01	   5.9419336e+01	
   1.0000000e+00	  -4.4670277e+01	  -4.4433350e+01	   4.2099609e+01	   5.6451677e+01	
   1.0100000e+00	  -4.4611627e+01	  -4.4537218e+01	   4.1923828e+01	   5.3463812e+01	
   1.0200000e+00	  -4.4992853e+01	  -4.4618645e+01	   3.6496582e+01	   5.0515027e+01	
   1.0300000e+00	  -4.4543202e+01	  -4.4684243e+01	   3.6584473e+01	   4.7608431e+01	
   1.0400000e+00	  -4.5041728e+01	  -4.4734027e+01	   3.1442871e+01	   4.4753663e+01	
   1.0500000e+00	  -4.5305653e+01	  -4.4785963e+01	   2.9311523e+01	   4.1913907e+01	
   1.0600000e+00	  -4.5696653e+01	  -4.4863573e+01	   2.9421387e+01	   3.9125243e+01	
   1.0700000e+00	  -4.6068104e+01	  -4.4979879e+01	   2.3400879e+01	   3.6434066e+01	
   1.0800000e+00	  -4.5657553e+01	  -4.5126189e+01	   1.9599609e+01	   3.3705645e+01	
   1.0900000e+00	  -4.5745528e+01	  -4.5272723e+01	   1.7446289e+01	   3.0855677e+01	
   1.1000000e+00	  -4.5843278e+01	  -4.5404881e+01	   1.7687988e+01	   2.7998723e+01	
   1.1100000e+00	  -4.6038778e+01	  -4.5526822e+01	   1.3557129e+01	   2.5250299e+01	
   1.1200000e+00	  -4.6048553e+01	  -4.5642426e+01	   7.2949219e+00	   2.2505435e+01	
   1.1300000e+00	  -4.6214729e+01	  -4.5752336e+01	   8.5913086e+00	   1.9674902e+01	
   1.1400000e+00	  -4.5911703e+01	  -4.5850549e+01	   1.0546875e+00	   1.6791754e+01	
   1.1500000e+00	  -4.6009453e+01	  -4.5926500e+01	  -5.0537109e-01	   1.3798460e+01	
   1.1600000e+00	  -4.5618453e+01	  -4.5972059e+01	  -3.8012695e+00	   1.0694768e+01	
   1.1700000e+00	  -4.6175629e+01	  -4.5991915e+01	  -5.5810547e+00	   7.5701426e+00	
   1.1800000e+00	  -4.6146304e+01	  -4.6007629e+01	  -6.7456055e+00	   4.5220338e+00	
   1.1900000e+00	  -4.6292929e+01	  -4.6032381e+01	  -9.9316406e+00	   1.6213579e+00	
   1.2000000e+00	  -4.5950803e+01	  -4.6059371e+01	  -1.5402832e+01	  -1.2129811e+00	
   1.2100000e+00	  -4.6175629e+01	  -4.6079345e+01	  -1.6237793e+01	  -4.0775975e+00	
   1.2200000e+00	  -4.6498204e+01	  -4.6101854e+01	  -1.8610840e+01	  -6.9225841e+00	
   1.2300000e+00	  -4.6429779e+01	  -4.6140277e+01	  -2.1994629e+01	  -9.7064779e+00	
   1.2400000e+00	  -4.6439554e+01	  -4.6189748e+01	  -2.4873047e+01	  -1.2468933e+01	
   1.2500000e+00	  -4.6507979e+01	  -4.6242721e+01	  -2.8212891e+01	  -1.5246370e+01	
   1.2600000e+00	  -4.6683929e+01	  -4.6300164e+01	  -3.0476074e+01	  -1.8047706e+01	
   1.2700000e+00	  -4.6762129e+01	  -4.6365871e+01	  -3.3266602e+01	  -2.0853352e+01	
   1.2800000e+00	  -4.6947854e+01	  -4.6442005e+01	  -3.6979980e+01	  -2.3668490e+01	
   1.2900000e+00	  -4.7026054e+01	  -4.6529311e+01	  -3.7045898e+01	  -2.6470088e+01	
   1.3000000e+00	  -4.6869654e+01	  -4.6620498e+01	  -4.0891113e+01	  -2.9192390e+01	
   1.3100000e+00	  -4.6869654e+01	  -4.6702138e+01	  -4.4472656e+01	  -3.1872846e+01	
   1.3200000e+00	  -4.6820779e+01	  -4.6766973e+01	  -4.6779785e+01	  -3.4578553e+01	
   1.3300000e+00	  -4.7182455e+01	  -4.6821123e+01	  -4.8625488e+01	  -3.7284762e+01	
   1.3400000e+00	  -4.7123804e+01	  -4.6876437e+01	  -5.5151367e+01	  -4.0025427e+01	
   1.3500000e+00	  -4.7338855e+01	  -4.6937282e+01	  -5.5876465e+01	  -4.2881776e+01	
   1.3600000e+00	  -4.7446380e+01	  -4.7006405e+01	  -6.0314941e+01	  -4.5832186e+01	
   1.3700000e+00	  -4.7407280e+01	  -4.7083138e+01	  -6.2753906e+01	  -4.8847729e+01	
   1.3800000e+00	  -4.7622330e+01	  -4.7163493e+01	  -6.4094238e+01	  -5.1876819e+01	
   1.3900000e+00	  -4.7514805e+01	  -4.7245411e+01	  -6.9323730e+01	  -5.4879106e+01	
   1.4000000e+00	  -4.7524580e+01	  -4.7321947e+01	  -7.1191406e+01	  -5.7897497e+01	
   1.4100000e+00	  -4.7641880e+01	  -4.7389470e+01	  -7.3740234e+01	  -6.0914972e+01	
   1.4200000e+00	  -4.7524580e+01	  -4.7448342e+01	  -7.6860352e+01	  -6.3892006e+01	
   1.4300000e+00	  -4.8541181e+01	  -4.7514997e+01	  -8.0529785e+01	  -6.6854155e+01	
   1.4400000e+00	  -4.7886255e+01	  -4.7606613e+01	  -8.3144531e+01	  -6.9831363e+01	
   1.4500000e+00	  -4.7954680e+01	  -4.7702363e+01	  -8.5825195e+01	  -7.2811617e+01	
   1.4600000e+00	  -4.8111080e+01	  -4.7785809e+01	  -8.8637695e+01	  -7.5771081e+01	
   1.4700000e+00	  -4.8218605e+01	  -4.7864475e+01	  -9.1560059e+01	  -7.8704964e+01	
   1.4800000e+00	  -4.7856930e+01	  -4.7933954e+01	  -9.4790039e+01	  -8.1625486e+01	
   1.4900000e+00	  -4.7622330e+01	  -4.7974878e+01	  -9.6921387e+01	  -8.4534058e+01	
   1.5000000e+00	  -4.7671205e+01	  -4.7978497e+01	  -9.9799805e+01	  -8.7409595e+01	
   1.5100000e+00	  -4.7768955e+01	  -4.7957114e+01	  -1.0318359e+02	  -9.0259323e+01	
   1.5200000e+00	  -4.7661430e+01	  -4.7924161e+01	  -1.0590820e+02	  -9.3112014e+01	
   1.5300000e+00	  -4.7866705e+01	  -4.7888203e+01	  -1.1135742e+02	  -9.6024273e+01	
   1.5400000e+00	  -4.7974230e+01	  -4.7861451e+01	  -1.1230225e+02	  -9.9033356e+01	
   1.5500000e+00	  -4.8257706e+01	  -4.7856888e+01	  -1.1531250e+02	  -1.0207065e+02	
   1.5600000e+00	  -4.7710305e+01	  -4.7869473e+01	  -1.1707031e+02	  -1.0505724e+02	
   1.5700000e+00	  -4.7808055e+01	  -4.7877715e+01	  -1.2133301e+02	  -1.0798805e+02	
   1.5800000e+00	  -4.7827605e+01	  -4.7875834e+01	  -1.2434326e+02	  -1.1091462e+02	
   1.5900000e+00	  -4.8277256e+01	  -4.7879392e+01	  -1.2840820e+02	  -1.1389153e+02	
   1.6000000e+00	  -4.7876480e+01	  -4.7896555e+01	  -1.3100098e+02	  -1.1693739e+02	
   1.6100000e+00	  -4.8277256e+01	  -4.7922049e+01	  -1.3559326e+02	  -1.2006079e+02	
   1.6200000e+00	  -4.8179505e+01	  -4.7956922e+01	  -1.3853760e+02	  -1.2327866e+02	
   1.6300000e+00	  -4.8111080e+01	  -4.7997757e+01	  -1.4181152e+02	  -1.2657488e+02	
   1.6400000e+00	  -4.8179505e+01	  -4.8035800e+01	  -1.4108643e+02	  -1.2983261e+02	
   1.6500000e+00	  -4.8062205e+01	  -4.8068012e+01	  -1.4552490e+02	  -1.3292972e+02	
   1.6600000e+00	  -4.8707356e+01	  -4.8103518e+01	  -1.4937012e+02	  -1.3591595e+02	
   1.6700000e+00	  -4.8296806e+01	  -4.8153596e+01	  -1.4980957e+02	  -1.3884360e+02	
   1.6800000e+00	  -4.8365231e+01	  -4.8206838e+01	  -1.5288574e+02	  -1.4165514e+02	
   1.6900000e+00	  -4.8707356e+01	  -4.8259205e+01	  -1.5960938e+02	  -1.4443377e+02	
   1.7000000e+00	  -4.8756231e+01	  -4.8322903e+01	  -1.6103760e+02	  -1.4732861e+02	
   1.7100000e+00	  -4.8726906e+01	  -4.8396997e+01	  -1.6404785e+02	  -1.5031828e+02	
   1.7200000e+00	  -4.7896030e+01	  -4.8454921e+01	  -1.6710205e+02	  -1.5333954e+02	
   1.7300000e+00	  -4.8433656e+01	  -4.8474658e+01	  -1.7090332e+02	  -1.5639782e+02	
   1.7400000e+00	  -4.8062205e+01	  -4.8465765e+01	  -1.7345215e+02	  -1.5949938e+02	
   1.7500000e+00	  -4.8462981e+01	  -4.8443151e+01	  -1.7549561e+02	  -1.6259929e+02	
   1.7600000e+00	  -4.8736681e+01	  -4.8427688e+01	  -1.7949463e+02	  -1.6566271e+02	
   1.7700000e+00	  -4.7827605e+01	  -4.8418839e+01	  -1.8000000e+02	  -1.6866843e+02	
   1.7800000e+00	  -4.8247931e+01	  -4.8392367e+01	  -1.8000000e+02	  -1.7149632e+02	
   1.7900000e+00	  -4.8678031e+01	  -4.8363983e+01	  -1.8000000e+02	  -1.7399311e+02	
   1.8000000e+00	  -4.8365231e+01	  -4.8356087e+01	  -1.3117676e+01	  -1.7272543e+02	
   1.8100000e+00	  -4.8453206e+01	  -4.8359806e+01	   1.7314453e+02	  -1.5870135e+02	
   1.8200000e+00	  -4.8726906e+01	  -4.8373425e+01	   1.7608887e+02	  -1.2673029e+02	
   1.8300000e+00	  -4.8756231e+01	  -4.8405647e+01	   1.7641846e+02	  -8.1951604e+01	
   1.8400000e+00	  -4.8687806e+01	  -4.8452514e+01	   1.7997803e+02	  -3.2412095e+01	
   1.8500000e+00	  -4.8961506e+01	  -4.8508345e+01	   1.7338623e+02	   1.6218305e+01	
   1.8600000e+00	  -4.8853981e+01	  -4.8572900e+01	   1.6923340e+02	   6.0082314e+01	
   1.8700000e+00	  -4.8502081e+01	  -4.8631974e+01	   1.6626709e+02	   9.7006877e+01	
   1.8800000e+00	  -4.8678031e+01	  -4.8670028e+01	   1.6275146e+02	   1.2624138e+02	
   1.8900000e+00	  -4.8629156e+01	  -4.8690562e+01	   1.6268555e+02	   1.4799324e+02	
   1.9000000e+00	  -4.9157006e+01	  -4.8710381e+01	   1.5416016e+02	   1.6295422e+02	
   1.9100000e+00	  -4.8619381e+01	  -4.8737572e+01	   1.5446777e+02	   1.7202040e+02	
   1.9200000e+00	  -4.8570506e+01	  -4.8755333e+01	   1.4989746e+02	   1.7632699e+02	
   1.9300000e+00	  -4.8335906e+01	  -4.8748145e+01	   1.4431641e+02	   1.7694554e+02	
   1.9400000e+00	  -4.8423881e+01	  -4.8716898e+01	   1.4073486e+02	   1.7476120e+02	
   1.9500000e+00	  -4.8541181e+01	  -4.8673907e+01	   1.4150391e+02	   1.7071419e+02	
   1.9600000e+00	  -4.9381832e+01	  -4.8650199e+01	   1.3840576e+02	   1.6569441e+02	
   1.9700000e+00	  -4.8472756e+01	  -4.8658629e+01	   1.3412109e+02	   1.6025894e+02	
   1.9800000e+00	  -4.8707356e+01	  -4.8672072e+01	   1.2763916e+02	   1.5462902e+02	
   1.9900000e+00	  -4.8902856e+01	  -4.8682743e+01	   1.2344238e+02	   1.4889597e+02	
   2.0000000e+00	  -4.9157006e+01	  -4.8708447e+01	   1.2509033e+02	   1.4329168e+02	
   2.0100000e+00	  -5.0105182e+01	  -4.8774906e+01	   1.2150879e+02	   1.3813015e+02	
   2.0200000e+00	  -4.9401382e+01	  -4.8891217e+01	   1.1781738e+02	   1.3348234e+02	
   2.0300000e+00	  -4.9098356e+01	  -4.9014846e+01	   1.1460938e+02	   1.2925275e+02	
   2.0400000e+00	  -4.8619381e+01	  -4.9097310e+01	   1.0984131e+02	   1.2533241e+02	
   2.0500000e+00	  -4.8531406e+01	  -4.9119658e+01	   1.0529297e+02	   1.2157805e+02	
   2.0600000e+00	  -4.8658481e+01	  -4.9091053e+01	   1.0494141e+02	   1.1794624e+02	
   2.0700000e+00	  -4.8687806e+01	  -4.9035994e+01	   1.0423828e+02	   1.1456518e+02	
   2.0800000e+00	  -4.8678031e+01	  -4.8971926e+01	   9.8942871e+01	   1.1147492e+02	
   2.0900000e+00	  -4.8433656e+01	  -4.8902514e+01	   9.9162598e+01	   1.0859699e+02	
   2.1000000e+00	  -4.8238156e+01	  -4.8821314e+01	   9.6042480e+01	   1.0592625e+02	
   2.1100000e+00	  -4.8863756e+01	  -4.8738879e+01	   9.0659180e+01	   1.0337392e+02	
   2.1200000e+00	  -4.8521631e+01	  -4.8676606e+01	   8.6352539e+01	   1.0073718e+02	
   2.1300000e+00	  -4.8805106e+01	  -4.8636781e+01	   8.2858887e+01	   9.7906867e+01	
   2.1400000e+00	  -4.8873531e+01	  -4.8620443e+01	   8.2397461e+01	   9.4943680e+01	
   2.1500000e+00	  -4.8853981e+01	  -4.8628529e+01	   7.3278809e+01	   9.1861488e+01	
   2.1600000e+00	  -4.9196106e+01	  -4.8659090e+01	   7.4289551e+01	   8.8595341e+01	
   2.1700000e+00	  -4.9362282e+01	  -4.8718297e+01	   6.9851074e+01	   8.5241920e+01	
   2.1800000e+00	  -4.8834431e+01	  -4.8794065e+01	   6.7324219e+01	   8.1893191e+01	
   2.1900000e+00	  -4.8658481e+01	  -4.8852969e+01	   6.8928223e+01	   7.8658063e+01	
   2.2000000e+00	  -4.9078806e+01	  -4.8887098e+01	   6.0578613e+01	   7.5601675e+01	
   2.2100000e+00	  -4.9157006e+01	  -4.8917516e+01	   5.8688965e+01	   7.2564340e+01	
   2.2200000e+00	  -4.8990831e+01	  -4.8951357e+01	   5.4624023e+01	   6.9457995e+01	
   2.2300000e+00	  -4.9235206e+01	  -4.8984476e+01	   5.2734375e+01	   6.6317760e+01	
   2.2400000e+00	  -4.8609606e+01	  -4.9008388e+01	   4.9943848e+01	   6.3194472e+01	
   2.2500000e+00	  -4.8629156e+01	  -4.9004645e+01	   4.3967285e+01	   6.0062891e+01	
   2.2600000e+00	  -4.9069031e+01	  -4.8980521e+01	   4.3198242e+01	   5.6866016e+01	
   2.2700000e+00	  -4.8443431e+01	  -4.8950762e+01	   3.9902344e+01	   5.3666968e+01	
   2.2800000e+00	  -4.8922406e+01	  -4.8913103e+01	   3.6694336e+01	   5.0511259e+01	
   2.2900000e+00	  -4.8912631e+01	  -4.8879882e+01	   3.5969238e+01	   4.7427244e+01	
   2.3000000e+00	  -4.8707356e+01	  -4.8857281e+01	   2.7773438e+01	   4.4378808e+01	
   2.3100000e+00	  -4.9244981e+01	  -4.8845661e+01	   2.6411133e+01	   4.1226962e+01	
   2.3200000e+00	  -4.9205881e+01	  -4.8858705e+01	   2.5092773e+01	   3.8016196e+01	
   2.3300000e+00	  -4.8648706e+01	  -4.8884556e+01	   2.2104492e+01	   3.4885245e+01	
   2.3400000e+00	  -4.8492306e+01	  -4.8890238e+01	   1.5886230e+01	   3.1785614e+01	
   2.3500000e+00	  -4.8453206e+01	  -4.8864270e+01	   1.6743164e+01	   2.8662502e+01	
   2.3600000e+00	  -4.8375006e+01	  -4.8813809e+01	   1.0371094e+01	   2.5556785e+01	
   2.3700000e+00	  -4.9137456e+01	  -4.8763077e+01	   1.0546875e+01	   2.2476513e+01	
   2.3800000e+00	  -4.8599831e+01	  -4.8734506e+01	   7.8002930e+00	   1.9483935e+01	
   2.3900000e+00	  -4.8208830e+01	  -4.8708308e+01	   2.2412109e+00	   1.6569569e+01	
   2.4000000e+00	  -4.8482531e+01	  -4.8664730e+01	   2.5927734e+00	   1.3668095e+01	
   2.4100000e+00	  -4.8638931e+01	  -4.8619789e+01	  -1.2304688e+00	   1.0833667e+01	
   2.4200000e+00	  -4.9166781e+01	  -4.8599963e+01	  -7.0532227e+00	   8.0064913e+00	
   2.4300000e+00	  -4.8267481e+01	  -4.8604121e+01	  -7.8881836e+00	   5.0836507e+00	
   2.4400000e+00	  -4.8414106e+01	  -4.8600750e+01	  -9.9316406e+00	   2.1427394e+00	
   2.4500000e+00	  -4.9029931e+01	  -4.8593017e+01	  -1.6896973e+01	  -8.1224321e-01	
   2.4600000e+00	  -4.8736681e+01	  -4.8604899e+01	  -1.6655273e+01	  -3.8548264e+00	
   2.4700000e+00	  -4.9401382e+01	  -4.8642345e+01	  -2.0061035e+01	  -6.9077493e+00	
   2.4800000e+00	  -4.8941956e+01	  -4.8704761e+01	  -2.4257813e+01	  -9.9382814e+00	
   2.4900000e+00	  -4.8619381e+01	  -4.8766594e+01	  -2.6015625e+01	  -1.2983273e+01	
   2.5000000e+00	  -4.8834431e+01	  -4.8805223e+01	  -2.8630371e+01	  -1.6000327e+01	
   2.5100000e+00	  -4.8746456e+01	  -4.8826257e+01	  -3.3222656e+01	  -1.8989650e+01	
   2.5200000e+00	  -4.8433656e+01	  -4.8828822e+01	  -3.5573730e+01	  -2.2005232e+01	
   2.5300000e+00	  -4.8228380e+01	  -4.8800882e+01	  -3.7836914e+01	  -2.5027520e+01	
   2.5400000e+00	  -4.8511856e+01	  -4.8746787e+01	  -3.9067383e+01	  -2.7974152e+01	
   2.5500000e+00	  -4.8521631e+01	  -4.8687723e+01	  -4.4604492e+01	  -3.0841628e+01	
   2.5600000e+00	  -4.8609606e+01	  -4.8638070e+01	  -4.6406250e+01	  -3.3711288e+01	
   2.5700000e+00	  -4.8189280e+01	  -4.8593730e+01	  -4.9460449e+01	  -3.6596733e+01	
   2.5800000e+00	  -4.8981056e+01	  -4.8557145e+01	  -5.3547363e+01	  -3.9501444e+01	
   2.5900000e+00	  -4.8834431e+01	  -4.8548889e+01	  -5.6579590e+01	  -4.2471561e+01	
   2.6000000e+00	  -4.8873531e+01	  -4.8570263e+01	  -5.7041016e+01	  -4.5458167e+01	
   2.6100000e+00	  -4.8648706e+01	  -4.8603033e+01	  -6.0029297e+01	  -4.8354869e+01	
   2.6200000e+00	  -4.9147231e+01	  -4.8642246e+01	  -6.4270020e+01	  -5.1175674e+01	
   2.6300000e+00	  -4.8981056e+01	  -4.8694614e+01	  -6.7543945e+01	  -5.4017299e+01	
   2.6400000e+00	  -4.8453206e+01	  -4.8743947e+01	  -7.0312500e+01	  -5.6916272e+01	
   2.6500000e+00	  -4.8570506e+01	  -4.8765187e+01	  -7.2553711e+01	  -5.9841108e+01	
   2.6600000e+00	  -4.8414106e+01	  -4.8757674e+01	  -7.5563965e+01	  -6.2753648e+01	
   2.6700000e+00	  -4.9010381e+01	  -4.8740371e+01	  -7.8859863e+01	  -6.5656444e+01	
   2.6800000e+00	  -4.8609606e+01	  -4.8730941e+01	  -8.0178223e+01	  -6.8539117e+01	
   2.6900000e+00	  -4.8590056e+01	  -4.8722802e+01	  -8.5034180e+01	  -7.1393981e+01	
   2.7000000e+00	  -4.8335906e+01	  -4.8702206e+01	  -8.7758789e+01	  -7.4277912e+01	
   2.7100000e+00	  -4.8472756e+01	  -4.8667423e+01	  -9.1230469e+01	  -7.7225494e+01	
   2.7200000e+00	  -4.8414106e+01	  -4.8625551e+01	  -9.3471680e+01	  -8.0216287e+01	
   2.7300000e+00	  -4.9010381e+01	  -4.8594863e+01	  -9.6657715e+01	  -8.3218264e+01	
   2.7400000e+00	  -4.8453206e+01	  -4.8585396e+01	  -9.9316406e+01	  -8.6212633e+01	
   2.7500000e+00	  -4.8511856e+01	  -4.8581073e+01	  -1.0388672e+02	  -8.9224139e+01	
   2.7600000e+00	  -4.8267481e+01	  -4.8566654e+01	  -1.0599609e+02	  -9.2284045e+01	
   2.7700000e+00	  -4.8511856e+01	  -4.8543189e+01	  -1.0797363e+02	  -9.5345409e+01	
   2.7800000e+00	  -4.8990831e+01	  -4.8530334e+01	  -1.1263184e+02	  -9.8377126e+01	
   2.7900000e+00	  -4.8853981e+01	  -4.8546714e+01	  -1.1575195e+02	  -1.0143576e+02	
   2.8000000e+00	  -4.8189280e+01	  -4.8571303e+01	  -1.1852051e+02	  -1.0454043e+02	
   2.8100000e+00	  -4.8423881e+01	  -4.8574445e+01	  -1.2032227e+02	  -1.0763527e+02	
   2.8200000e+00	  -4.8775781e+01	  -4.8566720e+01	  -1.2405762e+02	  -1.1067817e+02	
   2.8300000e+00	  -4.9323182e+01	  -4.8582487e+01	  -1.2651855e+02	  -1.1367896e+02	
   2.8400000e+00	  -4.9029931e+01	  -4.8635218e+01	  -1.3093506e+02	  -1.1667425e+02	
   2.8500000e+00	  -4.8795331e+01	  -4.8701924e+01	  -1.3365967e+02	  -1.1970692e+02	
   2.8600000e+00	  -4.9675082e+01	  -4.8774590e+01	  -1.3581299e+02	  -1.2276133e+02	
   2.8700000e+00	  -4.9518682e+01	  -4.8872724e+01	  -1.3783447e+02	  -1.2576612e+02	
   2.8800000e+00	  -4.8580281e+01	  -4.8971850e+01	  -1.4229492e+02	  -1.2871172e+02	
   2.8900000e+00	  -4.8893081e+01	  -4.9029096e+01	  -1.4486572e+02	  -1.3165412e+02	
   2.9000000e+00	  -4.8687806e+01	  -4.9044480e+01	  -1.4835938e+02	  -1.3462110e+02	
   2.9100000e+00	  -4.8550956e+01	  -4.9027068e+01	  -1.5156738e+02	  -1.3762188e+02	
   2.9200000e+00	  -4.8658481e+01	  -4.8982561e+01	  -1.5372070e+02	  -1.4064555e+02	
   2.9300000e+00	  -4.8932181e+01	  -4.8931319e+01	  -1.5754395e+02	  -1.4366869e+02	
   2.9400000e+00	  -4.8766006e+01	  -4.8889690e+01	  -1.6299316e+02	  -1.4675489e+02	
   2.9500000e+00	  -4.8795331e+01	  -4.8856981e+01	  -1.6505859e+02	  -1.4997075e+02	
   2.9600000e+00	  -4.8658481e+01	  -4.8827714e+01	  -1.6723389e+02	  -1.5324751e+02	
   2.9700000e+00	  -4.8609606e+01	  -4.8797115e+01	  -1.7136475e+02	  -1.5651191e+02	
   2.9800000e+00	  -4.9176556e+01	  -4.8774795e+01	  -1.7397949e+02	  -1.5976828e+02	
   2.9900000e+00	  -4.8766006e+01	  -4.8773123e+01	  -1.7791260e+02	  -1.6302486e+02	
   3.0000000e+00	  -4.8707356e+01	  -4.8778547e+01	  -1.8000000e+02	  -1.6627239e+02	
   3.0100000e+00	  -4.8638931e+01	  -4.8776110e+01	  -1.8000000e+02	  -1.6941607e+02	
   3.0200000e+00	  -4.8521631e+01	  -4.8762545e+01	  -1.8000000e+02	  -1.7228251e+02	
   3.0300000e+00	  -4.8208830e+01	  -4.8730566e+01	  -1.7938477e+02	  -1.7472852e+02	
   3.0400000e+00	  -4.8932181e+01	  -4.8688952e+01	  -1.1271973e+01	  -1.7330742e+02	
   3.0500000e+00	  -4.8941956e+01	  -4.8667472e+01	   1.7727539e+02	  -1.5896873e+02	
   3.0600000e+00	  -4.8619381e+01	  -4.8669071e+01	   1.7696777e+02	  -1.2655377e+02	
   3.0700000e+00	  -4.8912631e+01	  -4.8678472e+01	   1.7789063e+02	  -8.1356744e+01	
   3.0800000e+00	  -4.9548007e+01	  -4.8710184e+01	   1.7742920e+02	  -3.1571122e+01	
   3.0900000e+00	  -4.8951731e+01	  -4.8773092e+01	   1.7048584e+02	   1.7018503e+01	
   3.1000000e+00	  -4.9000606e+01	  -4.8840745e+01	   1.6866211e+02	   6.0612916e+01	
   3.1100000e+00	  -4.8697581e+01	  -4.8889910e+01	   1.6565186e+02	   9.7228396e+01	
   3.1200000e+00	  -4.8726906e+01	  -4.8912666e+01	   1.6145508e+02	   1.2618465e+02	
   3.1300000e+00	  -4.9049481e+01	  -4.8918227e+01	   1.5818115e+02	   1.4760772e+02	
   3.1400000e+00	  -4.9303631e+01	  -4.8930964e+01	   1.5666504e+02	   1.6223215e+02	
   3.1500000e+00	  -4.9743507e+01	  -4.8972800e+01	   1.5027100e+02	   1.7106635e+02	
   3.1600000e+00	  -4.8834431e+01	  -4.9034454e+01	   1.4974365e+02	   1.7517944e+02	
   3.1700000e+00	  -4.8736681e+01	  -4.9074221e+01	   1.4567871e+02	   1.7570299e+02	
   3.1800000e+00	  -4.8550956e+01	  -4.9070844e+01	   1.4429443e+02	   1.7368065e+02	
   3.1900000e+00	  -4.8785556e+01	  -4.9035355e+01	   1.3998779e+02	   1.6996423e+02	
   3.2000000e+00	  -4.8971281e+01	  -4.8991545e+01	   1.3524170e+02	   1.6516376e+02	
   3.2100000e+00	  -4.8736681e+01	  -4.8953378e+01	   1.3253906e+02	   1.5972227e+02	
   3.2200000e+00	  -4.8961506e+01	  -4.8920718e+01	   1.2867188e+02	   1.5402525e+02	
   3.2300000e+00	  -4.9166781e+01	  -4.8902656e+01	   1.2752930e+02	   1.4838946e+02	
   3.2400000e+00	  -4.9430707e+01	  -4.8913468e+01	   1.2179443e+02	   1.4300693e+02	
   3.2500000e+00	  -4.9606657e+01	  -4.8960187e+01	   1.2227783e+02	   1.3797565e+02	
   3.2600000e+00	  -4.9293856e+01	  -4.9032267e+01	   1.1715820e+02	   1.3337525e+02	
   3.2700000e+00	  -4.9772832e+01	  -4.9115412e+01	   1.1487305e+02	   1.2917892e+02	
   3.2800000e+00	  -4.9753282e+01	  -4.9211538e+01	   1.1137939e+02	   1.2531409e+02	
   3.2900000e+00	  -4.9518682e+01	  -4.9312390e+01	   1.0876465e+02	   1.2173361e+02	
   3.3000000e+00	  -4.8971281e+01	  -4.9387361e+01	   1.0485352e+02	   1.1836938e+02	
   3.3100000e+00	  -4.9215656e+01	  -4.9417921e+01	   1.0215088e+02	   1.1515022e+02	
   3.3200000e+00	  -4.8834431e+01	  -4.9408707e+01	   9.8459473e+01	   1.1202147e+02	
   3.3300000e+00	  -4.8990831e+01	  -4.9367462e+01	   9.6921387e+01	   1.0896860e+02	
   3.3400000e+00	  -4.9626207e+01	  -4.9320373e+01	   9.3317871e+01	   1.0600137e+02	
   3.3500000e+00	  -4.9352507e+01	  -4.9296483e+01	   8.8593750e+01	   1.0305691e+02	
   3.3600000e+00	  -4.9675082e+01	  -4.9297637e+01	   8.6857910e+01	   1.0006662e+02	
   3.3700000e+00	  -4.9010381e+01	  -4.9308871e+01	   8.2177734e+01	   9.7028557e+01	
   3.3800000e+00	  -4.8805106e+01	  -4.9301324e+01	   7.8662109e+01	   9.3910462e+01	
   3.3900000e+00	  -4.9587107e+01	  -4.9276449e+01	   7.4223633e+01	   9.0667179e+01	
   3.4000000e+00	  -4.9831482e+01	  -4.9274654e+01	   7.2619629e+01	   8.7323054e+01	
   3.4100000e+00	  -4.9166781e+01	  -4.9299977e+01	   6.8510742e+01	   8.3946810e+01	
   3.4200000e+00	  -4.9088581e+01	  -4.9317297e+01	   6.4885254e+01	   8.0551127e+01	
   3.4300000e+00	  -4.8961506e+01	  -4.9309050e+01	   6.2116699e+01	   7.7132016e+01	
   3.4400000e+00	  -4.8912631e+01	  -4.9277412e+01	   5.9370117e+01	   7.3733373e+01	
   3.4500000e+00	  -4.9430707e+01	  -4.9239203e+01	   5.6689453e+01	   7.0401122e+01	
   3.4600000e+00	  -4.9186331e+01	  -4.9214769e+01	   5.2294922e+01	   6.7128052e+01	
   3.4700000e+00	  -4.8834431e+01	  -4.9194655e+01	   4.9987793e+01	   6.3879188e+01	
   3.4800000e+00	  -4.8756231e+01	  -4.9158313e+01	   4.7131348e+01	   6.0668549e+01	
   3.4900000e+00	  -4.8648706e+01	  -4.9102116e+01	   4.4011230e+01	   5.7516615e+01	
   3.5000000e+00	  -4.8824656e+01	  -4.9035342e+01	   3.9528809e+01	   5.4382823e+01	
   3.5100000e+00	  -4.8707356e+01	  -4.8969703e+01	   3.9331055e+01	   5.1265737e+01	
   3.5200000e+00	  -4.8707356e+01	  -4.8908885e+01	   3.6518555e+01	   4.8255322e+01	
   3.5300000e+00	  -4.8814881e+01	  -4.8855850e+01	   3.2409668e+01	   4.5355696e+01	
   3.5400000e+00	  -4.8844206e+01	  -4.8816974e+01	   2.8806152e+01	   4.2466167e+01	
   3.5500000e+00	  -4.9069031e+01	  -4.8798154e+01	   2.8564453e+01	   3.9583124e+01	
   3.5600000e+00	  -4.9596882e+01	  -4.8813931e+01	   1.9775391e+01	   3.6677252e+01	
   3.5700000e+00	  -4.8785556e+01	  -4.8860051e+01	   2.0434570e+01	   3.3645534e+01	
   3.5800000e+00	  -4.8707356e+01	  -4.8898370e+01	   1.7666016e+01	   3.0571014e+01	
   3.5900000e+00	  -4.8590056e+01	  -4.8906815e+01	   1.3864746e+01	   2.7541722e+01	
   3.6000000e+00	  -4.8580281e+01	  -4.8888945e+01	   1.0788574e+01	   2.4514725e+01	
   3.6100000e+00	  -4.9108131e+01	  -4.8863485e+01	   4.9877930e+00	   2.1415967e+01	
   3.6200000e+00	  -4.8853981e+01	  -4.8851104e+01	   5.2294922e+00	   1.8230195e+01	
   3.6300000e+00	  -4.8560731e+01	  -4.8842610e+01	   1.8896484e+00	   1.5070674e+01	
   3.6400000e+00	  -4.8257706e+01	  -4.8814321e+01	  -1.7578125e-01	   1.2011028e+01	
   3.6500000e+00	  -4.8159955e+01	  -4.8755586e+01	  -1.3842773e+00	   9.0869207e+00	
   3.6600000e+00	  -4.8345681e+01	  -4.8675760e+01	  -6.3281250e+00	   6.2953339e+00	
   3.6700000e+00	  -4.8531406e+01	  -4.8598047e+01	  -1.1447754e+01	   3.4873290e+00	
   3.6800000e+00	  -4.8541181e+01	  -4.8539319e+01	  -1.1535645e+01	   5.8767808e-01	
   3.6900000e+00	  -4.8433656e+01	  -4.8499447e+01	  -1.7973633e+01	  -2.3734573e+00	
   3.7000000e+00	  -4.8805106e+01	  -4.8478209e+01	  -1.8500977e+01	  -5.4070966e+00	
   3.7100000e+00	  -4.8853981e+01	  -4.8484371e+01	  -2.3137207e+01	  -8.4871227e+00	
   3.7200000e+00	  -4.8609606e+01	  -4.8512125e+01	  -2.4060059e+01	  -1.1564817e+01	
   3.7300000e+00	  -4.8805106e+01	  -4.8546591e+01	  -2.9179688e+01	  -1.4626773e+01	
   3.7400000e+00	  -4.8345681e+01	  -4.8576309e+01	  -3.1333008e+01	  -1.7700075e+01	
   3.7500000e+00	  -4.8189280e+01	  -4.8582928e+01	  -3.4343262e+01	  -2.0783533e+01	
   3.7600000e+00	  -4.8902856e+01	  -4.8573022e+01	  -3.5661621e+01	  -2.3816435e+01	
   3.7700000e+00	  -4.8267481e+01	  -4.8566074e+01	  -4.0715332e+01	  -2.6788174e+01	
   3.7800000e+00	  -4.8247931e+01	  -4.8549999e+01	  -4.1088867e+01	  -2.9718927e+01	
   3.7900000e+00	  -4.8199055e+01	  -4.8514834e+01	  -4.4472656e+01	  -3.2572412e+01	
   3.8000000e+00	  -4.8394556e+01	  -4.8471821e+01	  -4.7746582e+01	  -3.5356281e+01	
   3.8100000e+00	  -4.8844206e+01	  -4.8443132e+01	  -4.9548340e+01	  -3.8107509e+01	
   3.8200000e+00	  -4.8120855e+01	  -4.8433394e+01	  -5.4470215e+01	  -4.0853757e+01	
   3.8300000e+00	  -4.9039706e+01	  -4.8435022e+01	  -5.6425781e+01	  -4.3649352e+01	
   3.8400000e+00	  -4.8638931e+01	  -4.8458140e+01	  -5.9919434e+01	  -4.6499575e+01	
   3.8500000e+00	  -4.8746456e+01	  -4.8497699e+01	  -6.2248535e+01	  -4.9382246e+01	
   3.8600000e+00	  -4.8482531e+01	  -4.8535593e+01	  -6.5808105e+01	  -5.2289357e+01	
   3.8700000e+00	  -4.9176556e+01	  -4.8574873e+01	  -6.9367676e+01	  -5.5239845e+01	
   3.8800000e+00	  -4.8844206e+01	  -4.8627788e+01	  -7.1762695e+01	  -5.8243694e+01	
   3.8900000e+00	  -4.8384781e+01	  -4.8676558e+01	  -7.4970703e+01	  -6.1272573e+01	
   3.9000000e+00	  -4.8531406e+01	  -4.8696569e+01	  -7.7277832e+01	  -6.4297475e+01	
   3.9100000e+00	  -4.8824656e+01	  -4.8699080e+01	  -7.9101563e+01	  -6.7270549e+01	
   3.9200000e+00	  -4.8238156e+01	  -4.8693110e+01	  -8.2463379e+01	  -7.0158651e+01	
   3.9300000e+00	  -4.8257706e+01	  -4.8664904e+01	  -8.5847168e+01	  -7.2999862e+01	
   3.9400000e+00	  -4.8257706e+01	  -4.8613710e+01	  -8.8615723e+01	  -7.5841790e+01	
   3.9500000e+00	  -4.8179505e+01	  -4.8550707e+01	  -9.2021484e+01	  -7.8703436e+01	
   3.9600000e+00	  -4.8062205e+01	  -4.8479695e+01	  -9.4790039e+01	  -8.1595845e+01	
   3.9700000e+00	  -4.8120855e+01	  -4.8404147e+01	  -9.7316895e+01	  -8.4505977e+01	
   3.9800000e+00	  -4.8619381e+01	  -4.8341770e+01	  -9.9689941e+01	  -8.7398451e+01	
   3.9900000e+00	  -4.8638931e+01	  -4.8314446e+01	  -1.0324951e+02	  -9.0264791e+01	
   4.0000000e+00	  -4.8443431e+01	  -4.8318671e+01	  -1.0656738e+02	  -9.3141376e+01	
   4.0100000e+00	  -4.8355456e+01	  -4.8333562e+01	  -1.0988525e+02	  -9.6064836e+01	
   4.0200000e+00	  -4.9029931e+01	  -4.8360183e+01	  -1.1304932e+02	  -9.9046954e+01	
   4.0300000e+00	  -4.8384781e+01	  -4.8404558e+01	  -1.1553223e+02	  -1.0207072e+02	
   4.0400000e+00	  -4.8971281e+01	  -4.8456165e+01	  -1.2003662e+02	  -1.0513202e+02	
   4.0500000e+00	  -4.8590056e+01	  -4.8511208e+01	  -1.2120117e+02	  -1.0822566e+02	
   4.0600000e+00	  -4.8277256e+01	  -4.8554219e+01	  -1.2469482e+02	  -1.1129891e+02	
   4.0700000e+00	  -4.8218605e+01	  -4.8564659e+01	  -1.2904541e+02	  -1.1436329e+02	
   4.0800000e+00	  -4.8766006e+01	  -4.8555726e+01	  -1.3064941e+02	  -1.1745295e+02	
   4.0900000e+00	  -4.8257706e+01	  -4.8545688e+01	  -1.3438477e+02	  -1.2053742e+02	
   4.1000000e+00	  -4.8443431e+01	  -4.8530053e+01	  -1.3772461e+02	  -1.2362012e+02	
   4.1100000e+00	  -4.8189280e+01	  -4.8504233e+01	  -1.4009766e+02	  -1.2671086e+02	
   4.1200000e+00	  -4.8189280e+01	  -4.8467477e+01	  -1.4167969e+02	  -1.2975263e+02	
   4.1300000e+00	  -4.8238156e+01	  -4.8422536e+01	  -1.4616211e+02	  -1.3271986e+02	
   4.1400000e+00	  -4.8414106e+01	  -4.8381453e+01	  -1.5062256e+02	  -1.3570233e+02	
   4.1500000e+00	  -4.8511856e+01	  -4.8356157e+01	  -1.5196289e+02	  -1.3875106e+02	
   4.1600000e+00	  -4.8824656e+01	  -4.8356760e+01	  -1.5714844e+02	  -1.4184495e+02	
   4.1700000e+00	  -4.8844206e+01	  -4.8388845e+01	  -1.6193848e+02	  -1.4505066e+02	
   4.1800000e+00	  -4.8619381e+01	  -4.8441096e+01	  -1.6499268e+02	  -1.4842844e+02	
   4.1900000e+00	  -4.8707356e+01	  -4.8495211e+01	  -1.6376221e+02	  -1.5183940e+02	
   4.2000000e+00	  -4.8404331e+01	  -4.8539108e+01	  -1.6815674e+02	  -1.5509779e+02	
   4.2100000e+00	  -4.8296806e+01	  -4.8560360e+01	  -1.7241943e+02	  -1.5823399e+02	
   4.2200000e+00	  -4.8394556e+01	  -4.8556941e+01	  -1.7668213e+02	  -1.6138496e+02	
   4.2300000e+00	  -4.8893081e+01	  -4.8549752e+01	  -1.7914307e+02	  -1.6459853e+02	
   4.2400000e+00	  -4.8345681e+01	  -4.8551716e+01	  -1.8000000e+02	  -1.6779576e+02	
   4.2500000e+00	  -4.8541181e+01	  -4.8551344e+01	  -1.8000000e+02	  -1.7080950e+02	
   4.2600000e+00	  -4.8453206e+01	  -4.8544596e+01	  -1.8000000e+02	  -1.7348068e+02	
   4.2700000e+00	  -4.8638931e+01	  -4.8538424e+01	  -1.3051758e+01	  -1.7236468e+02	
   4.2800000e+00	  -4.8756231e+01	  -4.8541165e+01	  -1.1513672e+01	  -1.6217276e+02	
   4.2900000e+00	  -4.9010381e+01	  -4.8562948e+01	   1.7685791e+02	  -1.3978095e+02	
   4.3000000e+00	  -4.8922406e+01	  -4.8605992e+01	   1.7687988e+02	  -1.0376592e+02	
   4.3100000e+00	  -4.8795331e+01	  -4.8658231e+01	   1.7573730e+02	  -5.8145772e+01	
   4.3200000e+00	  -4.8609606e+01	  -4.8701571e+01	   1.7173828e+02	  -1.0155947e+01	
   4.3300000e+00	  -4.8795331e+01	  -4.8729439e+01	   1.6800293e+02	   3.5239890e+01	
   4.3400000e+00	  -4.8590056e+01	  -4.8744753e+01	   1.6879395e+02	   7.5110799e+01	
   4.3500000e+00	  -4.8580281e+01	  -4.8746073e+01	   1.6442139e+02	   1.0810426e+02	
   4.3600000e+00	  -4.8717131e+01	  -4.8736546e+01	   1.6213623e+02	   1.3383074e+02	
   4.3700000e+00	  -4.8863756e+01	  -4.8729073e+01	   1.6149902e+02	   1.5263743e+02	
   4.3800000e+00	  -4.8609606e+01	  -4.8727050e+01	   1.5712646e+02	   1.6533599e+02	
   4.3900000e+00	  -4.9098356e+01	  -4.8731238e+01	   1.5336914e+02	   1.7283309e+02	
   4.4000000e+00	  -4.8707356e+01	  -4.8745748e+01	   1.5093018e+02	   1.7610424e+02	
   4.4100000e+00	  -4.8609606e+01	  -4.8757859e+01	   1.4954590e+02	   1.7620106e+02	
   4.4200000e+00	  -4.8609606e+01	  -4.8755680e+01	   1.4383301e+02	   1.7403491e+02	
   4.4300000e+00	  -4.8961506e+01	  -4.8749615e+01	   1.3489014e+02	   1.7015457e+02	
   4.4400000e+00	  -4.9499132e+01	  -4.8766477e+01	   1.3374756e+02	   1.6498964e+02	
   4.4500000e+00	  -4.9352507e+01	  -4.8822406e+01	   1.3251709e+02	   1.5916556e+02	
   4.4600000e+00	  -4.8912631e+01	  -4.8894972e+01	   1.2944092e+02	   1.5325244e+02	
   4.4700000e+00	  -4.9342732e+01	  -4.8960403e+01	   1.2704590e+02	   1.4756087e+02	
   4.4800000e+00	  -4.9352507e+01	  -4.9024639e+01	   1.2317871e+02	   1.4223297e+02	
   4.4900000e+00	  -4.9117906e+01	  -4.9087268e+01	   1.1819092e+02	   1.3726271e+02	
   4.5000000e+00	  -4.9323182e+01	  -4.9138731e+01	   1.1421387e+02	   1.3256323e+02	
   4.5100000e+00	  -4.9205881e+01	  -4.9180075e+01	   1.1239014e+02	   1.2811838e+02	
   4.5200000e+00	  -4.8570506e+01	  -4.9198260e+01	   1.0922607e+02	   1.2397725e+02	
   4.5300000e+00	  -4.9704407e+01	  -4.9195027e+01	   1.0478760e+02	   1.2011072e+02	
   4.5400000e+00	  -4.9381832e+01	  -4.9204622e+01	   1.0294189e+02	   1.1645203e+02	
   4.5500000e+00	  -4.9137456e+01	  -4.9226582e+01	   9.9162598e+01	   1.1298137e+02	
   4.5600000e+00	  -4.9479582e+01	  -4.9245286e+01	   9.6372070e+01	   1.0966521e+02	
   4.5700000e+00	  -4.8785556e+01	  -4.9255294e+01	   9.3955078e+01	   1.0647800e+02	
   4.5800000e+00	  -4.9587107e+01	  -4.9254013e+01	   9.1911621e+01	   1.0343537e+02	
   4.5900000e+00	  -4.9157006e+01	  -4.9255214e+01	   8.8264160e+01	   1.0052602e+02	
   4.6000000e+00	  -4.9763057e+01	  -4.9268905e+01	   8.2880859e+01	   9.7640205e+01	
   4.6100000e+00	  -4.9303631e+01	  -4.9295984e+01	   8.1210938e+01	   9.4678290e+01	
   4.6200000e+00	  -4.9137456e+01	  -4.9319855e+01	   7.8112793e+01	   9.1668099e+01	
   4.6300000e+00	  -4.9284081e+01	  -4.9326794e+01	   7.4377441e+01	   8.8635766e+01	
   4.6400000e+00	  -4.9254756e+01	  -4.9324279e+01	   7.1784668e+01	   8.5568501e+01	
   4.6500000e+00	  -4.9381832e+01	  -4.9320223e+01	   6.6335449e+01	   8.2436636e+01	
   4.6600000e+00	  -4.9391607e+01	  -4.9320214e+01	   6.5874023e+01	   7.9234717e+01	
   4.6700000e+00	  -4.9548007e+01	  -4.9328889e+01	   6.1391602e+01	   7.6027095e+01	
   4.6800000e+00	  -4.9049481e+01	  -4.9338902e+01	   5.9106445e+01	   7.2838291e+01	
   4.6900000e+00	  -4.9313406e+01	  -4.9337386e+01	   5.6777344e+01	   6.9689137e+01	
   4.7000000e+00	  -4.9811932e+01	  -4.9339199e+01	   5.4360352e+01	   6.6630408e+01	
   4.7100000e+00	  -4.9860807e+01	  -4.9369308e+01	   5.0625000e+01	   6.3656514e+01	
   4.7200000e+00	  -4.8863756e+01	  -4.9407096e+01	   4.6845703e+01	   6.0701454e+01	
   4.7300000e+00	  -4.8756231e+01	  -4.9405548e+01	   4.3505859e+01	   5.7701967e+01	
   4.7400000e+00	  -4.9635982e+01	  -4.9372221e+01	   4.3154297e+01	   5.4697833e+01	
   4.7500000e+00	  -4.9714182e+01	  -4.9355938e+01	   3.8496094e+01	   5.1757303e+01	
   4.7600000e+00	  -4.9831482e+01	  -4.9375059e+01	   3.4892578e+01	   4.8827253e+01	
   4.7700000e+00	  -4.9616432e+01	  -4.9417313e+01	   3.1662598e+01	   4.5836142e+01	
   4.7800000e+00	  -4.9489357e+01	  -4.9462176e+01	   2.6674805e+01	   4.2743875e+01	
   4.7900000e+00	  -4.9147231e+01	  -4.9488813e+01	   2.6015625e+01	   3.9556694e+01	
   4.8000000e+00	  -4.8746456e+01	  -4.9477279e+01	   1.8149414e+01	   3.6280049e+01	
   4.8100000e+00	  -4.9372057e+01	  -4.9431785e+01	   1.8105469e+01	   3.2879168e+01	
   4.8200000e+00	  -4.9450257e+01	  -4.9386815e+01	   1.5710449e+01	   2.9463968e+01	
   4.8300000e+00	  -4.9411157e+01	  -4.9360715e+01	   1.2392578e+01	   2.6150222e+01	
   4.8400000e+00	  -4.9137456e+01	  -4.9343316e+01	   9.8437500e+00	   2.2935192e+01	
   4.8500000e+00	  -4.8697581e+01	  -4.9312282e+01	   7.7124023e+00	   1.9829931e+01	
   4.8600000e+00	  -4.9010381e+01	  -4.9258114e+01	   3.5595703e+00	   1.6824326e+01	
   4.8700000e+00	  -4.8990831e+01	  -4.9196797e+01	   1.4062500e+00	   1.3871230e+01	
   4.8800000e+00	  -4.8726906e+01	  -4.9136017e+01	  -2.5048828e+00	   1.0940599e+01	
   4.8900000e+00	  -4.8111080e+01	  -4.9057104e+01	  -5.1416016e+00	   8.0065071e+00	
   4.9000000e+00	  -4.9029931e+01	  -4.8961316e+01	  -9.0307617e+00	   5.0433363e+00	
   4.9100000e+00	  -4.9235206e+01	  -4.8891064e+01	  -9.7338867e+00	   2.0762675e+00	
   4.9200000e+00	  -4.9274306e+01	  -4.8870317e+01	  -1.3623047e+01	  -8.3940359e-01	
   4.9300000e+00	  -4.8932181e+01	  -4.8881808e+01	  -1.6567383e+01	  -3.7173528e+00	
   4.9400000e+00	  -4.8932181e+01	  -4.8900095e+01	  -1.9995117e+01	  -6.6051256e+00	
   4.9500000e+00	  -4.8883306e+01	  -4.8913420e+01	  -2.2324219e+01	  -9.5108033e+00	
   4.9600000e+00	  -4.8834431e+01	  -4.8919547e+01	  -2.4763184e+01	  -1.2405917e+01	
   4.9700000e+00	  -4.8717131e+01	  -4.8915264e+01	  -2.9355469e+01	  -1.5298650e+01	
   4.9800000e+00	  -4.8824656e+01	  -4.8901116e+01	  -3.2585449e+01	  -1.8255782e+01	
   4.9900000e+00	  -4.8971281e+01	  -4.8886685e+01	  -3.5024414e+01	  -2.1287609e+01	
   5.0000000e+00	  -4.8648706e+01	  -4.8874803e+01	  -3.9309082e+01	  -2.4372669e+01	
   5.0100000e+00	  -4.8404331e+01	  -4.8850589e+01	  -3.9968262e+01	  -2.7478358e+01	
   5.0200000e+00	  -4.7231330e+01	  -4.8780560e+01	  -4.4450684e+01	  -3.0550338e+01	
   5.0300000e+00	  -4.5950803e+01	  -4.8609033e+01	  -4.6779785e+01	  -3.3593974e+01	
   5.0400000e+00	  -4.4934202e+01	  -4.8290779e+01	  -4.9504395e+01	  -3.6613219e+01	
   5.0500000e+00	  -4.2813026e+01	  -4.7794837e+01	  -5.2009277e+01	  -3.9580797e+01	
   5.0600000e+00	  -4.1679124e+01	  -4.7096386e+01	  -5.2932129e+01	  -4.2450708e+01	
   5.0700000e+00	  -4.0760274e+01	  -4.6217565e+01	  -5.5876465e+01	  -4.5173937e+01	
   5.0800000e+00	  -3.8482697e+01	  -4.5188241e+01	  -5.8447266e+01	  -4.7772753e+01	
   5.0900000e+00	  -3.7299920e+01	  -4.4011390e+01	  -6.0688477e+01	  -5.0290409e+01	
   5.1000000e+00	  -3.6146469e+01	  -4.2718048e+01	  -6.1721191e+01	  -5.2716154e+01	
   5.1100000e+00	  -3.4083942e+01	  -4.1342386e+01	  -6.5434570e+01	  -5.5049151e+01	
   5.1200000e+00	  -3.2920716e+01	  -3.9895068e+01	  -6.5895996e+01	  -5.7314410e+01	
   5.1300000e+00	  -3.0007764e+01	  -3.8371415e+01	  -6.8466797e+01	  -5.9498988e+01	
   5.1400000e+00	  -2.9215988e+01	  -3.6764937e+01	  -7.0334473e+01	  -6.1606365e+01	
   5.1500000e+00	  -2.6029335e+01	  -3.5080089e+01	  -7.1191406e+01	  -6.3638795e+01	
   5.1600000e+00	  -2.4631509e+01	  -3.3308356e+01	  -7.2246094e+01	  -6.5552995e+01	
   5.1700000e+00	  -2.2764482e+01	  -3.1465589e+01	  -7.3718262e+01	  -6.7326735e+01	
   5.1800000e+00	  -2.0926780e+01	  -2.9585326e+01	  -7.4399414e+01	  -6.8961893e+01	
   5.1900000e+00	  -1.8473253e+01	  -2.7671478e+01	  -7.4201660e+01	  -7.0429768e+01	
   5.2000000e+00	  -1.6919027e+01	  -2.5723164e+01	  -7.5981445e+01	  -7.1713916e+01	
   5.2100000e+00	  -1.5276825e+01	  -2.3764576e+01	  -7.7277832e+01	  -7.2870624e+01	
   5.2200000e+00	  -1.2314997e+01	  -2.1800080e+01	  -7.8750000e+01	  -7.3970057e+01	
   5.2300000e+00	  -1.1249521e+01	  -1.9816263e+01	  -7.8442383e+01	  -7.5023425e+01	
   5.2400000e+00	  -1.0467521e+01	  -1.7861436e+01	  -7.9189453e+01	  -7.5994843e+01	
   5.2500000e+00	  -6.9680675e+00	  -1.5959150e+01	  -7.8266602e+01	  -7.6840959e+01	
   5.2600000e+00	  -5.8634915e+00	  -1.4064929e+01	  -7.9409180e+01	  -7.7539625e+01	
   5.2700000e+00	  -5.8439414e+00	  -1.2213008e+01	  -7.9562988e+01	  -7.8118046e+01	
   5.2800000e+00	  -4.6513903e+00	  -1.0490069e+01	  -7.9826660e+01	  -7.8607300e+01	
   5.2900000e+00	  -3.2926641e+00	  -8.9126805e+00	  -7.9650879e+01	  -7.9010214e+01	
   5.3000000e+00	  -2.0805630e+00	  -7.4524894e+00	  -7.9606934e+01	  -7.9322738e+01	
   5.3100000e+00	  -4.2858644e-01	  -6.0756140e+00	  -7.7387695e+01	  -7.9502319e+01	
   5.3200000e+00	   1.3211402e+00	  -4.7369444e+00	  -7.9233398e+01	  -7.9529256e+01	
   5.3300000e+00	   2.7580665e+00	  -3.3980018e+00	  -7.9936523e+01	  -7.9499818e+01	
   5.3400000e+00	   4.8205934e+00	  -2.0321664e+00	  -7.9321289e+01	  -7.9489543e+01	
   5.3500000e+00	   5.9056194e+00	  -6.2531141e-01	  -7.9584961e+01	  -7.9487088e+01	
   5.3600000e+00	   3.6378173e+00	   7.3429343e-01	  -7.8925781e+01	  -7.9474842e+01	
   5.3700000e+00	   6.0717945e+00	   1.9339558e+00	  -7.7299805e+01	  -7.9403464e+01	
   5.3800000e+00	   6.2184197e+00	   2.9898302e+00	  -7.7893066e+01	  -7.9233260e+01	
   5.3900000e+00	   7.7530961e+00	   3.9542575e+00	  -7.7014160e+01	  -7.8986872e+01	
   5.4000000e+00	   7.9192713e+00	   4.8504841e+00	  -7.4685059e+01	  -7.8641251e+01	
   5.4100000e+00	   9.9817982e+00	   5.7098919e+00	  -7.7211914e+01	  -7.8199295e+01	
   5.4200000e+00	   9.0922723e+00	   6.5449642e+00	  -7.5498047e+01	  -7.7751359e+01	
   5.4300000e+00	   1.1408949e+01	   7.3495646e+00	  -7.4531250e+01	  -7.7298061e+01	
   5.4400000e+00	   1.1643550e+01	   8.1498856e+00	  -7.3322754e+01	  -7.6780217e+01	
   5.4500000e+00	   1.2112750e+01	   8.9485424e+00	  -7.3696289e+01	  -7.6202119e+01	
   5.4600000e+00	   1.3363951e+01	   9.7306591e+00	  -7.1586914e+01	  -7.5580188e+01	
   5.4700000e+00	   1.4048202e+01	   1.0512760e+01	  -7.0642090e+01	  -7.4883906e+01	
   5.4800000e+00	   1.5338503e+01	   1.1310547e+01	  -6.8752441e+01	  -7.4077609e+01	
   5.4900000e+00	   1.5006153e+01	   1.2113200e+01	  -7.0004883e+01	  -7.3195804e+01	
   5.5000000e+00	   1.5387378e+01	   1.2874715e+01	  -6.9345703e+01	  -7.2335528e+01	
   5.5100000e+00	   1.7674730e+01	   1.3603246e+01	  -6.7565918e+01	  -7.1521100e+01	
   5.5200000e+00	   2.0138033e+01	   1.4401101e+01	  -6.6203613e+01	  -7.0689416e+01	
   5.5300000e+00	   1.9659057e+01	   1.5314583e+01	  -6.5017090e+01	  -6.9799184e+01	
   5.5400000e+00	   1.9297382e+01	   1.6251808e+01	  -6.5280762e+01	  -6.8873196e+01	
   5.5500000e+00	   2.0968908e+01	   1.7138394e+01	  -6.1787109e+01	  -6.7915259e+01	
   5.5600000e+00	   2.1086208e+01	   1.7983512e+01	  -6.0007324e+01	  -6.6843010e+01	
   5.5700000e+00	   2.1594509e+01	   1.8782633e+01	  -6.0183105e+01	  -6.5645461e+01	
   5.5800000e+00	   2.1965959e+01	   1.9518289e+01	  -5.9787598e+01	  -6.4427128e+01	
   5.5900000e+00	   2.2845710e+01	   2.0196942e+01	  -5.7194824e+01	  -6.3228910e+01	
   5.6000000e+00	   2.5533837e+01	   2.0881300e+01	  -5.5656738e+01	  -6.1996874e+01	
   5.6100000e+00	   2.6687289e+01	   2.1663147e+01	  -5.3854980e+01	  -6.0692085e+01	
   5.6200000e+00	   2.6833914e+01	   2.2547972e+01	  -5.2141113e+01	  -5.9307774e+01	
   5.6300000e+00	   2.4830037e+01	   2.3416571e+01	  -5.0163574e+01	  -5.7838925e+01	
   5.6400000e+00	   2.6775264e+01	   2.4166508e+01	  -4.9680176e+01	  -5.6310297e+01	
   5.6500000e+00	   2.7391089e+01	   2.4830353e+01	  -4.8515625e+01	  -5.4783609e+01	
   5.6600000e+00	   2.7146714e+01	   2.5444548e+01	  -4.3352051e+01	  -5.3220622e+01	
   5.6700000e+00	   2.9003966e+01	   2.6017412e+01	  -4.4187012e+01	  -5.1545892e+01	
   5.6800000e+00	   2.9639341e+01	   2.6600199e+01	  -4.3571777e+01	  -4.9851513e+01	
   5.6900000e+00	   2.7596364e+01	   2.7164326e+01	  -4.1396484e+01	  -4.8229016e+01	
   5.7000000e+00	   2.9385191e+01	   2.7637792e+01	  -3.8715820e+01	  -4.6629394e+01	
   5.7100000e+00	   3.0851442e+01	   2.8075346e+01	  -3.7133789e+01	  -4.4989814e+01	
   5.7200000e+00	   3.0049892e+01	   2.8533441e+01	  -3.4826660e+01	  -4.3292603e+01	
   5.7300000e+00	   3.2288369e+01	   2.9010116e+01	  -3.3464355e+01	  -4.1542970e+01	
   5.7400000e+00	   3.2425219e+01	   2.9536978e+01	  -3.1508789e+01	  -3.9759943e+01	
   5.7500000e+00	   3.3617770e+01	   3.0128106e+01	  -3.0388184e+01	  -3.7970321e+01	
   5.7600000e+00	   3.3314745e+01	   3.0757528e+01	  -2.8542480e+01	  -3.6198882e+01	
   5.7700000e+00	   3.2131969e+01	   3.1348970e+01	  -2.2434082e+01	  -3.4362093e+01	
   5.7800000e+00	   3.3158345e+01	   3.1835561e+01	  -2.4235840e+01	  -3.2384709e+01	
   5.7900000e+00	   3.4448646e+01	   3.2259201e+01	  -2.1225586e+01	  -3.0365243e+01	
   5.8000000e+00	   3.4868971e+01	   3.2689316e+01	  -2.0830078e+01	  -2.8388348e+01	
   5.8100000e+00	   3.5054696e+01	   3.3135559e+01	  -1.7028809e+01	  -2.6444882e+01	
   5.8200000e+00	   3.4507296e+01	   3.3561205e+01	  -1.3249512e+01	  -2.4442453e+01	
   5.8300000e+00	   3.6638248e+01	   3.3963987e+01	  -1.0041504e+01	  -2.2270497e+01	
   5.8400000e+00	   3.6247247e+01	   3.4386495e+01	  -9.9096680e+00	  -1.9956893e+01	
   5.8500000e+00	   3.6002872e+01	   3.4809897e+01	  -4.9658203e+00	  -1.7569289e+01	
   5.8600000e+00	   3.4888521e+01	   3.5159810e+01	  -5.1635742e+00	  -1.5128776e+01	
   5.8700000e+00	   3.8691000e+01	   3.5461180e+01	  -3.1640625e+00	  -1.2718882e+01	
   5.8800000e+00	   3.7889449e+01	   3.5821462e+01	  -1.8896484e+00	  -1.0420283e+01	
   5.8900000e+00	   3.6745773e+01	   3.6211788e+01	   2.8344727e+00	  -8.1914963e+00	
   5.9000000e+00	   3.7166098e+01	   3.6536431e+01	   3.2958984e+00	  -5.9619153e+00	
   5.9100000e+00	   3.7175873e+01	   3.6786979e+01	   6.0205078e+00	  -3.7428056e+00	
   5.9200000e+00	   3.7087898e+01	   3.6976947e+01	   8.2836914e+00	  -1.5445223e+00	
   5.9300000e+00	   3.9482775e+01	   3.7157560e+01	   1.0085449e+01	   6.4561747e-01	
   5.9400000e+00	   3.9443675e+01	   3.7411307e+01	   1.0107422e+01	   2.7728573e+00	
   5.9500000e+00	   3.8866950e+01	   3.7726517e+01	   1.6545410e+01	   4.8552320e+00	
   5.9600000e+00	   4.0665551e+01	   3.8067998e+01	   1.9423828e+01	   7.0583905e+00	
   5.9700000e+00	   3.7390923e+01	   3.8393790e+01	   2.0588379e+01	   9.4303278e+00	
   5.9800000e+00	   4.0088826e+01	   3.8642121e+01	   2.1774902e+01	   1.1848380e+01	
   5.9900000e+00	   4.0215901e+01	   3.8865977e+01	   2.5378418e+01	   1.4245174e+01	
   6.0000000e+00	   4.0382076e+01	   3.9118777e+01	   2.3269043e+01	   1.6562000e+01	
   6.0100000e+00	   3.8084949e+01	   3.9332924e+01	   2.8212891e+01	   1.8728352e+01	
   6.0200000e+00	   4.0548251e+01	   3.9465619e+01	   2.8476563e+01	   2.0785678e+01	
   6.0300000e+00	   4.1428002e+01	   3.9605892e+01	   3.4145508e+01	   2.2831538e+01	
   6.0400000e+00	   4.1848328e+01	   3.9833006e+01	   3.6650391e+01	   2.4988999e+01	
   6.0500000e+00	   4.1555077e+01	   4.0126232e+01	   3.9462891e+01	   2.7315668e+01	
   6.0600000e+00	   4.1300927e+01	   4.0429863e+01	   4.7636719e+01	   2.9891383e+01	
   6.0700000e+00	   4.0587351e+01	   4.0685345e+01	   4.7680664e+01	   3.2805590e+01	
   6.0800000e+00	   4.1428002e+01	   4.0872542e+01	   4.9724121e+01	   3.5909745e+01	
   6.0900000e+00	   4.2337078e+01	   4.1038596e+01	   5.3459473e+01	   3.9044334e+01	
   6.1000000e+00	   3.9707601e+01	   4.1178341e+01	   5.1569824e+01	   4.2099758e+01	
   6.1100000e+00	   4.0841502e+01	   4.1225399e+01	   5.6315918e+01	   4.4953389e+01	
   6.1200000e+00	   4.1515977e+01	   4.1215512e+01	   6.0161133e+01	   4.7678269e+01	
   6.1300000e+00	   4.1975403e+01	   4.1228990e+01	   6.3720703e+01	   5.0422929e+01	
   6.1400000e+00	   4.3832654e+01	   4.1325669e+01	   6.3303223e+01	   5.3171605e+01	
   6.1500000e+00	   4.2845378e+01	   4.1531941e+01	   6.7126465e+01	   5.5833549e+01	
   6.1600000e+00	   4.3001779e+01	   4.1792716e+01	   6.6862793e+01	   5.8365910e+01	
   6.1700000e+00	   4.3901079e+01	   4.2072013e+01	   7.1828613e+01	   6.0777654e+01	
   6.1800000e+00	   4.5328231e+01	   4.2408676e+01	   7.5520020e+01	   6.3186597e+01	
   6.1900000e+00	   4.4018380e+01	   4.2804166e+01	   7.9431152e+01	   6.5726776e+01	
   6.2000000e+00	   4.3969504e+01	   4.3180680e+01	   7.9497070e+01	   6.8379618e+01	
   6.2100000e+00	   4.5103406e+01	   4.3509281e+01	   8.2485352e+01	   7.1032817e+01	
   6.2200000e+00	   4.2796503e+01	   4.3778989e+01	   8.9077148e+01	   7.3726843e+01	
   6.2300000e+00	   4.4829705e+01	   4.3960203e+01	   9.1647949e+01	   7.6607049e+01	
   6.2400000e+00	   4.5122956e+01	   4.4111332e+01	   9.3955078e+01	   7.9657265e+01	
   6.2500000e+00	   4.4125905e+01	   4.4263612e+01	   9.7624512e+01	   8.2789479e+01	
   6.2600000e+00	   4.3568729e+01	   4.4359049e+01	   9.8613281e+01	   8.5936241e+01	
   6.2700000e+00	   4.4292080e+01	   4.4382485e+01	   1.0379883e+02	   8.9057098e+01	
   6.2800000e+00	   4.4272530e+01	   4.4375334e+01	   1.0544678e+02	   9.2171872e+01	
   6.2900000e+00	   4.3539404e+01	   4.4348158e+01	   1.0839111e+02	   9.5261992e+01	
   6.3000000e+00	   4.4722180e+01	   4.4304236e+01	   1.1322510e+02	   9.8336503e+01	
   6.3100000e+00	   4.4839480e+01	   4.4288243e+01	   1.1485107e+02	   1.0143997e+02	
   6.3200000e+00	   4.5963606e+01	   4.4342490e+01	   1.2146484e+02	   1.0460792e+02	
   6.3300000e+00	   4.3989054e+01	   4.4445279e+01	   1.1827881e+02	   1.0779705e+02	
   6.3400000e+00	   4.4673305e+01	   4.4527950e+01	   1.2458496e+02	   1.1087507e+02	
   6.3500000e+00	   4.5298906e+01	   4.4591471e+01	   1.2801270e+02	   1.1389272e+02	
   6.3600000e+00	   4.4243205e+01	   4.4655274e+01	   1.3047363e+02	   1.1694298e+02	
   6.3700000e+00	   4.3949954e+01	   4.4678404e+01	   1.3348389e+02	   1.1999727e+02	
   6.3800000e+00	   4.6247082e+01	   4.4686743e+01	   1.3423096e+02	   1.2299412e+02	
   6.3900000e+00	   4.5826756e+01	   4.4762863e+01	   1.3585693e+02	   1.2583650e+02	
   6.4000000e+00	   4.6657632e+01	   4.4922278e+01	   1.4139404e+02	   1.2854298e+02	
   6.4100000e+00	   4.7205032e+01	   4.5158232e+01	   1.4387695e+02	   1.3124983e+02	
   6.4200000e+00	   4.6638082e+01	   4.5451608e+01	   1.4759033e+02	   1.3402496e+02	
   6.4300000e+00	   4.5631256e+01	   4.5726245e+01	   1.5341309e+02	   1.3693691e+02	
   6.4400000e+00	   4.6022256e+01	   4.5922826e+01	   1.5567627e+02	   1.4005659e+02	
   6.4500000e+00	   4.7869733e+01	   4.6086142e+01	   1.5451172e+02	   1.4324335e+02	
   6.4600000e+00	   4.5963606e+01	   4.6258782e+01	   1.6077393e+02	   1.4634156e+02	
   6.4700000e+00	   4.6696732e+01	   4.6398798e+01	   1.6435547e+02	   1.4943417e+02	
   6.4800000e+00	   4.7009532e+01	   4.6504089e+01	   1.6415771e+02	   1.5254040e+02	
   6.4900000e+00	   4.7087732e+01	   4.6607511e+01	   1.6714600e+02	   1.5552983e+02	
   6.5000000e+00	   4.8270508e+01	   4.6734602e+01	   1.7039795e+02	   1.5838557e+02	
   6.5100000e+00	   4.5748556e+01	   4.6865093e+01	   1.7575928e+02	   1.6122446e+02	
   6.5200000e+00	   4.5856081e+01	   4.6911897e+01	   1.7371582e+02	   1.6406410e+02	
   6.5300000e+00	   4.8935209e+01	   4.6916778e+01	   1.7611084e+02	   1.6674981e+02	
   6.5400000e+00	   4.7644908e+01	   4.6994302e+01	   1.7703369e+02	   1.6919473e+02	
   6.5500000e+00	   4.5826756e+01	   4.7085687e+01	  -1.2348633e+01	   1.6757055e+02	
   6.5600000e+00	   4.7859958e+01	   4.7120511e+01	  -1.8000000e+02	   1.5251177e+02	
   6.5700000e+00	   4.6647857e+01	   4.7137071e+01	  -1.8000000e+02	   1.1950899e+02	
   6.5800000e+00	   4.6843357e+01	   4.7136661e+01	  -1.8000000e+02	   7.4282007e+01	
   6.5900000e+00	   4.7126832e+01	   4.7114603e+01	  -1.8000000e+02	   2.4848259e+01	
   6.6000000e+00	   4.7302783e+01	   4.7099279e+01	  -1.7909912e+02	  -2.3294228e+01	
   6.6100000e+00	   4.6647857e+01	   4.7089112e+01	  -1.7384766e+02	  -6.6599459e+01	
   6.6200000e+00	   4.7156157e+01	   4.7070505e+01	  -1.6951904e+02	  -1.0300749e+02	
   6.6300000e+00	   4.6960657e+01	   4.7051318e+01	  -1.6670654e+02	  -1.3173139e+02	
   6.6400000e+00	   4.6921557e+01	   4.7034870e+01	  -1.6677246e+02	  -1.5302099e+02	
   6.6500000e+00	   4.7136607e+01	   4.7020323e+01	  -1.6547607e+02	  -1.6775245e+02	
   6.6600000e+00	   4.6784707e+01	   4.7008948e+01	  -1.5877441e+02	  -1.7690907e+02	
   6.6700000e+00	   4.7762208e+01	   4.7010338e+01	  -1.5949951e+02	  -1.8147401e+02	
   6.6800000e+00	   4.6814032e+01	   4.7032955e+01	  -1.5341309e+02	  -1.8249966e+02	
   6.6900000e+00	   4.6950882e+01	   4.7051665e+01	  -1.5185303e+02	  -1.8091175e+02	
   6.7000000e+00	   4.8280283e+01	   4.7079519e+01	  -1.4578857e+02	  -1.7746848e+02	
   6.7100000e+00	   4.7684008e+01	   4.7155170e+01	  -1.4308594e+02	  -1.7278270e+02	
   6.7200000e+00	   4.7820858e+01	   4.7260897e+01	  -1.4086670e+02	  -1.6740153e+02	
   6.7300000e+00	   4.8573534e+01	   4.7386056e+01	  -1.3825195e+02	  -1.6181073e+02	
   6.7400000e+00	   4.7400533e+01	   4.7523047e+01	  -1.3585693e+02	  -1.5633692e+02	
   6.7500000e+00	   4.7684008e+01	   4.7630315e+01	  -1.3163818e+02	  -1.5114442e+02	
   6.7600000e+00	   4.9531485e+01	   4.7734836e+01	  -1.3113281e+02	  -1.4632178e+02	
   6.7700000e+00	   4.5846306e+01	   4.7835087e+01	  -1.2605713e+02	  -1.4191681e+02	
   6.7800000e+00	   4.6559882e+01	   4.7827959e+01	  -1.2416748e+02	  -1.3788159e+02	
   6.7900000e+00	   4.7586258e+01	   4.7727801e+01	  -1.2093750e+02	  -1.3416498e+02	
   6.8000000e+00	   4.9130709e+01	   4.7662598e+01	  -1.1702637e+02	  -1.3070503e+02	
   6.8100000e+00	   4.8348709e+01	   4.7691996e+01	  -1.1583984e+02	  -1.2744186e+02	
   6.8200000e+00	   4.8690834e+01	   4.7786182e+01	  -1.1265381e+02	  -1.2437683e+02	
   6.8300000e+00	   4.9140484e+01	   4.7921422e+01	  -1.0856689e+02	  -1.2145122e+02	
   6.8400000e+00	   4.7019307e+01	   4.8054459e+01	  -1.0579834e+02	  -1.1856632e+02	
   6.8500000e+00	   4.8104333e+01	   4.8121017e+01	  -1.0245850e+02	  -1.1567891e+02	
   6.8600000e+00	   4.8368259e+01	   4.8145873e+01	  -9.8898926e+01	  -1.1276061e+02	
   6.8700000e+00	   4.8788584e+01	   4.8182820e+01	  -9.6877441e+01	  -1.0980629e+02	
   6.8800000e+00	   4.8378034e+01	   4.8238493e+01	  -9.4526367e+01	  -1.0686629e+02	
   6.8900000e+00	   4.7928383e+01	   4.8284623e+01	  -9.1779785e+01	  -1.0398147e+02	
   6.9000000e+00	   4.7625358e+01	   4.8288536e+01	  -8.8176270e+01	  -1.0113387e+02	
   6.9100000e+00	   4.7977258e+01	   4.8250923e+01	  -8.7011719e+01	  -9.8315609e+01	
   6.9200000e+00	   4.7918608e+01	   4.8196570e+01	  -8.3254395e+01	  -9.5547962e+01	
   6.9300000e+00	   4.7302783e+01	   4.8128191e+01	  -8.0661621e+01	  -9.2808731e+01	
   6.9400000e+00	   4.8084783e+01	   4.8046101e+01	  -7.7849121e+01	  -9.0071689e+01	
   6.9500000e+00	   4.8749484e+01	   4.7994205e+01	  -7.4970703e+01	  -8.7333077e+01	
   6.9600000e+00	   4.7420083e+01	   4.7981546e+01	  -7.0290527e+01	  -8.4547367e+01	
   6.9700000e+00	   4.6325282e+01	   4.7933035e+01	  -6.9257813e+01	  -8.1688699e+01	
   6.9800000e+00	   4.7214807e+01	   4.7812618e+01	  -6.5676270e+01	  -7.8805483e+01	
   6.9900000e+00	   4.8632184e+01	   4.7697965e+01	  -6.4489746e+01	  -7.5949713e+01	
   7.0000000e+00	   4.7283233e+01	   4.7643924e+01	  -5.9414063e+01	  -7.3119434e+01	
   7.0100000e+00	   4.7459183e+01	   4.7610915e+01	  -5.8513184e+01	  -7.0287075e+01	
   7.0200000e+00	   4.7664458e+01	   4.7578144e+01	  -5.4624023e+01	  -6.7464684e+01	
   7.0300000e+00	   5.0049560e+01	   4.7607838e+01	  -5.1328125e+01	  -6.4634920e+01	
   7.0400000e+00	   4.8935209e+01	   4.7752754e+01	  -4.7614746e+01	  -6.1742681e+01	
   7.0500000e+00	   4.7889283e+01	   4.7942061e+01	  -4.4802246e+01	  -5.8770886e+01	
   7.0600000e+00	   5.0020235e+01	   4.8123035e+01	  -4.2253418e+01	  -5.5748066e+01	
   7.0700000e+00	   4.7390758e+01	   4.8295907e+01	  -3.9682617e+01	  -5.2724864e+01	
   7.0800000e+00	   4.9267559e+01	   4.8424566e+01	  -3.7617188e+01	  -4.9748349e+01	
   7.0900000e+00	   4.7771983e+01	   4.8507074e+01	  -3.5156250e+01	  -4.6856875e+01	
   7.1000000e+00	   4.8123883e+01	   4.8538041e+01	  -3.1113281e+01	  -4.4030699e+01	
   7.1100000e+00	   4.8368259e+01	   4.8522472e+01	  -2.9355469e+01	  -4.1226320e+01	
   7.1200000e+00	   4.8387809e+01	   4.8495583e+01	  -2.3774414e+01	  -3.8397317e+01	
   7.1300000e+00	   4.8309608e+01	   4.8467717e+01	  -2.1511230e+01	  -3.5474857e+01	
   7.1400000e+00	   4.7899058e+01	   4.8430468e+01	  -2.0061035e+01	  -3.2495114e+01	
   7.1500000e+00	   4.8690834e+01	   4.8388036e+01	  -1.5644531e+01	  -2.9525605e+01	
   7.1600000e+00	   4.9394634e+01	   4.8383380e+01	  -1.0283203e+01	  -2.6487016e+01	
   7.1700000e+00	   4.9854060e+01	   4.8456723e+01	  -9.6899414e+00	  -2.3332263e+01	
   7.1800000e+00	   4.8524659e+01	   4.8580089e+01	  -7.1411133e+00	  -2.0173748e+01	
   7.1900000e+00	   4.8270508e+01	   4.8676352e+01	  -6.2402344e+00	  -1.7134169e+01	
   7.2000000e+00	   4.8495334e+01	   4.8715107e+01	  -1.9555664e+00	  -1.4241625e+01	
   7.2100000e+00	   4.7635133e+01	   4.8700516e+01	   1.6040039e+00	  -1.1414068e+01	
   7.2200000e+00	   4.7635133e+01	   4.8622849e+01	   5.4052734e+00	  -8.5499694e+00	
   7.2300000e+00	   4.9277334e+01	   4.8526670e+01	   7.8442383e+00	  -5.6193619e+00	
   7.2400000e+00	   4.8319383e+01	   4.8473070e+01	   6.5478516e+00	  -2.7332531e+00	
   7.2500000e+00	   4.8456234e+01	   4.8448334e+01	   9.7338867e+00	  -4.6637442e-02	
   7.2600000e+00	   4.7185482e+01	   4.8404835e+01	   1.7380371e+01	   2.5517119e+00	
   7.2700000e+00	   4.7361433e+01	   4.8308037e+01	   2.1115723e+01	   5.3308560e+00	
   7.2800000e+00	   4.8690834e+01	   4.8193076e+01	   2.0346680e+01	   8.2908540e+00	
   7.2900000e+00	   4.9199134e+01	   4.8142842e+01	   2.4609375e+01	   1.1258794e+01	
   7.3000000e+00	   4.8534434e+01	   4.8171922e+01	   2.8696289e+01	   1.4231255e+01	
   7.3100000e+00	   4.8397584e+01	   4.8230296e+01	   3.4343262e+01	   1.7331004e+01	
   7.3200000e+00	   4.8143433e+01	   4.8278817e+01	   3.3354492e+01	   2.0552419e+01	
   7.3300000e+00	   4.8123883e+01	   4.8303771e+01	   3.9177246e+01	   2.3783712e+01	
   7.3400000e+00	   4.8338934e+01	   4.8310037e+01	   3.9968262e+01	   2.6991668e+01	
   7.3500000e+00	   4.7947933e+01	   4.8304205e+01	   4.5417480e+01	   3.0185103e+01	
   7.3600000e+00	   4.8241183e+01	   4.8285586e+01	   4.5549316e+01	   3.3350095e+01	
   7.3700000e+00	   4.9091609e+01	   4.8281268e+01	   4.8757324e+01	   3.6421754e+01	
   7.3800000e+00	   4.7097507e+01	   4.8286468e+01	   5.3547363e+01	   3.9414499e+01	
   7.3900000e+00	   4.7850183e+01	   4.8249454e+01	   5.9304199e+01	   4.2488659e+01	
   7.4000000e+00	   4.8417134e+01	   4.8189911e+01	   5.8732910e+01	   4.5684036e+01	
   7.4100000e+00	   4.9414184e+01	   4.8178614e+01	   5.9436035e+01	   4.8807252e+01	
   7.4200000e+00	   4.8788584e+01	   4.8238038e+01	   6.8840332e+01	   5.1838928e+01	
   7.4300000e+00	   4.9081834e+01	   4.8338831e+01	   6.8466797e+01	   5.4952707e+01	
   7.4400000e+00	   4.7508058e+01	   4.8425666e+01	   7.3674316e+01	   5.8147454e+01	
   7.4500000e+00	   4.7820858e+01	   4.8445532e+01	   7.4355469e+01	   6.1352832e+01	
   7.4600000e+00	   4.8944984e+01	   4.8424385e+01	   7.6904297e+01	   6.4490662e+01	
   7.4700000e+00	   4.6696732e+01	   4.8384915e+01	   8.1452637e+01	   6.7540502e+01	
   7.4800000e+00	   4.6335057e+01	   4.8261873e+01	   8.2792969e+01	   7.0549703e+01	
   7.4900000e+00	   4.7996808e+01	   4.8068808e+01	   8.6484375e+01	   7.3510421e+01	
   7.5000000e+00	   4.9824735e+01	   4.7942540e+01	   8.9648438e+01	   7.6440933e+01	
   7.5100000e+00	   5.0069110e+01	   4.7980957e+01	   9.2065430e+01	   7.9366423e+01	
   7.5200000e+00	   4.7596033e+01	   4.8118769e+01	   9.5800781e+01	   8.2289322e+01	
   7.5300000e+00	   4.7899058e+01	   4.8220916e+01	   1.0015137e+02	   8.5261707e+01	
   7.5400000e+00	   4.7429858e+01	   4.8245062e+01	   1.0243652e+02	   8.8322707e+01	
   7.5500000e+00	   4.8651734e+01	   4.8229023e+01	   1.0439209e+02	   9.1413077e+01	
   7.5600000e+00	   4.8514884e+01	   4.8225407e+01	   1.0764404e+02	   9.4463775e+01	
   7.5700000e+00	   4.8407359e+01	   4.8246931e+01	   1.1307129e+02	   9.7522849e+01	
   7.5800000e+00	   4.7615583e+01	   4.8259881e+01	   1.1597168e+02	   1.0068310e+02	
   7.5900000e+00	   4.8475784e+01	   4.8249605e+01	   1.1827881e+02	   1.0392621e+02	
   7.6000000e+00	   4.8260733e+01	   4.8239590e+01	   1.1891602e+02	   1.0712563e+02	
   7.6100000e+00	   4.9482610e+01	   4.8263723e+01	   1.2359619e+02	   1.1020595e+02	
   7.6200000e+00	   4.8299833e+01	   4.8328825e+01	   1.2671631e+02	   1.1322587e+02	
   7.6300000e+00	   4.8172758e+01	   4.8389451e+01	   1.3251709e+02	   1.1630027e+02	
   7.6400000e+00	   4.8739709e+01	   4.8424865e+01	   1.3576904e+02	   1.1952360e+02	
   7.6500000e+00	   4.9375084e+01	   4.8474244e+01	   1.3627441e+02	   1.2284079e+02	
   7.6600000e+00	   5.0587186e+01	   4.8589864e+01	   1.4172363e+02	   1.2614672e+02	
   7.6700000e+00	   5.0010460e+01	   4.8788542e+01	   1.4466797e+02	   1.2946803e+02	
   7.6800000e+00	   4.9375084e+01	   4.9012949e+01	   1.4923828e+02	   1.3285188e+02	
   7.6900000e+00	   4.7996808e+01	   4.9171043e+01	   1.4958984e+02	   1.3625376e+02	
   7.7000000e+00	   5.0665386e+01	   4.9259382e+01	   1.5394043e+02	   1.3958722e+02	
   7.7100000e+00	   5.0186410e+01	   4.9365774e+01	   1.5835693e+02	   1.4287950e+02	
   7.7200000e+00	   4.7605808e+01	   4.9457725e+01	   1.6176270e+02	   1.4621406e+02	
   7.7300000e+00	   4.8612634e+01	   4.9439975e+01	   1.6358643e+02	   1.4957000e+02	
   7.7400000e+00	   4.8944984e+01	   4.9348582e+01	   1.6881592e+02	   1.5291672e+02	
   7.7500000e+00	   4.7205032e+01	   4.9215925e+01	   1.7237549e+02	   1.5630684e+02	
   7.7600000e+00	   4.6960657e+01	   4.8999340e+01	   1.7514404e+02	   1.5975607e+02	
   7.7700000e+00	   4.7234357e+01	   4.8707063e+01	   1.7679199e+02	   1.6318190e+02	
   7.7800000e+00	   4.8319383e+01	   4.8417598e+01	   1.7740723e+02	   1.6645166e+02	
   7.7900000e+00	   4.8720159e+01	   4.8210317e+01	   1.7736328e+02	   1.6941559e+02	
   7.8000000e+00	   4.8563759e+01	   4.8107144e+01	  -1.0986328e+01	   1.6817317e+02	
   7.8100000e+00	   5.0772911e+01	   4.8125164e+01	  -1.3205566e+01	   1.5672196e+02	
   7.8200000e+00	   4.9951810e+01	   4.8288566e+01	  -1.8000000e+02	   1.3242162e+02	
   7.8300000e+00	   4.9541260e+01	   4.8535223e+01	  -1.8000000e+02	   9.5088439e+01	
   7.8400000e+00	   4.9922485e+01	   4.8790137e+01	  -1.8000000e+02	   4.9045942e+01	
   7.8500000e+00	   4.9081834e+01	   4.9020053e+01	  -1.8000000e+02	   1.1164614e+00	
   7.8600000e+00	   5.0508986e+01	   4.9218018e+01	  -1.7786865e+02	  -4.4130092e+01	
   7.8700000e+00	   4.9912710e+01	   4.9408054e+01	  -1.7160645e+02	  -8.3809759e+01	
   7.8800000e+00	   4.9345759e+01	   4.9571063e+01	  -1.6927734e+02	  -1.1639038e+02	
   7.8900000e+00	   5.0528536e+01	   4.9692650e+01	  -1.6692627e+02	  -1.4153416e+02	
   7.9000000e+00	   4.7908833e+01	   4.9761414e+01	  -1.6483887e+02	  -1.5970529e+02	
   7.9100000e+00	   4.7175707e+01	   4.9694580e+01	  -1.5888428e+02	  -1.7169411e+02	
   7.9200000e+00	   4.8651734e+01	   4.9493733e+01	  -1.5736816e+02	  -1.7844324e+02	
   7.9300000e+00	   4.9032959e+01	   4.9275292e+01	  -1.5409424e+02	  -1.8104346e+02	
   7.9400000e+00	   4.8192308e+01	   4.9091187e+01	  -1.5490723e+02	  -1.8062828e+02	
   7.9500000e+00	   4.9599910e+01	   4.8946054e+01	  -1.5086426e+02	  -1.7819821e+02	
   7.9600000e+00	   4.8368259e+01	   4.8852494e+01	  -1.4631592e+02	  -1.7443370e+02	
   7.9700000e+00	   4.9990910e+01	   4.8810913e+01	  -1.4165771e+02	  -1.6975833e+02	
   7.9800000e+00	   4.9072059e+01	   4.8827996e+01	  -1.3743896e+02	  -1.6451117e+02	
   7.9900000e+00	   4.9013409e+01	   4.8875835e+01	  -1.3607666e+02	  -1.5902846e+02	
   8.0000000e+00	   4.9668335e+01	   4.8931899e+01	  -1.3546143e+02	  -1.5368333e+02	
   8.0100000e+00	   4.8299833e+01	   4.8986379e+01	  -1.2977051e+02	  -1.4868945e+02	
   8.0200000e+00	   4.7459183e+01	   4.8976768e+01	  -1.2702393e+02	  -1.4402593e+02	
   8.0300000e+00	   4.9580360e+01	   4.8908175e+01	  -1.2302490e+02	  -1.3964399e+02	
   8.0400000e+00	   4.7488508e+01	   4.8833570e+01	  -1.2080566e+02	  -1.3553430e+02	
   8.0500000e+00	   5.1144361e+01	   4.8793101e+01	  -1.1770752e+02	  -1.3169769e+02	
   8.0600000e+00	   4.8886334e+01	   4.8837261e+01	  -1.1482910e+02	  -1.2811761e+02	
   8.0700000e+00	   4.8954759e+01	   4.8916248e+01	  -1.1199463e+02	  -1.2475489e+02	
   8.0800000e+00	   4.8769034e+01	   4.8964896e+01	  -1.0779785e+02	  -1.2154577e+02	
   8.0900000e+00	   4.9287109e+01	   4.8994497e+01	  -1.0483154e+02	  -1.1840789e+02	
   8.1000000e+00	   4.9160034e+01	   4.9024031e+01	  -1.0267822e+02	  -1.1532110e+02	
   8.1100000e+00	   4.8622409e+01	   4.9045654e+01	  -9.8701172e+01	  -1.1228910e+02	
   8.1200000e+00	   4.9423960e+01	   4.9052416e+01	  -9.6613770e+01	  -1.0929092e+02	
   8.1300000e+00	   4.9306659e+01	   4.9068146e+01	  -9.3801270e+01	  -1.0633506e+02	
   8.1400000e+00	   4.9531485e+01	   4.9104267e+01	  -8.9780273e+01	  -1.0340817e+02	
   8.1500000e+00	   4.9248009e+01	   4.9151544e+01	  -8.8264160e+01	  -1.0048653e+02	
   8.1600000e+00	   4.8182533e+01	   4.9173910e+01	  -8.4550781e+01	  -9.7586740e+01	
   8.1700000e+00	   4.7635133e+01	   4.9119018e+01	  -8.2243652e+01	  -9.4707973e+01	
   8.1800000e+00	   4.7840408e+01	   4.8979724e+01	  -7.8815918e+01	  -9.1837864e+01	
   8.1900000e+00	   4.7576483e+01	   4.8789439e+01	  -7.6289063e+01	  -8.8969110e+01	
   8.2000000e+00	   4.9120934e+01	   4.8606277e+01	  -7.2817383e+01	  -8.6091622e+01	
   8.2100000e+00	   4.9492385e+01	   4.8506592e+01	  -7.0664063e+01	  -8.3206253e+01	
   8.2200000e+00	   4.8759259e+01	   4.8499667e+01	  -6.8466797e+01	  -8.0347277e+01	
   8.2300000e+00	   4.8729934e+01	   4.8530215e+01	  -6.4709473e+01	  -7.7527937e+01	
   8.2400000e+00	   4.7977258e+01	   4.8551323e+01	  -6.0095215e+01	  -7.4672787e+01	
   8.2500000e+00	   4.8387809e+01	   4.8542106e+01	  -5.9062500e+01	  -7.1742495e+01	
   8.2600000e+00	   4.9218684e+01	   4.8532241e+01	  -5.7128906e+01	  -6.8826427e+01	
   8.2700000e+00	   4.8563759e+01	   4.8551218e+01	  -5.1503906e+01	  -6.5942364e+01	
   8.2800000e+00	   5.0166860e+01	   4.8609746e+01	  -4.8845215e+01	  -6.2992348e+01	
   8.2900000e+00	   4.9081834e+01	   4.8718384e+01	  -4.6779785e+01	  -5.9975777e+01	
   8.3000000e+00	   4.8397584e+01	   4.8825306e+01	  -4.2780762e+01	  -5.6942182e+01	
   8.3100000e+00	   4.9199134e+01	   4.8889359e+01	  -4.2780762e+01	  -5.3939259e+01	
   8.3200000e+00	   4.8202083e+01	   4.8919204e+01	  -3.8540039e+01	  -5.1031761e+01	
   8.3300000e+00	   4.8876559e+01	   4.8914306e+01	  -3.6826172e+01	  -4.8214277e+01	
   8.3400000e+00	   4.9160034e+01	   4.8900279e+01	  -3.2431641e+01	  -4.5438597e+01	
   8.3500000e+00	   4.8426909e+01	   4.8891734e+01	  -3.0827637e+01	  -4.2669560e+01	
   8.3600000e+00	   4.7214807e+01	   4.8839292e+01	  -2.5751953e+01	  -3.9872607e+01	
   8.3700000e+00	   4.8651734e+01	   4.8728360e+01	  -2.2675781e+01	  -3.6984574e+01	
   8.3800000e+00	   4.8475784e+01	   4.8618666e+01	  -1.9357910e+01	  -3.3978000e+01	
   8.3900000e+00	   4.9169809e+01	   4.8554307e+01	  -1.8193359e+01	  -3.0918493e+01	
   8.4000000e+00	   4.8446459e+01	   4.8534010e+01	  -1.5688477e+01	  -2.7907101e+01	
   8.4100000e+00	   4.7468958e+01	   4.8508855e+01	  -1.2326660e+01	  -2.4976965e+01	
   8.4200000e+00	   4.9687885e+01	   4.8473379e+01	  -1.0173340e+01	  -2.2105746e+01	
   8.4300000e+00	   4.7390758e+01	   4.8457493e+01	  -7.4926758e+00	  -1.9295123e+01	
   8.4400000e+00	   4.7214807e+01	   4.8404211e+01	  -2.6586914e+00	  -1.6501148e+01	
   8.4500000e+00	   4.8456234e+01	   4.8302955e+01	  -2.1093750e+00	  -1.3683266e+01	
   8.4600000e+00	   4.8896109e+01	   4.8234230e+01	   1.4062500e+00	  -1.0886669e+01	
   8.4700000e+00	   4.8778809e+01	   4.8232135e+01	   5.0317383e+00	  -8.1033281e+00	
   8.4800000e+00	   4.9795410e+01	   4.8297479e+01	   8.3276367e+00	  -5.2696619e+00	
   8.4900000e+00	   4.9248009e+01	   4.8428312e+01	   1.2854004e+01	  -2.3352558e+00	
   8.5000000e+00	   4.9081834e+01	   4.8585727e+01	   1.7863770e+01	   7.7664425e-01	
   8.5100000e+00	   4.8651734e+01	   4.8721238e+01	   1.9665527e+01	   4.0807064e+00	
   8.5200000e+00	   4.8788584e+01	   4.8813952e+01	   2.3708496e+01	   7.4967655e+00	
   8.5300000e+00	   4.8055458e+01	   4.8853904e+01	   2.5268555e+01	   1.0940139e+01	
   8.5400000e+00	   4.7664458e+01	   4.8822256e+01	   2.8937988e+01	   1.4341967e+01	
   8.5500000e+00	   4.8524659e+01	   4.8734077e+01	   2.8146973e+01	   1.7606703e+01	
   8.5600000e+00	   4.8299833e+01	   4.8638909e+01	   3.1860352e+01	   2.0637746e+01	
   8.5700000e+00	   4.7879508e+01	   4.8546708e+01	   3.8100586e+01	   2.3534008e+01	
   8.5800000e+00	   4.8065233e+01	   4.8446147e+01	   3.9968262e+01	   2.6473899e+01	
   8.5900000e+00	   4.8808134e+01	   4.8362243e+01	   4.2143555e+01	   2.9449629e+01	
   8.6000000e+00	   4.8964534e+01	   4.8332471e+01	   4.3220215e+01	   3.2355801e+01	
   8.6100000e+00	   4.6295957e+01	   4.8307418e+01	   4.9086914e+01	   3.5188655e+01	
   8.6200000e+00	   4.6452357e+01	   4.8186497e+01	   5.1437988e+01	   3.8051399e+01	
   8.6300000e+00	   4.6853132e+01	   4.7974543e+01	   5.5217285e+01	   4.0991500e+01	
   8.6400000e+00	   4.8808134e+01	   4.7779733e+01	   5.7568359e+01	   4.3991261e+01	
   8.6500000e+00	   4.8446459e+01	   4.7690880e+01	   5.8798828e+01	   4.6983352e+01	
   8.6600000e+00	   4.8632184e+01	   4.7705586e+01	   6.1303711e+01	   4.9877107e+01	
   8.6700000e+00	   4.8426909e+01	   4.7781601e+01	   6.5148926e+01	   5.2677878e+01	
   8.6800000e+00	   4.8632184e+01	   4.7890439e+01	   7.1037598e+01	   5.5517039e+01	
   8.6900000e+00	   4.8123883e+01	   4.8005498e+01	   7.6311035e+01	   5.8572403e+01	
   8.7000000e+00	   4.7987033e+01	   4.8096262e+01	   7.9541016e+01	   6.1915932e+01	
   8.7100000e+00	   4.8837459e+01	   4.8165527e+01	   8.2639160e+01	   6.5473546e+01	
   8.7200000e+00	   4.8133658e+01	   4.8232714e+01	   8.4353027e+01	   6.9106399e+01	
   8.7300000e+00	   4.7459183e+01	   4.8268436e+01	   8.5056152e+01	   7.2640850e+01	
   8.7400000e+00	   5.0196185e+01	   4.8294851e+01	   9.0703125e+01	   7.6004330e+01	
   8.7500000e+00	   4.7351658e+01	   4.8352436e+01	   9.3757324e+01	   7.9290236e+01	
   8.7600000e+00	   4.7478733e+01	   4.8368653e+01	   9.8107910e+01	   8.2585884e+01	
   8.7700000e+00	   4.8075008e+01	   4.8316986e+01	   9.7404785e+01	   8.5844995e+01	
   8.7800000e+00	   4.7165932e+01	   4.8234178e+01	   1.0149170e+02	   8.8960069e+01	
   8.7900000e+00	   4.8182533e+01	   4.8133927e+01	   1.0388672e+02	   9.1930657e+01	
   8.8000000e+00	   4.9003634e+01	   4.8069610e+01	   1.0652344e+02	   9.4801174e+01	
   8.8100000e+00	   4.9267559e+01	   4.8092203e+01	   1.1008301e+02	   9.7602409e+01	
   8.8200000e+00	   4.6921557e+01	   4.8148697e+01	   1.1346680e+02	   1.0039806e+02	
   8.8300000e+00	   4.7859958e+01	   4.8152312e+01	   1.1680664e+02	   1.0324004e+02	
   8.8400000e+00	   4.8681059e+01	   4.8128788e+01	   1.2032227e+02	   1.0615612e+02	
   8.8500000e+00	   4.8661509e+01	   4.8141184e+01	   1.2458496e+02	   1.0917938e+02	
   8.8600000e+00	   4.8045683e+01	   4.8178958e+01	   1.2315674e+02	   1.1224164e+02	
   8.8700000e+00	   4.7635133e+01	   4.8196601e+01	   1.3159424e+02	   1.1528061e+02	
   8.8800000e+00	   4.8172758e+01	   4.8181854e+01	   1.3343994e+02	   1.1840780e+02	
   8.8900000e+00	   4.8563759e+01	   4.8168721e+01	   1.3930664e+02	   1.2170177e+02	
   8.9000000e+00	   4.8700609e+01	   4.8186928e+01	   1.4326172e+02	   1.2519023e+02	
   8.9100000e+00	   4.9208909e+01	   4.8247331e+01	   1.4550293e+02	   1.2884489e+02	
   8.9200000e+00	   4.8553984e+01	   4.8339956e+01	   1.4596436e+02	   1.3249126e+02	
   8.9300000e+00	   4.7840408e+01	   4.8415377e+01	   1.5242432e+02	   1.3603268e+02	
   8.9400000e+00	   4.8035908e+01	   4.8435817e+01	   1.5587402e+02	   1.3956031e+02	
   8.9500000e+00	   4.8123883e+01	   4.8414640e+01	   1.5930176e+02	   1.4313286e+02	
   8.9600000e+00	   5.1105261e+01	   4.8435810e+01	   1.5785156e+02	   1.4662506e+02	
   8.9700000e+00	   4.7664458e+01	   4.8534855e+01	   1.6246582e+02	   1.4988844e+02	
   8.9800000e+00	   4.8270508e+01	   4.8609730e+01	   1.6584961e+02	   1.5296709e+02	
   8.9900000e+00	   4.9423960e+01	   4.8641494e+01	   1.6982666e+02	   1.5598840e+02	
   9.0000000e+00	   4.9453285e+01	   4.8702147e+01	   1.6982666e+02	   1.5895793e+02	
   9.0100000e+00	   4.8192308e+01	   4.8775476e+01	   1.7534180e+02	   1.6184632e+02	
   9.0200000e+00	   4.9335984e+01	   4.8823951e+01	   1.7707764e+02	   1.6470703e+02	
   9.0300000e+00	   4.9228459e+01	   4.8871045e+01	   1.7652832e+02	   1.6748964e+02	
   9.0400000e+00	   4.9883385e+01	   4.8945274e+01	   1.7734131e+02	   1.7002773e+02	
   9.0500000e+00	   4.8808134e+01	   4.9033495e+01	  -1.0239258e+01	   1.6845949e+02	
   9.0600000e+00	   4.8690834e+01	   4.9091210e+01	  -1.8000000e+02	   1.5345609e+02	
   9.0700000e+00	   4.9003634e+01	   4.9104701e+01	  -1.8000000e+02	   1.2045532e+02	
   9.0800000e+00	   4.8827684e+01	   4.9095418e+01	  -1.8000000e+02	   7.5153610e+01	
   9.0900000e+00	   4.9062284e+01	   4.9076201e+01	  -1.8000000e+02	   2.5601916e+01	
   9.1000000e+00	   4.8065233e+01	   4.9038023e+01	  -1.7406738e+02	  -2.2575706e+01	
   9.1100000e+00	   5.0596961e+01	   4.9006260e+01	  -1.7659424e+02	  -6.5814244e+01	
   9.1200000e+00	   5.0538311e+01	   4.9061651e+01	  -1.7134277e+02	  -1.0228847e+02	
   9.1300000e+00	   5.0782686e+01	   4.9221888e+01	  -1.6802490e+02	  -1.3126748e+02	
   9.1400000e+00	   4.8260733e+01	   4.9394483e+01	  -1.6222412e+02	  -1.5275620e+02	
   9.1500000e+00	   4.8739709e+01	   4.9474367e+01	  -1.5969727e+02	  -1.6736436e+02	
   9.1600000e+00	   4.9648785e+01	   4.9475222e+01	  -1.5993896e+02	  -1.7617301e+02	
   9.1700000e+00	   4.8583309e+01	   4.9450057e+01	  -1.5646729e+02	  -1.8044373e+02	
   9.1800000e+00	   4.9766085e+01	   4.9409441e+01	  -1.5158936e+02	  -1.8122841e+02	
   9.1900000e+00	   4.9287109e+01	   4.9378669e+01	  -1.4739258e+02	  -1.7936434e+02	
   9.2000000e+00	   4.9179584e+01	   4.9359038e+01	  -1.4750244e+02	  -1.7568691e+02	
   9.2100000e+00	   4.9805185e+01	   4.9346755e+01	  -1.4398682e+02	  -1.7099141e+02	
   9.2200000e+00	   4.7850183e+01	   4.9323877e+01	  -1.3948242e+02	  -1.6579072e+02	
   9.2300000e+00	   4.8612634e+01	   4.9245393e+01	  -1.3891113e+02	  -1.6042080e+02	
   9.2400000e+00	   4.9081834e+01	   4.9138336e+01	  -1.3350586e+02	  -1.5515176e+02	
   9.2500000e+00	   4.8143433e+01	   4.9036867e+01	  -1.3311035e+02	  -1.5013418e+02	
   9.2600000e+00	   4.7400533e+01	   4.8903943e+01	  -1.2682617e+02	  -1.4543030e+02	
   9.2700000e+00	   4.9883385e+01	   4.8762702e+01	  -1.2370605e+02	  -1.4098247e+02	
   9.2800000e+00	   4.8651734e+01	   4.8687545e+01	  -1.2157471e+02	  -1.3676183e+02	
   9.2900000e+00	   4.8847234e+01	   4.8665128e+01	  -1.1876221e+02	  -1.3282120e+02	
   9.3000000e+00	   4.8876559e+01	   4.8662043e+01	  -1.1553223e+02	  -1.2915608e+02	
   9.3100000e+00	   4.7312558e+01	   4.8645298e+01	  -1.1250000e+02	  -1.2571497e+02	
   9.3200000e+00	   4.6745607e+01	   4.8547519e+01	  -1.1008301e+02	  -1.2245876e+02	
   9.3300000e+00	   4.8407359e+01	   4.8384814e+01	  -1.0775391e+02	  -1.1937797e+02	
   9.3400000e+00	   4.9130709e+01	   4.8263428e+01	  -1.0410645e+02	  -1.1644181e+02	
   9.3500000e+00	   4.8788584e+01	   4.8233850e+01	  -9.9140625e+01	  -1.1354129e+02	
   9.3600000e+00	   4.9453285e+01	   4.8279665e+01	  -9.5932617e+01	  -1.1055948e+02	
   9.3700000e+00	   4.9717210e+01	   4.8395280e+01	  -9.3911133e+01	  -1.0749589e+02	
   9.3800000e+00	   4.8475784e+01	   4.8545392e+01	  -9.1274414e+01	  -1.0442739e+02	
   9.3900000e+00	   4.9111159e+01	   4.8673768e+01	  -8.8923340e+01	  -1.0140852e+02	
   9.4000000e+00	   4.9863835e+01	   4.8793595e+01	  -8.7121582e+01	  -9.8480411e+01	
   9.4100000e+00	   4.8475784e+01	   4.8913429e+01	  -8.3408203e+01	  -9.5651579e+01	
   9.4200000e+00	   4.8094558e+01	   4.8975348e+01	  -7.8398438e+01	  -9.2827716e+01	
   9.4300000e+00	   4.9140484e+01	   4.8972964e+01	  -7.7145996e+01	  -8.9932932e+01	
   9.4400000e+00	   4.9140484e+01	   4.8963888e+01	  -7.3916016e+01	  -8.7009424e+01	
   9.4500000e+00	   4.8338934e+01	   4.8956155e+01	  -7.0795898e+01	  -8.4084795e+01	
   9.4600000e+00	   4.7029082e+01	   4.8891404e+01	  -6.8928223e+01	  -8.1166690e+01	
   9.4700000e+00	   4.8729934e+01	   4.8760734e+01	  -6.5280762e+01	  -7.8276256e+01	
   9.4800000e+00	   4.7439633e+01	   4.8614382e+01	  -6.1896973e+01	  -7.5383794e+01	
   9.4900000e+00	   4.8348709e+01	   4.8470318e+01	  -5.7810059e+01	  -7.2431145e+01	
   9.5000000e+00	   4.9052509e+01	   4.8364030e+01	  -5.8732910e+01	  -6.9463510e+01	
   9.5100000e+00	   5.1007511e+01	   4.8376299e+01	  -5.4909668e+01	  -6.6602868e+01	
   9.5200000e+00	   4.9873610e+01	   4.8533506e+01	  -5.0822754e+01	  -6.3823541e+01	
   9.5300000e+00	   4.8505109e+01	   4.8737275e+01	  -4.4824219e+01	  -6.0958225e+01	
   9.5400000e+00	   4.9365309e+01	   4.8894071e+01	  -4.5373535e+01	  -5.7955953e+01	
   9.5500000e+00	   5.0557861e+01	   4.9039164e+01	  -4.3066406e+01	  -5.4962284e+01	
   9.5600000e+00	   4.8583309e+01	   4.9190615e+01	  -3.9133301e+01	  -5.2053998e+01	
   9.5700000e+00	   4.8876559e+01	   4.9284507e+01	  -3.6254883e+01	  -4.9171982e+01	
   9.5800000e+00	   4.7253908e+01	   4.9273475e+01	  -3.2980957e+01	  -4.6277978e+01	
   9.5900000e+00	   4.8162983e+01	   4.9155006e+01	  -3.2189941e+01	  -4.3403574e+01	
   9.6000000e+00	   4.9707435e+01	   4.9012094e+01	  -2.7905273e+01	  -4.0589076e+01	
   9.6100000e+00	   4.7605808e+01	   4.8903071e+01	  -2.6411133e+01	  -3.7821102e+01	
   9.6200000e+00	   4.9150259e+01	   4.8802160e+01	  -2.2236328e+01	  -3.5075420e+01	
   9.6300000e+00	   4.7947933e+01	   4.8710241e+01	  -2.0192871e+01	  -3.2325868e+01	
   9.6400000e+00	   4.8641959e+01	   4.8628134e+01	  -1.7336426e+01	  -2.9571425e+01	
   9.6500000e+00	   4.8280283e+01	   4.8555384e+01	  -1.2788086e+01	  -2.6788000e+01	
   9.6600000e+00	   4.8739709e+01	   4.8503116e+01	  -1.0920410e+01	  -2.3932022e+01	
   9.6700000e+00	   4.7781758e+01	   4.8460134e+01	  -6.6137695e+00	  -2.1006085e+01	
   9.6800000e+00	   4.9942035e+01	   4.8440696e+01	  -3.2299805e+00	  -1.7991880e+01	
   9.6900000e+00	   4.8857009e+01	   4.8483661e+01	  -3.4716797e+00	  -1.4945653e+01	
   9.7000000e+00	   4.8524659e+01	   4.8556325e+01	   4.6801758e+00	  -1.1901636e+01	
   9.7100000e+00	   4.7332108e+01	   4.8583108e+01	   5.7128906e+00	  -8.7602525e+00	
   9.7200000e+00	   4.8114108e+01	   4.8539444e+01	   6.2622070e+00	  -5.5925521e+00	
   9.7300000e+00	   4.8534434e+01	   4.8470008e+01	   1.1645508e+01	  -2.5115261e+00	
   9.7400000e+00	   4.8935209e+01	   4.8430258e+01	   1.4282227e+01	   5.4661767e-01	
   9.7500000e+00	   4.6843357e+01	   4.8395268e+01	   1.8193359e+01	   3.6369864e+00	
   9.7600000e+00	   4.7253908e+01	   4.8298414e+01	   2.0544434e+01	   6.7570317e+00	
   9.7700000e+00	   4.7527608e+01	   4.8149639e+01	   1.9643555e+01	   9.8003572e+00	
   9.7800000e+00	   4.7732883e+01	   4.8002878e+01	   2.5971680e+01	   1.2688120e+01	
   9.7900000e+00	   4.8260733e+01	   4.7893541e+01	   2.8850098e+01	   1.5538023e+01	
   9.8000000e+00	   4.7625358e+01	   4.7829554e+01	   2.9289551e+01	   1.8386235e+01	
   9.8100000e+00	   4.9111159e+01	   4.7814713e+01	   3.4365234e+01	   2.1181953e+01	
   9.8200000e+00	   4.8436684e+01	   4.7865956e+01	   3.7463379e+01	   2.3994334e+01	
   9.8300000e+00	   4.8172758e+01	   4.7952915e+01	   4.4582520e+01	   2.6960829e+01	
   9.8400000e+00	   4.8368259e+01	   4.8035574e+01	   4.7944336e+01	   3.0203546e+01	
   9.8500000e+00	   4.8368259e+01	   4.8111387e+01	   5.0317383e+01	   3.3688590e+01	
   9.8600000e+00	   4.8837459e+01	   4.8190068e+01	   4.8229980e+01	   3.7169995e+01	
   9.8700000e+00	   4.9365309e+01	   4.8293715e+01	   5.4777832e+01	   4.0464712e+01	
   9.8800000e+00	   4.8123883e+01	   4.8410742e+01	   5.3745117e+01	   4.3575363e+01	
   9.8900000e+00	   4.8104333e+01	   4.8487292e+01	   6.4533691e+01	   4.6624766e+01	
   9.9000000e+00	   4.8553984e+01	   4.8515046e+01	   5.9370117e+01	   4.9698819e+01	
   9.9100000e+00	   4.9570585e+01	   4.8547360e+01	   6.6511230e+01	   5.2694416e+01	
   9.9200000e+00	   4.8378034e+01	   4.8605917e+01	   6.9960938e+01	   5.5651463e+01	
   9.9300000e+00	   4.7605808e+01	   4.8633608e+01	   7.1718750e+01	   5.8663521e+01	
   9.9400000e+00	   4.8202083e+01	   4.8596284e+01	   7.5937500e+01	   6.1693504e+01	
   9.9500000e+00	   4.7908833e+01	   4.8522815e+01	   7.9277344e+01	   6.4763407e+01	
   9.9600000e+00	   4.9619460e+01	   4.8466616e+01	   8.2001953e+01	   6.7885892e+01	
   9.9700000e+00	   4.7840408e+01	   4.8453101e+01	   8.4792480e+01	   7.1023819e+01	
   9.9800000e+00	   4.7781758e+01	   4.8429764e+01	   8.8088379e+01	   7.4152567e+01	
   9.9900000e+00	   5.0030010e+01	   4.8409071e+01	   9.3581543e+01	   7.7322835e+01	
   1.0000000e+01	   4.9365309e+01	   4.8467513e+01	   9.7470703e+01	   8.0629996e+01	
