   0.0000000e+00	  -5.0000000e+01	   3.8320313e+01	  -8.8320313e+00	  -1.4511118e-01	  -1.4511118e-01	  -4.2502081e-02	  -8.6869201e-01	
   5.0000000e-01	  -5.0000000e+01	   2.7048340e+01	  -7.7048340e+00	  -7.1537926e+00	  -7.1537926e+00	  -2.1803015e+00	  -5.5104134e-02	
   1.0000000e+00	  -5.0000000e+01	   1.7490234e+01	  -6.7490234e+00	  -4.2994900e+00	  -4.2994900e+00	  -5.4850961e+00	  -2.4495334e-01	
   1.5000000e+00	  -5.0000000e+01	   7.0092773e+00	  -5.7009277e+00	  -1.8655128e+00	  -1.8655128e+00	  -4.7861957e+00	  -3.8354150e-01	
   2.0000000e+00	  -5.0000000e+01	  -6.4819336e+00	  -4.3518066e+00	  -3.4588392e+00	  -3.4588392e+00	  -2.4240604e+00	  -8.9296740e-02	
   2.5000000e+00	  -5.0000000e+01	  -1.2590332e+01	  -3.7409668e+00	  -3.5761393e+00	  -3.5761393e+00	  -2.7987828e+00	  -1.6482745e-02	
   3.0000000e+00	  -5.0000000e+01	  -1.7490234e+01	  -3.2509766e+00	  -5.1656152e-01	  -5.1656152e-01	  -2.8433188e+00	  -2.7344150e-01	
   3.5000000e+00	  -5.0000000e+01	  -2.0588379e+01	  -2.9411621e+00	  -2.9309887e+00	  -2.9309887e+00	  -1.7282932e+00	  -1.0173360e-03	
   4.0000000e+00	  -5.0000000e+01	  -2.5576172e+01	  -2.4423828e+00	  -1.2594622e+00	  -1.2594622e+00	  -1.7492824e+00	  -1.1829206e-01	
   4.5000000e+00	  -5.0000000e+01	  -2.4147949e+01	  -2.5852051e+00	  -2.8196131e-01	  -2.8196131e-01	  -1.3822989e+00	  -2.3032438e-01	
   5.0000000e+00	   5.0000000e+01	  -2.3664551e+01	   7.3664551e+00	  -3.3083635e-01	  -3.3083635e-01	  -3.3082737e-01	   7.6972914e-01	
   5.5000000e+00	   5.0000000e+01	  -1.9467773e+01	   6.9467773e+00	   5.3777689e+00	   5.3777689e+00	   1.5358930e+00	   1.5690084e-01	
   6.0000000e+00	   5.0000000e+01	  -8.1298828e-01	   5.0812988e+00	   4.1265678e+00	   4.1265678e+00	   4.3187291e+00	   9.5473107e-02	
   6.5000000e+00	   5.0000000e+01	   6.9433594e+00	   4.3056641e+00	   3.4363927e-01	   3.4363927e-01	   3.8295315e+00	   3.9620248e-01	
   7.0000000e+00	   5.0000000e+01	   1.5842285e+01	   3.4157715e+00	   4.4686931e+00	   4.4686931e+00	   1.9778161e+00	  -1.0529216e-01	
   7.5000000e+00	   5.0000000e+01	   2.4719238e+01	   2.5280762e+00	   3.0838980e-02	   3.0838980e-02	   2.0703382e+00	   2.4972372e-01	
   8.0000000e+00	   5.0000000e+01	   2.8564453e+01	   2.1435547e+00	   2.1617909e+00	   2.1617909e+00	   1.6207493e+00	  -1.8236257e-03	
   8.5000000e+00	   5.0000000e+01	   3.2915039e+01	   1.7084961e+00	  -3.6016138e-01	  -3.6016138e-01	   8.1467764e-01	   2.0686575e-01	
   9.0000000e+00	   5.0000000e+01	   3.9001465e+01	   1.0998535e+00	   2.6603164e+00	   2.6603164e+00	   9.2330828e-01	  -1.5604629e-01	
   9.5000000e+00	   5.0000000e+01	   3.9902344e+01	   1.0097656e+00	  -8.1958680e-01	  -8.1958680e-01	   1.0730604e+00	   1.8293524e-01	
   1.0000000e+01	   5.0000000e+01	   4.2692871e+01	   7.3071289e-01	   1.2918151e+00	   1.2918151e+00	   5.1903504e-01	  -5.6110225e-02	
