   0.0000000e+00	  -1.8616455e+01	  -4.5791147e-01	  -6.2609656e-02	  -5.0000000e+01	   1.3616455e+02	   1.8617607e+01	  -1.8158544e+00	
   5.0000000e-01	  -1.6232422e+01	  -1.2637573e+01	  -1.8360176e+00	  -5.0000000e+01	   1.1232422e+02	   4.7502039e+01	  -3.5948492e-01	
   1.0000000e+00	  -1.3215576e+01	  -8.4831939e+00	  -4.2217606e+00	  -5.0000000e+01	   8.2155762e+01	   6.1103253e+01	  -4.7323823e-01	
   1.5000000e+00	  -1.0873291e+01	  -7.0951426e+00	  -5.1972948e+00	  -5.0000000e+01	   5.8732910e+01	   6.3657642e+01	  -3.7781484e-01	
   2.0000000e+00	  -9.0979004e+00	  -5.7364163e+00	  -5.5304986e+00	  -5.0000000e+01	   4.0979004e+01	   5.9883468e+01	  -3.3614841e-01	
   2.5000000e+00	  -7.4499512e+00	  -5.5995662e+00	  -5.5680970e+00	  -5.0000000e+01	   2.4499512e+01	   5.2460681e+01	  -1.8503850e-01	
   3.0000000e+00	  -6.3842773e+00	  -3.8400646e+00	  -5.3361280e+00	  -5.0000000e+01	   1.3842773e+01	   4.3357408e+01	  -2.5442128e-01	
   3.5000000e+00	  -5.2790527e+00	  -3.2535640e+00	  -4.8468268e+00	  -5.0000000e+01	   2.7905273e+00	   3.3775251e+01	  -2.0254887e-01	
   4.0000000e+00	  -4.9099121e+00	  -3.5174893e+00	  -4.4472234e+00	  -5.0000000e+01	  -9.0087891e-01	   2.4797525e+01	  -1.3924228e-01	
   4.5000000e+00	  -3.7958984e+00	  -2.1489880e+00	  -4.0058672e+00	  -5.0000000e+01	  -1.2041016e+01	   1.6246928e+01	  -1.6469104e-01	
   5.0000000e+00	   6.7226563e+00	  -2.7843636e+00	  -3.5849638e+00	   5.0000000e+01	  -1.7226563e+01	   7.8023652e+00	   9.5070199e-01	
   5.5000000e+00	   5.6306152e+00	   6.9026703e+00	  -2.0415378e+00	   5.0000000e+01	  -6.3061523e+00	   2.4511517e+00	  -1.2720551e-01	
   6.0000000e+00	   4.6132813e+00	   1.8880907e+00	  -2.8131440e-01	   5.0000000e+01	   3.8671875e+00	   1.4473894e+00	   2.7251906e-01	
   6.5000000e+00	   3.4355469e+00	   2.7482915e+00	   4.2953980e-01	   5.0000000e+01	   1.5644531e+01	   3.7194026e+00	   6.8725539e-02	
   7.0000000e+00	   2.6555176e+00	   6.1733952e-01	   7.7225741e-01	   5.0000000e+01	   2.3444824e+01	   8.0469423e+00	   2.0381781e-01	
   7.5000000e+00	   2.3918457e+00	   1.9565158e+00	   9.1299783e-01	   5.0000000e+01	   2.6081543e+01	   1.2618123e+01	   4.3532995e-02	
   8.0000000e+00	   1.3525391e+00	   1.0278899e+00	   1.0713858e+00	   5.0000000e+01	   3.6474609e+01	   1.7720827e+01	   3.2464916e-02	
   8.5000000e+00	   1.5964355e+00	   3.3386426e-01	   9.6459824e-01	   5.0000000e+01	   3.4035645e+01	   2.2515712e+01	   1.2625713e-01	
   9.0000000e+00	   1.0207520e+00	   1.3309152e+00	   9.2844484e-01	   5.0000000e+01	   3.9792480e+01	   2.6453049e+01	  -3.1016323e-02	
   9.5000000e+00	   9.6801758e-01	   5.1958943e-01	   9.2757181e-01	   5.0000000e+01	   4.0319824e+01	   3.0172919e+01	   4.4842815e-02	
   1.0000000e+01	   1.0427246e+00	  -1.0150870e+00	   6.0617162e-01	   5.0000000e+01	   3.9572754e+01	   3.2845520e+01	   2.0578116e-01	
