   0.0000000e+00	  -5.0000000e+01	   1.7358398e+00	   2.3733919e-01	  -9.2757187e-01	  -9.2757187e-01	  -9.2757187e-01	   0.0000000e+00	  -0.0000000e+00	
   5.0000000e-01	  -5.0000000e+01	  -1.1052246e+01	  -1.1013834e+00	  -6.9829428e-01	  -6.9829428e-01	  -6.9829428e-01	   0.0000000e+00	  -0.0000000e+00	
   1.0000000e+00	  -5.0000000e+01	  -3.5397949e+01	  -7.1512784e+00	  -2.6180017e-01	  -2.6180017e-01	  -2.6180017e-01	   0.0000000e+00	  -0.0000000e+00	
   1.5000000e+00	  -5.0000000e+01	  -5.1855469e+01	  -1.7125757e+01	   3.3266699e-02	   3.3266699e-02	   3.3266699e-02	   0.0000000e+00	   0.0000000e+00	
   2.0000000e+00	  -5.0000000e+01	  -6.1303711e+01	  -2.7914703e+01	   2.0266423e-01	   2.0266423e-01	   2.0266423e-01	   0.0000000e+00	   0.0000000e+00	
   2.5000000e+00	  -5.0000000e+01	  -5.5546875e+01	  -3.6258052e+01	   9.9449922e-02	   9.9449922e-02	   9.9449922e-02	   0.0000000e+00	   0.0000000e+00	
   3.0000000e+00	  -5.0000000e+01	  -5.3789063e+01	  -4.1292381e+01	   6.7934102e-02	   6.7934102e-02	   6.7934102e-02	   0.0000000e+00	   0.0000000e+00	
   3.5000000e+00	  -5.0000000e+01	  -5.2053223e+01	  -4.4472353e+01	   3.6812229e-02	   3.6812229e-02	   3.6812229e-02	   0.0000000e+00	   0.0000000e+00	
   4.0000000e+00	  -5.0000000e+01	  -5.1525879e+01	  -4.6473295e+01	   2.7357483e-02	   2.7357483e-02	   2.7357483e-02	   0.0000000e+00	   0.0000000e+00	
   4.5000000e+00	  -5.0000000e+01	  -5.0778809e+01	  -4.7752816e+01	   1.3963259e-02	   1.3963259e-02	   1.3963259e-02	   0.0000000e+00	   0.0000000e+00	
   5.0000000e+00	   5.0000000e+01	  -5.1328125e+01	  -4.8655404e+01	   1.8167120e+00	   1.8167120e+00	   1.8167120e+00	   0.0000000e+00	   0.0000000e+00	
   5.5000000e+00	   5.0000000e+01	  -2.7641602e+01	  -4.6147651e+01	   1.3920363e+00	   1.3920363e+00	   1.3920363e+00	   0.0000000e+00	   0.0000000e+00	
   6.0000000e+00	   5.0000000e+01	   1.5336914e+01	  -3.5210635e+01	   6.2147447e-01	   6.2147447e-01	   6.2147447e-01	   0.0000000e+00	   0.0000000e+00	
   6.5000000e+00	   5.0000000e+01	   5.9348145e+01	  -1.5370430e+01	  -1.6760288e-01	  -1.6760288e-01	  -1.6760288e-01	   0.0000000e+00	  -0.0000000e+00	
   7.0000000e+00	   5.0000000e+01	   8.1035156e+01	   8.0271600e+00	  -5.5642932e-01	  -5.5642932e-01	  -5.5642932e-01	   0.0000000e+00	  -0.0000000e+00	
   7.5000000e+00	   5.0000000e+01	   7.3937988e+01	   2.7021355e+01	  -4.2918419e-01	  -4.2918419e-01	  -4.2918419e-01	   0.0000000e+00	  -0.0000000e+00	
   8.0000000e+00	   5.0000000e+01	   6.0820313e+01	   3.8057496e+01	  -1.9399738e-01	  -1.9399738e-01	  -1.9399738e-01	   0.0000000e+00	  -0.0000000e+00	
   8.5000000e+00	   5.0000000e+01	   4.5527344e+01	   4.2191170e+01	   8.0190254e-02	   8.0190254e-02	   8.0190254e-02	   0.0000000e+00	   0.0000000e+00	
   9.0000000e+00	   5.0000000e+01	   4.4077148e+01	   4.2905188e+01	   1.0619081e-01	   1.0619081e-01	   1.0619081e-01	   0.0000000e+00	   0.0000000e+00	
   9.5000000e+00	   5.0000000e+01	   4.5725098e+01	   4.3450991e+01	   7.6644724e-02	   7.6644724e-02	   7.6644724e-02	   0.0000000e+00	   0.0000000e+00	
   1.0000000e+01	   5.0000000e+01	   4.7614746e+01	   4.4331232e+01	   4.2765217e-02	   4.2765217e-02	   4.2765217e-02	   0.0000000e+00	   0.0000000e+00	
