   0.0000000e+00	  -5.9476160e-01	  -8.1321001e-02	   6.1040039e+01	   8.3459274e+00	
   5.0000000e-01	  -3.3116217e+01	  -4.6683426e+00	   7.0971680e+00	   1.5379985e+01	
   1.0000000e+00	  -4.4768027e+01	  -1.4040764e+01	  -1.1687256e+02	  -3.8352369e+00	
   1.5000000e+00	  -4.8629156e+01	  -2.2971291e+01	   1.1298340e+02	  -3.3182227e+00	
   2.0000000e+00	  -5.0036757e+01	  -3.0180085e+01	  -4.2583008e+01	   7.2149265e+00	
   2.5000000e+00	  -4.9049481e+01	  -3.5475052e+01	  -1.3051758e+01	  -2.3649202e+00	
   3.0000000e+00	  -4.9860807e+01	  -3.9298012e+01	   2.5839844e+01	   3.0283702e-02	
   3.5000000e+00	  -4.9029931e+01	  -4.2072883e+01	  -1.2082764e+02	  -1.2965558e+01	
   4.0000000e+00	  -4.8961506e+01	  -4.3965984e+01	   1.0204102e+02	  -1.1988701e+01	
   4.5000000e+00	  -4.9157006e+01	  -4.5358777e+01	  -5.2141113e+01	  -1.8875503e+00	
   5.0000000e+00	  -4.9528457e+01	  -4.6448219e+01	   1.7573730e+02	   1.5527765e+01	
   5.5000000e+00	   1.8104831e+01	  -3.8043119e+01	   1.4264648e+02	   5.4813795e+01	
   6.0000000e+00	   4.1281377e+01	  -1.9520143e+01	  -1.3333008e+02	   4.1098374e+01	
   6.5000000e+00	   4.7820858e+01	  -1.9993781e+00	   3.0322266e+00	   1.2044256e+01	
   7.0000000e+00	   4.8485559e+01	   1.1715221e+01	   1.5910400e+02	   3.0919346e+01	
   7.5000000e+00	   4.8857009e+01	   2.1821133e+01	  -6.9785156e+01	   3.4676673e+01	
   8.0000000e+00	   4.8817909e+01	   2.9208949e+01	   8.1518555e+01	   2.6798370e+01	
   8.5000000e+00	   4.8094558e+01	   3.4472263e+01	  -1.4086670e+02	   1.1355559e+01	
   9.0000000e+00	   4.8378034e+01	   3.8236141e+01	   6.4160156e+00	  -1.0132976e+01	
   9.5000000e+00	   4.8075008e+01	   4.0968085e+01	   1.6420166e+02	   1.5966301e+01	
   1.0000000e+01	   4.8925434e+01	   4.3027804e+01	  -6.4006348e+01	   2.5299775e+01	
