   0.0000000e+00	  -9.5643693e-01	  -1.3077241e-01	   4.5593262e+01	   6.2339090e+00	
   5.0000000e-01	  -3.1904115e+01	  -4.5879935e+00	  -8.6572266e+00	   9.5794174e+00	
   1.0000000e+00	  -4.5374078e+01	  -1.3899522e+01	  -1.3258301e+02	  -1.2351745e+01	
   1.5000000e+00	  -4.9469807e+01	  -2.3066478e+01	   9.6855469e+01	  -1.3859049e+01	
   2.0000000e+00	  -4.9205881e+01	  -3.0250580e+01	  -5.3371582e+01	  -4.1236916e+00	
   2.5000000e+00	  -4.9254756e+01	  -3.5440731e+01	   1.7263916e+02	   1.3311268e+01	
   3.0000000e+00	  -4.9450257e+01	  -3.9245010e+01	   1.4919434e+01	   3.5315852e+01	
   3.5000000e+00	  -4.9381832e+01	  -4.2026355e+01	  -1.3082520e+02	   9.8108199e+00	
   4.0000000e+00	  -4.9890132e+01	  -4.4107265e+01	   8.8264160e+01	   1.3086613e+00	
   4.5000000e+00	  -4.9205881e+01	  -4.5595076e+01	  -6.1721191e+01	   4.5799847e+00	
   5.0000000e+00	  -4.9127681e+01	  -4.6571786e+01	   1.6613525e+02	   1.7603956e+01	
   5.5000000e+00	   1.6560379e+01	  -3.8289269e+01	   1.3240723e+02	   5.3609359e+01	
   6.0000000e+00	   4.0352751e+01	  -2.0037122e+01	  -1.4189941e+02	   3.7651624e+01	
   6.5000000e+00	   4.8241183e+01	  -2.4444845e+00	  -8.0859375e+00	   6.8481988e+00	
   7.0000000e+00	   4.8290058e+01	   1.1422573e+01	   1.4585449e+02	   2.3812428e+01	
   7.5000000e+00	   4.6520782e+01	   2.1262351e+01	  -8.2397461e+01	   2.5977141e+01	
   8.0000000e+00	   4.8925434e+01	   2.8498243e+01	   6.9345703e+01	   1.7088948e+01	
   8.5000000e+00	   4.9023184e+01	   3.4097576e+01	  -1.5345703e+02	   9.1541161e-01	
   9.0000000e+00	   5.1036836e+01	   3.8454419e+01	  -3.8012695e+00	  -2.0836643e+01	
   9.5000000e+00	   4.8759259e+01	   4.1583765e+01	   1.4877686e+02	   4.6836212e+00	
   1.0000000e+01	   4.8358484e+01	   4.3491160e+01	  -7.5739746e+01	   1.3389122e+01	
