   0.0000000e+00	   1.0000000e+00	  -2.9173632e-01	   7.8684082e+01	
   1.0000000e-01	   1.0000000e+00	   5.3913945e-01	   8.0969238e+01	
   2.0000000e-01	   1.0000000e+00	   1.2624901e+00	   8.2529297e+01	
   3.0000000e-01	   1.0000000e+00	   5.2409188e+00	   8.4550781e+01	
   4.0000000e-01	   1.0000000e+00	   5.4657440e+00	   9.0241699e+01	
   5.0000000e-01	   1.0000000e+00	   7.0004204e+00	   9.0439453e+01	
   6.0000000e-01	   1.0000000e+00	   8.1440965e+00	   9.9228516e+01	
   7.0000000e-01	   1.0000000e+00	   1.0235948e+01	   1.0283203e+02	
   8.0000000e-01	   1.0000000e+00	   8.5448718e+00	   1.1025879e+02	
   9.0000000e-01	   1.0000000e+00	   9.8351730e+00	   1.1170898e+02	
   1.0000000e+00	   1.0000000e+00	   1.0079548e+01	   1.2309082e+02	
