   0.0000000e+00	  -6.6911110e-02	  -2.0954982e-04	  -1.8000000e+02	  -5.6371756e-01	
   1.0000000e-02	  -2.1353624e-01	  -1.0865323e-03	  -1.8000000e+02	  -1.6876218e+00	
   2.0000000e-02	  -1.5722625e+00	  -6.6724274e-03	  -1.8000000e+02	  -2.8044865e+00	
   3.0000000e-02	  -1.4745124e+00	  -1.6172415e-02	  -1.7914307e+02	  -3.9116719e+00	
   4.0000000e-02	  -1.9925879e+00	  -2.6929259e-02	  -1.8000000e+02	  -5.0119224e+00	
   5.0000000e-02	  -3.1753640e+00	  -4.2945394e-02	  -1.8000000e+02	  -6.1079652e+00	
   6.0000000e-02	  -4.9446406e+00	  -6.8106344e-02	  -1.8000000e+02	  -7.1971430e+00	
   7.0000000e-02	  -4.8468905e+00	  -9.8344525e-02	  -1.8000000e+02	  -8.2794986e+00	
   8.0000000e-02	  -6.6943672e+00	  -1.3387304e-01	  -1.8000000e+02	  -9.3550748e+00	
   9.0000000e-02	  -6.8898674e+00	  -1.7557714e-01	  -1.8000000e+02	  -1.0423914e+01	
   1.0000000e-01	  -8.6004940e+00	  -2.2298957e-01	  -1.8000000e+02	  -1.1486059e+01	
   1.1000000e-01	  -8.8057692e+00	  -2.7610518e-01	  -1.8000000e+02	  -1.2541551e+01	
   1.2000000e-01	  -8.0921935e+00	  -3.2729622e-01	  -1.8000000e+02	  -1.3590431e+01	
   1.3000000e-01	  -1.0457746e+01	  -3.8334023e-01	  -1.8000000e+02	  -1.4632743e+01	
   1.4000000e-01	  -9.5193448e+00	  -4.4350270e-01	  -1.8000000e+02	  -1.5668525e+01	
   1.5000000e-01	  -1.0966046e+01	  -5.0488023e-01	  -1.8000000e+02	  -1.6697820e+01	
   1.6000000e-01	  -1.1532997e+01	  -5.7217959e-01	  -1.8000000e+02	  -1.7720668e+01	
   1.7000000e-01	  -1.2715773e+01	  -6.4453716e-01	  -1.8000000e+02	  -1.8737109e+01	
   1.8000000e-01	  -1.3155648e+01	  -7.2152327e-01	  -1.8000000e+02	  -1.9747184e+01	
   1.9000000e-01	  -1.3800799e+01	  -8.0142523e-01	  -1.8000000e+02	  -2.0750932e+01	
   2.0000000e-01	  -1.5139975e+01	  -8.8704116e-01	  -1.4216309e+01	  -2.1229197e+01	
   2.1000000e-01	  -1.6352076e+01	  -9.8011083e-01	  -1.1271973e+01	  -2.1176051e+01	
   2.2000000e-01	  -1.7094977e+01	  -1.0787202e+00	  -1.3864746e+01	  -2.1122136e+01	
   2.3000000e-01	  -1.7241602e+01	  -1.1794976e+00	  -1.4194336e+01	  -2.1077712e+01	
   2.4000000e-01	  -1.8883803e+01	  -1.2852461e+00	   1.7503418e+02	  -2.0441978e+01	
   2.5000000e-01	  -1.8981554e+01	  -1.3957813e+00	   1.7725342e+02	  -1.9210658e+01	
   2.6000000e-01	  -1.9792879e+01	  -1.5084711e+00	   1.7573730e+02	  -1.7984848e+01	
   2.7000000e-01	  -1.9841754e+01	  -1.6231491e+00	   1.7556152e+02	  -1.6772014e+01	
   2.8000000e-01	  -2.1112506e+01	  -1.7412416e+00	   1.7701172e+02	  -1.5562786e+01	
   2.9000000e-01	  -2.1229806e+01	  -1.8629414e+00	   1.7619873e+02	  -1.4359136e+01	
   3.0000000e-01	  -2.0829030e+01	  -1.9829911e+00	   1.7870361e+02	  -1.3157727e+01	
   3.1000000e-01	  -2.1562156e+01	  -2.1033298e+00	   1.7597900e+02	  -1.1964530e+01	
   3.2000000e-01	  -2.3556258e+01	  -2.2314558e+00	   1.7239746e+02	  -1.0798557e+01	
   3.3000000e-01	  -2.4602184e+01	  -2.3682999e+00	   1.7074951e+02	  -9.6562648e+00	
   3.4000000e-01	  -2.4846559e+01	  -2.5083278e+00	   1.7033203e+02	  -8.5275956e+00	
   3.5000000e-01	  -2.4827009e+01	  -2.6481827e+00	   1.6760742e+02	  -7.4158360e+00	
   3.6000000e-01	  -2.6205285e+01	  -2.7914168e+00	   1.6549805e+02	  -6.3261789e+00	
   3.7000000e-01	  -2.5863160e+01	  -2.9369988e+00	   1.6503662e+02	  -5.2513981e+00	
   3.8000000e-01	  -2.6938411e+01	  -3.0839649e+00	   1.6545410e+02	  -4.1834868e+00	
   3.9000000e-01	  -2.7348961e+01	  -3.2346637e+00	   1.5826904e+02	  -3.1434588e+00	
   4.0000000e-01	  -2.7720412e+01	  -3.3868675e+00	   1.6092773e+02	  -2.1241206e+00	
   4.1000000e-01	  -2.8678362e+01	  -3.5422815e+00	   1.5684082e+02	  -1.1156399e+00	
   4.2000000e-01	  -2.9694963e+01	  -3.7029058e+00	   1.5853271e+02	  -1.2097655e-01	
   4.3000000e-01	  -2.8443762e+01	  -3.8617893e+00	   1.5398438e+02	   8.5851103e-01	
   4.4000000e-01	  -2.9929564e+01	  -4.0204124e+00	   1.4868896e+02	   1.8010353e+00	
   4.5000000e-01	  -3.0965715e+01	  -4.1859401e+00	   1.4789795e+02	   2.7185947e+00	
   4.6000000e-01	  -3.0613814e+01	  -4.3525739e+00	   1.4800781e+02	   3.6282738e+00	
   4.7000000e-01	  -3.1151440e+01	  -4.5187456e+00	   1.4488770e+02	   4.5228277e+00	
   4.8000000e-01	  -3.1796590e+01	  -4.6875807e+00	   1.4444824e+02	   5.4006308e+00	
   4.9000000e-01	  -3.1532665e+01	  -4.8565522e+00	   1.4216309e+02	   6.2644029e+00	
   5.0000000e-01	  -3.1454465e+01	  -5.0233939e+00	   1.3952637e+02	   7.1073505e+00	
   5.1000000e-01	  -3.1923665e+01	  -5.1904151e+00	   1.3563721e+02	   7.9245809e+00	
   5.2000000e-01	  -3.4054617e+01	  -5.3645332e+00	   1.3396729e+02	   8.7192828e+00	
   5.3000000e-01	  -3.4074167e+01	  -5.5442956e+00	   1.3379150e+02	   9.5032267e+00	
   5.4000000e-01	  -3.4269668e+01	  -5.7236055e+00	   1.2522217e+02	   1.0254873e+01	
   5.5000000e-01	  -3.5393794e+01	  -5.9059251e+00	   1.2875977e+02	   1.0986053e+01	
   5.6000000e-01	  -3.5804344e+01	  -6.0919089e+00	   1.2678223e+02	   1.1717538e+01	
   5.7000000e-01	  -3.5775019e+01	  -6.2779218e+00	   1.2355225e+02	   1.2428134e+01	
   5.8000000e-01	  -3.6068269e+01	  -6.4635961e+00	   1.2311279e+02	   1.3122787e+01	
   5.9000000e-01	  -3.6488595e+01	  -6.6503422e+00	   1.2203613e+02	   1.3808340e+01	
   6.0000000e-01	  -3.6107369e+01	  -6.8360410e+00	   1.1616943e+02	   1.4467855e+01	
   6.1000000e-01	  -3.7192395e+01	  -7.0227808e+00	   1.1296143e+02	   1.5094819e+01	
   6.2000000e-01	  -3.7280370e+01	  -7.2120246e+00	   1.1399414e+02	   1.5711043e+01	
   6.3000000e-01	  -3.6879595e+01	  -7.3991034e+00	   1.0975342e+02	   1.6313362e+01	
   6.4000000e-01	  -3.8414271e+01	  -7.5885615e+00	   1.0733643e+02	   1.6891057e+01	
   6.5000000e-01	  -3.7573621e+01	  -7.7790065e+00	   1.0505127e+02	   1.7450407e+01	
   6.6000000e-01	  -3.8482697e+01	  -7.9684730e+00	   9.7272949e+01	   1.7974738e+01	
   6.7000000e-01	  -3.8629322e+01	  -8.1600589e+00	   1.0184326e+02	   1.8485737e+01	
   6.8000000e-01	  -3.8687972e+01	  -8.3510876e+00	   9.9008789e+01	   1.8998973e+01	
   6.9000000e-01	  -3.9166947e+01	  -8.5426036e+00	   9.8942871e+01	   1.9499910e+01	
   7.0000000e-01	  -3.8971447e+01	  -8.7338078e+00	   9.6020508e+01	   1.9988351e+01	
   7.1000000e-01	  -3.9323347e+01	  -8.9243042e+00	   9.0021973e+01	   2.0445795e+01	
   7.2000000e-01	  -4.0046698e+01	  -9.1169748e+00	   8.7341309e+01	   2.0873192e+01	
   7.3000000e-01	  -4.0027148e+01	  -9.3106428e+00	   8.5847168e+01	   2.1284838e+01	
   7.4000000e-01	  -4.0496348e+01	  -9.5045059e+00	   8.1979980e+01	   2.1677114e+01	
   7.5000000e-01	  -4.0906899e+01	  -9.6999099e+00	   7.9409180e+01	   2.2046772e+01	
   7.6000000e-01	  -4.1317449e+01	  -9.8966616e+00	   7.3146973e+01	   2.2386451e+01	
   7.7000000e-01	  -4.0613648e+01	  -1.0091262e+01	   7.3125000e+01	   2.2704323e+01	
   7.8000000e-01	  -4.1395649e+01	  -1.0284889e+01	   7.2421875e+01	   2.3017932e+01	
   7.9000000e-01	  -4.1845300e+01	  -1.0481161e+01	   6.8466797e+01	   2.3314988e+01	
   8.0000000e-01	  -4.1982150e+01	  -1.0678039e+01	   6.6906738e+01	   2.3592912e+01	
   8.1000000e-01	  -4.2197200e+01	  -1.0874787e+01	   6.3610840e+01	   2.3853888e+01	
   8.2000000e-01	  -4.2422025e+01	  -1.1071680e+01	   6.3083496e+01	   2.4101255e+01	
   8.3000000e-01	  -4.2715275e+01	  -1.1268962e+01	   5.9721680e+01	   2.4334893e+01	
   8.4000000e-01	  -4.2910776e+01	  -1.1466539e+01	   5.7414551e+01	   2.4549314e+01	
   8.5000000e-01	  -4.2597975e+01	  -1.1662512e+01	   5.2866211e+01	   2.4740922e+01	
   8.6000000e-01	  -4.3018301e+01	  -1.1857593e+01	   4.9086914e+01	   2.4905249e+01	
   8.7000000e-01	  -4.3507051e+01	  -1.2054300e+01	   4.8032227e+01	   2.5053409e+01	
   8.8000000e-01	  -4.2754375e+01	  -1.2248948e+01	   4.4165039e+01	   2.5185226e+01	
   8.9000000e-01	  -4.3595026e+01	  -1.2442652e+01	   4.2143555e+01	   2.5297776e+01	
   9.0000000e-01	  -4.3262676e+01	  -1.2636735e+01	   4.0495605e+01	   2.5398129e+01	
   9.1000000e-01	  -4.3868726e+01	  -1.2830459e+01	   3.9550781e+01	   2.5489734e+01	
   9.2000000e-01	  -4.4054452e+01	  -1.3025450e+01	   3.6298828e+01	   2.5567621e+01	
   9.3000000e-01	  -4.3379976e+01	  -1.3217689e+01	   3.2958984e+01	   2.5624377e+01	
   9.4000000e-01	  -4.3800301e+01	  -1.3407928e+01	   2.9377441e+01	   2.5659101e+01	
   9.5000000e-01	  -4.4582302e+01	  -1.3600740e+01	   2.5312500e+01	   2.5669660e+01	
   9.6000000e-01	  -4.4904877e+01	  -1.3795804e+01	   2.0324707e+01	   2.5651803e+01	
   9.7000000e-01	  -4.4914652e+01	  -1.3990687e+01	   2.1247559e+01	   2.5621326e+01	
   9.8000000e-01	  -4.4807127e+01	  -1.4184044e+01	   1.9511719e+01	   2.5588495e+01	
   9.9000000e-01	  -4.4562752e+01	  -1.4375087e+01	   1.4414063e+01	   2.5534468e+01	
   1.0000000e+00	  -4.4924427e+01	  -1.4565301e+01	   1.3513184e+01	   2.5461994e+01	
   1.0100000e+00	  -4.4836452e+01	  -1.4755181e+01	   8.9208984e+00	   2.5372770e+01	
   1.0200000e+00	  -4.4924427e+01	  -1.4943871e+01	   5.7348633e+00	   2.5259745e+01	
   1.0300000e+00	  -4.5090603e+01	  -1.5132176e+01	   2.2192383e+00	   2.5126441e+01	
   1.0400000e+00	  -4.5501153e+01	  -1.5321107e+01	  -2.4169922e-01	   2.4975254e+01	
   1.0500000e+00	  -4.4787577e+01	  -1.5507906e+01	  -1.1425781e+00	   2.4814485e+01	
   1.0600000e+00	  -4.5911703e+01	  -1.5694820e+01	  -6.1303711e+00	   2.4636282e+01	
   1.0700000e+00	  -4.5667328e+01	  -1.5883319e+01	  -7.4267578e+00	   2.4439514e+01	
   1.0800000e+00	  -4.5334978e+01	  -1.6068831e+01	  -1.0437012e+01	   2.4230491e+01	
   1.0900000e+00	  -4.5784628e+01	  -1.6253549e+01	  -1.4545898e+01	   2.4000482e+01	
   1.1000000e+00	  -4.5677103e+01	  -1.6438181e+01	  -1.6062012e+01	   2.3754298e+01	
   1.1100000e+00	  -4.6302704e+01	  -1.6623279e+01	  -1.9182129e+01	   2.3495136e+01	
   1.1200000e+00	  -4.6263604e+01	  -1.6809054e+01	  -2.1928711e+01	   2.3219224e+01	
   1.1300000e+00	  -4.6263604e+01	  -1.6993544e+01	  -2.1708984e+01	   2.2937127e+01	
   1.1400000e+00	  -4.6273379e+01	  -1.7176908e+01	  -2.9377441e+01	   2.2633469e+01	
   1.1500000e+00	  -4.6253829e+01	  -1.7359094e+01	  -3.0036621e+01	   2.2305633e+01	
   1.1600000e+00	  -4.6478654e+01	  -1.7540781e+01	  -3.2475586e+01	   2.1970147e+01	
   1.1700000e+00	  -4.6410229e+01	  -1.7721820e+01	  -3.4958496e+01	   2.1621349e+01	
   1.1800000e+00	  -4.6781679e+01	  -1.7902674e+01	  -3.7353516e+01	   2.1259459e+01	
   1.1900000e+00	  -4.6742579e+01	  -1.8083436e+01	  -4.2846680e+01	   2.0875131e+01	
   1.2000000e+00	  -4.6869654e+01	  -1.8263341e+01	  -4.5043945e+01	   2.0469127e+01	
   1.2100000e+00	  -4.6840329e+01	  -1.8442426e+01	  -4.6735840e+01	   2.0053485e+01	
   1.2200000e+00	  -4.6947854e+01	  -1.8620633e+01	  -4.9218750e+01	   1.9627372e+01	
   1.2300000e+00	  -4.7192230e+01	  -1.8798827e+01	  -5.1811523e+01	   1.9188033e+01	
   1.2400000e+00	  -4.7221555e+01	  -1.8976762e+01	  -5.4843750e+01	   1.8733829e+01	
   1.2500000e+00	  -4.7485480e+01	  -1.9154500e+01	  -5.7810059e+01	   1.8263684e+01	
   1.2600000e+00	  -4.7387730e+01	  -1.9331646e+01	  -6.0578613e+01	   1.7778523e+01	
   1.2700000e+00	  -4.7671205e+01	  -1.9508264e+01	  -6.4291992e+01	   1.7276102e+01	
   1.2800000e+00	  -4.7641880e+01	  -1.9684572e+01	  -6.6555176e+01	   1.6758110e+01	
   1.2900000e+00	  -4.7788505e+01	  -1.9860142e+01	  -6.9455566e+01	   1.6227191e+01	
   1.3000000e+00	  -4.7583230e+01	  -2.0034429e+01	  -7.2487793e+01	   1.5681019e+01	
   1.3100000e+00	  -4.7593005e+01	  -2.0207013e+01	  -7.4838867e+01	   1.5121408e+01	
   1.3200000e+00	  -4.7641880e+01	  -2.0378699e+01	  -7.6750488e+01	   1.4551952e+01	
   1.3300000e+00	  -4.7993780e+01	  -2.0550565e+01	  -8.1013184e+01	   1.3966727e+01	
   1.3400000e+00	  -4.7827605e+01	  -2.0721935e+01	  -8.4331055e+01	   1.3361427e+01	
   1.3500000e+00	  -4.7905805e+01	  -2.0891957e+01	  -8.6616211e+01	   1.2742371e+01	
   1.3600000e+00	  -4.8111080e+01	  -2.1061802e+01	  -8.9055176e+01	   1.2112397e+01	
   1.3700000e+00	  -4.8052430e+01	  -2.1231043e+01	  -9.2307129e+01	   1.1468547e+01	
   1.3800000e+00	  -4.7954680e+01	  -2.1398733e+01	  -9.4328613e+01	   1.0812214e+01	
   1.3900000e+00	  -4.7622330e+01	  -2.1564026e+01	  -9.7229004e+01	   1.0144578e+01	
   1.4000000e+00	  -4.7602780e+01	  -2.1727182e+01	  -1.0054688e+02	   9.4616500e+00	
   1.4100000e+00	  -4.8267481e+01	  -2.1891336e+01	  -1.0377686e+02	   8.7624929e+00	
   1.4200000e+00	  -4.8042655e+01	  -2.2055840e+01	  -1.0696289e+02	   8.0476216e+00	
   1.4300000e+00	  -4.7954680e+01	  -2.2218333e+01	  -1.0948975e+02	   7.3193365e+00	
   1.4400000e+00	  -4.8560731e+01	  -2.2381432e+01	  -1.1250000e+02	   6.5782720e+00	
   1.4500000e+00	  -4.8140405e+01	  -2.2544090e+01	  -1.1559814e+02	   5.8227192e+00	
   1.4600000e+00	  -4.7817830e+01	  -2.2703403e+01	  -1.1816895e+02	   5.0541451e+00	
   1.4700000e+00	  -4.8433656e+01	  -2.2862637e+01	  -1.2238770e+02	   4.2691216e+00	
   1.4800000e+00	  -4.8482531e+01	  -2.3022955e+01	  -1.2511230e+02	   3.4672702e+00	
   1.4900000e+00	  -4.8120855e+01	  -2.3181289e+01	  -1.2812256e+02	   2.6524810e+00	
   1.5000000e+00	  -4.8453206e+01	  -2.3338539e+01	  -1.3067139e+02	   1.8253854e+00	
   1.5100000e+00	  -4.8560731e+01	  -2.3496182e+01	  -1.3486816e+02	   9.8234483e-01	
   1.5200000e+00	  -4.8941956e+01	  -2.3654369e+01	  -1.3695557e+02	   1.2490405e-01	
   1.5300000e+00	  -4.8355456e+01	  -2.3810921e+01	  -1.3774658e+02	  -7.3618066e-01	
   1.5400000e+00	  -4.8433656e+01	  -2.3964902e+01	  -1.4055908e+02	  -1.6031573e+00	
   1.5500000e+00	  -4.7935130e+01	  -2.4116601e+01	  -1.4405273e+02	  -2.4844530e+00	
   1.5600000e+00	  -4.8531406e+01	  -2.4267657e+01	  -1.4897461e+02	  -3.3865841e+00	
   1.5700000e+00	  -4.8365231e+01	  -2.4419113e+01	  -1.5095215e+02	  -4.3046720e+00	
   1.5800000e+00	  -4.8580281e+01	  -2.4569774e+01	  -1.5611572e+02	  -5.2393738e+00	
   1.5900000e+00	  -4.9157006e+01	  -2.4721970e+01	  -1.5949951e+02	  -6.1949893e+00	
   1.6000000e+00	  -4.9186331e+01	  -2.4875112e+01	  -1.6277344e+02	  -7.1654697e+00	
   1.6100000e+00	  -4.8316356e+01	  -2.5024661e+01	  -1.6341064e+02	  -8.1421202e+00	
   1.6200000e+00	  -4.8707356e+01	  -2.5171774e+01	  -1.6798096e+02	  -9.1289622e+00	
   1.6300000e+00	  -4.8218605e+01	  -2.5317659e+01	  -1.7316650e+02	  -1.0140176e+01	
   1.6400000e+00	  -4.8492306e+01	  -2.5461957e+01	  -1.7079346e+02	  -1.1153864e+01	
   1.6500000e+00	  -4.9567557e+01	  -2.5609576e+01	  -1.7789063e+02	  -1.2175998e+01	
   1.6600000e+00	  -4.8795331e+01	  -2.5757219e+01	  -1.7995605e+02	  -1.3220425e+01	
   1.6700000e+00	  -4.9137456e+01	  -2.5902590e+01	  -1.8000000e+02	  -1.4264916e+01	
   1.6800000e+00	  -4.8717131e+01	  -2.6046806e+01	  -1.8000000e+02	  -1.5303002e+01	
   1.6900000e+00	  -4.8824656e+01	  -2.6189139e+01	  -1.8000000e+02	  -1.6334587e+01	
   1.7000000e+00	  -4.9665307e+01	  -2.6333550e+01	  -1.2348633e+01	  -1.6834665e+01	
   1.7100000e+00	  -4.9127681e+01	  -2.6478005e+01	  -1.2612305e+01	  -1.6807392e+01	
   1.7200000e+00	  -4.8159955e+01	  -2.6616841e+01	   1.7624268e+02	  -1.6189667e+01	
   1.7300000e+00	  -4.8805106e+01	  -2.6753798e+01	   1.7408936e+02	  -1.4991105e+01	
   1.7400000e+00	  -4.8766006e+01	  -2.6891794e+01	   1.7569336e+02	  -1.3801771e+01	
   1.7500000e+00	  -4.8638931e+01	  -2.7028406e+01	   1.7323242e+02	  -1.2622570e+01	
   1.7600000e+00	  -4.8687806e+01	  -2.7163917e+01	   1.6954102e+02	  -1.1470023e+01	
   1.7700000e+00	  -4.8032880e+01	  -2.7296682e+01	   1.6811279e+02	  -1.0340728e+01	
   1.7800000e+00	  -4.8218605e+01	  -2.7427145e+01	   1.6433350e+02	  -9.2348148e+00	
   1.7900000e+00	  -4.8238156e+01	  -2.7557434e+01	   1.6347656e+02	  -8.1503484e+00	
   1.8000000e+00	  -4.8384781e+01	  -2.7687428e+01	   1.5993896e+02	  -7.0864373e+00	
   1.8100000e+00	  -4.8287031e+01	  -2.7816760e+01	   1.5585205e+02	  -6.0530682e+00	
   1.8200000e+00	  -4.9225431e+01	  -2.7947915e+01	   1.5156738e+02	  -5.0523895e+00	
   1.8300000e+00	  -4.8932181e+01	  -2.8080269e+01	   1.4679932e+02	  -4.0863295e+00	
   1.8400000e+00	  -4.8668256e+01	  -2.8210049e+01	   1.4084473e+02	  -3.1599014e+00	
   1.8500000e+00	  -4.8521631e+01	  -2.8337730e+01	   1.3893311e+02	  -2.2639110e+00	
   1.8600000e+00	  -4.8678031e+01	  -2.8464643e+01	   1.3893311e+02	  -1.3795195e+00	
   1.8700000e+00	  -4.8462981e+01	  -2.8590576e+01	   1.3337402e+02	  -5.1807710e-01	
   1.8800000e+00	  -4.9391607e+01	  -2.8717956e+01	   1.3016602e+02	   3.1051316e-01	
   1.8900000e+00	  -4.9235206e+01	  -2.8846956e+01	   1.2717773e+02	   1.1145082e+00	
   1.9000000e+00	  -4.9108131e+01	  -2.8974260e+01	   1.2249756e+02	   1.8894516e+00	
   1.9100000e+00	  -4.9577332e+01	  -2.9101839e+01	   1.2016846e+02	   2.6375897e+00	
   1.9200000e+00	  -5.0193157e+01	  -2.9232016e+01	   1.2008057e+02	   3.3734724e+00	
   1.9300000e+00	  -4.9186331e+01	  -2.9360154e+01	   1.1669678e+02	   4.0938734e+00	
   1.9400000e+00	  -4.8971281e+01	  -2.9483662e+01	   1.1364258e+02	   4.7895998e+00	
   1.9500000e+00	  -4.8912631e+01	  -2.9605540e+01	   1.1122559e+02	   5.4638341e+00	
   1.9600000e+00	  -4.9049481e+01	  -2.9726899e+01	   1.0582031e+02	   6.1093478e+00	
   1.9700000e+00	  -4.9851032e+01	  -2.9850437e+01	   1.0505127e+02	   6.7314818e+00	
   1.9800000e+00	  -4.9284081e+01	  -2.9973935e+01	   9.9250488e+01	   7.3291439e+00	
   1.9900000e+00	  -4.8619381e+01	  -3.0092803e+01	   9.7141113e+01	   7.8982898e+00	
   2.0000000e+00	  -4.8707356e+01	  -3.0209121e+01	   9.6262207e+01	   8.4545123e+00	
   2.0100000e+00	  -4.8599831e+01	  -3.0324648e+01	   9.0922852e+01	   8.9877766e+00	
   2.0200000e+00	  -4.8746456e+01	  -3.0439574e+01	   8.8505859e+01	   9.4934099e+00	
   2.0300000e+00	  -4.9029931e+01	  -3.0555128e+01	   8.4990234e+01	   9.9772965e+00	
   2.0400000e+00	  -4.9274306e+01	  -3.0671611e+01	   8.1716309e+01	   1.0436889e+01	
   2.0500000e+00	  -4.9010381e+01	  -3.0787303e+01	   7.8750000e+01	   1.0874060e+01	
   2.0600000e+00	  -4.9117906e+01	  -3.0901780e+01	   7.9497070e+01	   1.1301542e+01	
   2.0700000e+00	  -4.9117906e+01	  -3.1015877e+01	   7.2993164e+01	   1.1708318e+01	
   2.0800000e+00	  -4.9117906e+01	  -3.1129260e+01	   6.8862305e+01	   1.2079241e+01	
   2.0900000e+00	  -4.8990831e+01	  -3.1241534e+01	   6.6994629e+01	   1.2429054e+01	
   2.1000000e+00	  -4.9117906e+01	  -3.1353106e+01	   6.4533691e+01	   1.2763120e+01	
   2.1100000e+00	  -4.9049481e+01	  -3.1464162e+01	   5.7919922e+01	   1.3066674e+01	
   2.1200000e+00	  -4.9293856e+01	  -3.1575073e+01	   5.8820801e+01	   1.3350435e+01	
   2.1300000e+00	  -4.9401382e+01	  -3.1686392e+01	   5.4316406e+01	   1.3621133e+01	
   2.1400000e+00	  -4.8902856e+01	  -3.1795789e+01	   4.9965820e+01	   1.3862404e+01	
   2.1500000e+00	  -4.9069031e+01	  -3.1903460e+01	   4.7153320e+01	   1.4079731e+01	
   2.1600000e+00	  -4.8902856e+01	  -3.2010457e+01	   4.6801758e+01	   1.4285787e+01	
   2.1700000e+00	  -4.8766006e+01	  -3.2115834e+01	   3.8430176e+01	   1.4463234e+01	
   2.1800000e+00	  -4.9352507e+01	  -3.2221960e+01	   3.6232910e+01	   1.4606470e+01	
   2.1900000e+00	  -4.8443431e+01	  -3.2326410e+01	   3.5354004e+01	   1.4739175e+01	
   2.2000000e+00	  -4.8941956e+01	  -3.2428921e+01	   3.1728516e+01	   1.4856943e+01	
   2.2100000e+00	  -4.8951731e+01	  -3.2532382e+01	   2.9003906e+01	   1.4954086e+01	
   2.2200000e+00	  -4.8941956e+01	  -3.2635194e+01	   2.7312012e+01	   1.5036788e+01	
   2.2300000e+00	  -4.8883306e+01	  -3.2737148e+01	   2.3137207e+01	   1.5100600e+01	
   2.2400000e+00	  -4.9968332e+01	  -3.2841678e+01	   2.0500488e+01	   1.5142680e+01	
   2.2500000e+00	  -4.9450257e+01	  -3.2947329e+01	   1.6259766e+01	   1.5162958e+01	
   2.2600000e+00	  -4.8599831e+01	  -3.3048032e+01	   1.1228027e+01	   1.5154070e+01	
   2.2700000e+00	  -4.8922406e+01	  -3.3146452e+01	   1.5073242e+01	   1.5141521e+01	
   2.2800000e+00	  -4.9675082e+01	  -3.3247622e+01	   5.0756836e+00	   1.5109783e+01	
   2.2900000e+00	  -4.9284081e+01	  -3.3349291e+01	   3.5595703e+00	   1.5042186e+01	
   2.3000000e+00	  -4.8873531e+01	  -3.3447814e+01	  -1.5380859e-01	   1.4958635e+01	
   2.3100000e+00	  -4.9372057e+01	  -3.3545994e+01	  -1.6259766e+00	   1.4859367e+01	
   2.3200000e+00	  -4.9215656e+01	  -3.3644631e+01	  -9.6679688e-01	   1.4758175e+01	
   2.3300000e+00	  -4.9205881e+01	  -3.3742130e+01	  -6.8115234e+00	   1.4641377e+01	
   2.3400000e+00	  -4.8169730e+01	  -3.3835743e+01	  -9.3603516e+00	   1.4499024e+01	
   2.3500000e+00	  -4.9196106e+01	  -3.3928739e+01	  -1.1469727e+01	   1.4342974e+01	
   2.3600000e+00	  -4.8228380e+01	  -3.4021336e+01	  -1.6040039e+01	   1.4166982e+01	
   2.3700000e+00	  -4.8990831e+01	  -3.4112710e+01	  -1.7885742e+01	   1.3972000e+01	
   2.3800000e+00	  -4.9205881e+01	  -3.4206573e+01	  -2.1357422e+01	   1.3761585e+01	
   2.3900000e+00	  -4.8912631e+01	  -3.4299603e+01	  -2.5510254e+01	   1.3528611e+01	
   2.4000000e+00	  -4.8756231e+01	  -3.4390642e+01	  -2.7861328e+01	   1.3276727e+01	
   2.4100000e+00	  -4.9205881e+01	  -3.4482030e+01	  -3.2629395e+01	   1.3004125e+01	
   2.4200000e+00	  -4.8990831e+01	  -3.4573579e+01	  -3.2343750e+01	   1.2719193e+01	
   2.4300000e+00	  -4.9205881e+01	  -3.4664556e+01	  -3.6958008e+01	   1.2422489e+01	
   2.4400000e+00	  -4.9323182e+01	  -3.4756003e+01	  -3.9331055e+01	   1.2105761e+01	
   2.4500000e+00	  -4.8990831e+01	  -3.4846204e+01	  -4.1022949e+01	   1.1778286e+01	
   2.4600000e+00	  -4.8834431e+01	  -3.4934310e+01	  -4.4670410e+01	   1.1436141e+01	
   2.4700000e+00	  -4.9792382e+01	  -3.5024374e+01	  -4.7570801e+01	   1.1075633e+01	
   2.4800000e+00	  -4.9147231e+01	  -3.5114853e+01	  -5.1833496e+01	   1.0694949e+01	
   2.4900000e+00	  -4.9059256e+01	  -3.5202470e+01	  -5.2910156e+01	   1.0299929e+01	
   2.5000000e+00	  -4.8834431e+01	  -3.5288558e+01	  -5.6755371e+01	   9.8919685e+00	
   2.5100000e+00	  -4.9274306e+01	  -3.5374780e+01	  -6.0446777e+01	   9.4629603e+00	
   2.5200000e+00	  -4.9694632e+01	  -3.5463157e+01	  -6.3588867e+01	   9.0152384e+00	
   2.5300000e+00	  -4.9157006e+01	  -3.5550612e+01	  -6.6137695e+01	   8.5524982e+00	
   2.5400000e+00	  -4.9802157e+01	  -3.5637857e+01	  -6.9191895e+01	   8.0751090e+00	
   2.5500000e+00	  -4.9352507e+01	  -3.5725167e+01	  -7.1059570e+01	   7.5852958e+00	
   2.5600000e+00	  -5.0017207e+01	  -3.5812604e+01	  -7.5080566e+01	   7.0801087e+00	
   2.5700000e+00	  -4.9264531e+01	  -3.5899218e+01	  -7.8376465e+01	   6.5551710e+00	
   2.5800000e+00	  -4.9772832e+01	  -3.5984524e+01	  -8.1210938e+01	   6.0143223e+00	
   2.5900000e+00	  -4.9968332e+01	  -3.6071500e+01	  -8.3583984e+01	   5.4605526e+00	
   2.6000000e+00	  -4.9645757e+01	  -3.6157532e+01	  -8.6572266e+01	   4.8934610e+00	
   2.6100000e+00	  -4.9215656e+01	  -3.6240669e+01	  -8.9604492e+01	   4.3110666e+00	
   2.6200000e+00	  -4.9557782e+01	  -3.6323010e+01	  -9.2131348e+01	   3.7149104e+00	
   2.6300000e+00	  -4.9499132e+01	  -3.6405723e+01	  -9.4855957e+01	   3.1060418e+00	
   2.6400000e+00	  -4.9039706e+01	  -3.6486295e+01	  -9.7492676e+01	   2.4841964e+00	
   2.6500000e+00	  -4.9108131e+01	  -3.6565138e+01	  -1.0059082e+02	   1.8482858e+00	
   2.6600000e+00	  -4.9147231e+01	  -3.6643824e+01	  -1.0410645e+02	   1.1956454e+00	
   2.6700000e+00	  -4.8922406e+01	  -3.6721435e+01	  -1.0678711e+02	   5.2768755e-01	
   2.6800000e+00	  -4.9489357e+01	  -3.6799632e+01	  -1.1001709e+02	  -1.5459727e-01	
   2.6900000e+00	  -4.9811932e+01	  -3.6880124e+01	  -1.1320313e+02	  -8.5270203e-01	
   2.7000000e+00	  -4.9186331e+01	  -3.6959164e+01	  -1.1643311e+02	  -1.5665276e+00	
   2.7100000e+00	  -4.9166781e+01	  -3.7035688e+01	  -1.2049805e+02	  -2.2987282e+00	
   2.7200000e+00	  -4.9186331e+01	  -3.7111733e+01	  -1.2177246e+02	  -3.0430641e+00	
   2.7300000e+00	  -4.9215656e+01	  -3.7187454e+01	  -1.2480469e+02	  -3.7962253e+00	
   2.7400000e+00	  -4.9577332e+01	  -3.7263926e+01	  -1.2845215e+02	  -4.5655882e+00	
   2.7500000e+00	  -4.9254756e+01	  -3.7340041e+01	  -1.3113281e+02	  -5.3499504e+00	
   2.7600000e+00	  -4.9420932e+01	  -3.7415189e+01	  -1.3532959e+02	  -6.1509383e+00	
   2.7700000e+00	  -4.9440482e+01	  -3.7490449e+01	  -1.3739502e+02	  -6.9665209e+00	
   2.7800000e+00	  -4.9157006e+01	  -3.7564410e+01	  -1.4080078e+02	  -7.7941295e+00	
   2.7900000e+00	  -4.8883306e+01	  -3.7636164e+01	  -1.4600830e+02	  -8.6435292e+00	
   2.8000000e+00	  -4.9342732e+01	  -3.7708049e+01	  -1.4600830e+02	  -9.5039174e+00	
   2.8100000e+00	  -4.9137456e+01	  -3.7780281e+01	  -1.4991943e+02	  -1.0371165e+01	
   2.8200000e+00	  -4.9430707e+01	  -3.7852335e+01	  -1.5295166e+02	  -1.1254726e+01	
   2.8300000e+00	  -4.9284081e+01	  -3.7924397e+01	  -1.5400635e+02	  -1.2145552e+01	
   2.8400000e+00	  -4.9469807e+01	  -3.7996131e+01	  -1.6007080e+02	  -1.3053093e+01	
   2.8500000e+00	  -4.9841257e+01	  -3.8069160e+01	  -1.6169678e+02	  -1.3979035e+01	
   2.8600000e+00	  -4.9616432e+01	  -3.8142191e+01	  -1.6413574e+02	  -1.4911908e+01	
   2.8700000e+00	  -4.9469807e+01	  -3.8213601e+01	  -1.6804688e+02	  -1.5858824e+01	
   2.8800000e+00	  -4.9538232e+01	  -3.8284318e+01	  -1.7354004e+02	  -1.6829262e+01	
   2.8900000e+00	  -4.9948782e+01	  -3.8356093e+01	  -1.7312256e+02	  -1.7809517e+01	
   2.9000000e+00	  -4.9323182e+01	  -3.8426745e+01	  -1.8000000e+02	  -1.8803863e+01	
   2.9100000e+00	  -4.9108131e+01	  -3.8494322e+01	  -1.8000000e+02	  -1.9813519e+01	
   2.9200000e+00	  -4.9293856e+01	  -3.8561383e+01	  -1.8000000e+02	  -2.0816852e+01	
   2.9300000e+00	  -4.9626207e+01	  -3.8629647e+01	  -1.8000000e+02	  -2.1813900e+01	
   2.9400000e+00	  -4.9049481e+01	  -3.8696719e+01	  -1.8000000e+02	  -2.2804703e+01	
   2.9500000e+00	  -4.8932181e+01	  -3.8761196e+01	  -1.2084961e+01	  -2.3263430e+01	
   2.9600000e+00	  -4.9772832e+01	  -3.8827535e+01	   1.7549561e+02	  -2.2605955e+01	
   2.9700000e+00	  -4.9919457e+01	  -3.8896550e+01	   1.7437500e+02	  -2.1368650e+01	
   2.9800000e+00	  -4.8883306e+01	  -3.8962348e+01	   1.7687988e+02	  -2.0134759e+01	
   2.9900000e+00	  -4.9274306e+01	  -3.9025712e+01	   1.7516602e+02	  -1.8906120e+01	
   3.0000000e+00	  -4.9313406e+01	  -3.9090027e+01	   1.7156250e+02	  -1.7701829e+01	
   3.0100000e+00	  -4.9753282e+01	  -3.9155439e+01	   1.6998047e+02	  -1.6521321e+01	
   3.0200000e+00	  -5.0036757e+01	  -3.9222707e+01	   1.6595947e+02	  -1.5365755e+01	
   3.0300000e+00	  -4.9899907e+01	  -3.9290012e+01	   1.5846680e+02	  -1.4253484e+01	
   3.0400000e+00	  -4.9616432e+01	  -3.9355580e+01	   1.5686279e+02	  -1.3176669e+01	
   3.0500000e+00	  -4.9635982e+01	  -3.9419910e+01	   1.5394043e+02	  -1.2120774e+01	
   3.0600000e+00	  -4.9626207e+01	  -3.9483868e+01	   1.5064453e+02	  -1.1090967e+01	
   3.0700000e+00	  -4.9811932e+01	  -3.9547977e+01	   1.4695313e+02	  -1.0089493e+01	
   3.0800000e+00	  -4.9939007e+01	  -3.9612663e+01	   1.4370117e+02	  -9.1160364e+00	
   3.0900000e+00	  -4.9489357e+01	  -3.9675935e+01	   1.4099854e+02	  -8.1673255e+00	
   3.1000000e+00	  -4.9147231e+01	  -3.9736330e+01	   1.3992188e+02	  -7.2363928e+00	
   3.1100000e+00	  -4.9186331e+01	  -3.9795398e+01	   1.3726318e+02	  -6.3229891e+00	
   3.1200000e+00	  -4.8766006e+01	  -3.9852902e+01	   1.3047363e+02	  -5.4448963e+00	
   3.1300000e+00	  -4.8893081e+01	  -3.9909127e+01	   1.2829834e+02	  -4.6003793e+00	
   3.1400000e+00	  -4.9479582e+01	  -3.9967235e+01	   1.2643066e+02	  -3.7738135e+00	
   3.1500000e+00	  -4.9811932e+01	  -4.0027857e+01	   1.2223389e+02	  -2.9714173e+00	
   3.1600000e+00	  -4.9694632e+01	  -4.0088772e+01	   1.1845459e+02	  -2.1990262e+00	
   3.1700000e+00	  -4.9352507e+01	  -4.0147867e+01	   1.1676270e+02	  -1.4486075e+00	
   3.1800000e+00	  -4.9323182e+01	  -4.0205429e+01	   1.1186279e+02	  -7.2353297e-01	
   3.1900000e+00	  -4.9665307e+01	  -4.0263610e+01	   1.0874268e+02	  -2.8116781e-02	
   3.2000000e+00	  -4.9909682e+01	  -4.0323263e+01	   1.0832520e+02	   6.5186472e-01	
   3.2100000e+00	  -4.9811932e+01	  -4.0383002e+01	   1.0500732e+02	   1.3158889e+00	
   3.2200000e+00	  -4.9694632e+01	  -4.0441693e+01	   1.0032715e+02	   1.9507060e+00	
   3.2300000e+00	  -4.9196106e+01	  -4.0498088e+01	   9.9030762e+01	   2.5628296e+00	
   3.2400000e+00	  -4.9450257e+01	  -4.0553364e+01	   9.5141602e+01	   3.1548793e+00	
   3.2500000e+00	  -4.8844206e+01	  -4.0607192e+01	   9.4833984e+01	   3.7300774e+00	
   3.2600000e+00	  -4.9430707e+01	  -4.0660621e+01	   8.9340820e+01	   4.2835060e+00	
   3.2700000e+00	  -4.9176556e+01	  -4.0714757e+01	   8.6440430e+01	   4.8071816e+00	
   3.2800000e+00	  -4.9274306e+01	  -4.0768064e+01	   8.1804199e+01	   5.3039742e+00	
   3.2900000e+00	  -4.9548007e+01	  -4.0822200e+01	   8.0925293e+01	   5.7803830e+00	
   3.3000000e+00	  -4.9186331e+01	  -4.0875722e+01	   7.4113770e+01	   6.2297232e+00	
   3.3100000e+00	  -4.9303631e+01	  -4.0928143e+01	   7.3850098e+01	   6.6540911e+00	
   3.3200000e+00	  -4.9655532e+01	  -4.0981705e+01	   6.9060059e+01	   7.0599739e+00	
   3.3300000e+00	  -4.9332957e+01	  -4.1035024e+01	   6.6379395e+01	   7.4399180e+00	
   3.3400000e+00	  -4.9284081e+01	  -4.1086845e+01	   6.3566895e+01	   7.8002790e+00	
   3.3500000e+00	  -4.9059256e+01	  -4.1137484e+01	   6.3566895e+01	   8.1495748e+00	
   3.3600000e+00	  -4.9772832e+01	  -4.1189337e+01	   5.5546875e+01	   8.4715659e+00	
   3.3700000e+00	  -4.9665307e+01	  -4.1242764e+01	   5.2690430e+01	   8.7574778e+00	
   3.3800000e+00	  -4.9528457e+01	  -4.1295090e+01	   5.1350098e+01	   9.0284554e+00	
   3.3900000e+00	  -4.9704407e+01	  -4.1347211e+01	   4.8208008e+01	   9.2836980e+00	
   3.4000000e+00	  -4.9284081e+01	  -4.1398240e+01	   4.3703613e+01	   9.5133948e+00	
   3.4100000e+00	  -4.9020156e+01	  -4.1446807e+01	   4.4780273e+01	   9.7309180e+00	
   3.4200000e+00	  -4.8785556e+01	  -4.1493508e+01	   3.8562012e+01	   9.9309765e+00	
   3.4300000e+00	  -4.9401382e+01	  -4.1541110e+01	   3.6650391e+01	   1.0104321e+01	
   3.4400000e+00	  -4.9000606e+01	  -4.1589088e+01	   3.2058105e+01	   1.0256211e+01	
   3.4500000e+00	  -4.9000606e+01	  -4.1635511e+01	   2.9311523e+01	   1.0384166e+01	
   3.4600000e+00	  -4.9157006e+01	  -4.1682132e+01	   2.6433105e+01	   1.0493704e+01	
   3.4700000e+00	  -4.8834431e+01	  -4.1727941e+01	   2.0852051e+01	   1.0576062e+01	
   3.4800000e+00	  -4.8775781e+01	  -4.1772269e+01	   2.0236816e+01	   1.0638499e+01	
   3.4900000e+00	  -4.9440482e+01	  -4.1818217e+01	   1.9226074e+01	   1.0695453e+01	
   3.5000000e+00	  -4.9186331e+01	  -4.1865163e+01	   1.5161133e+01	   1.0736155e+01	
   3.5100000e+00	  -4.9176556e+01	  -4.1910989e+01	   1.0700684e+01	   1.0749902e+01	
   3.5200000e+00	  -4.9000606e+01	  -4.1955946e+01	   1.0744629e+01	   1.0749731e+01	
   3.5300000e+00	  -4.9372057e+01	  -4.2001234e+01	   5.3173828e+00	   1.0732702e+01	
   3.5400000e+00	  -4.9753282e+01	  -4.2048595e+01	   2.5268555e+00	   1.0690044e+01	
   3.5500000e+00	  -4.9596882e+01	  -4.2096364e+01	  -7.6904297e-01	   1.0628591e+01	
   3.5600000e+00	  -4.8873531e+01	  -4.2141078e+01	  -2.9882813e+00	   1.0550252e+01	
   3.5700000e+00	  -4.8941956e+01	  -4.2183461e+01	  -6.3500977e+00	   1.0454925e+01	
   3.5800000e+00	  -4.8648706e+01	  -4.2224875e+01	  -5.4711914e+00	   1.0352418e+01	
   3.5900000e+00	  -4.8531406e+01	  -4.2264744e+01	  -1.1118164e+01	   1.0235622e+01	
   3.6000000e+00	  -4.9117906e+01	  -4.2305832e+01	  -1.4919434e+01	   1.0089967e+01	
   3.6100000e+00	  -4.8560731e+01	  -4.2346754e+01	  -1.7248535e+01	   9.9260257e+00	
   3.6200000e+00	  -4.8550956e+01	  -4.2385645e+01	  -2.1401367e+01	   9.7428114e+00	
   3.6300000e+00	  -4.8511856e+01	  -4.2424139e+01	  -2.2521973e+01	   9.5442295e+00	
   3.6400000e+00	  -4.8472756e+01	  -4.2462148e+01	  -2.3774414e+01	   9.3394595e+00	
   3.6500000e+00	  -4.8844206e+01	  -4.2500958e+01	  -2.7641602e+01	   9.1199387e+00	
   3.6600000e+00	  -4.8775781e+01	  -4.2540475e+01	  -3.0300293e+01	   8.8813554e+00	
   3.6700000e+00	  -4.8678031e+01	  -4.2579224e+01	  -3.6716309e+01	   8.6158466e+00	
   3.6800000e+00	  -4.9362282e+01	  -4.2619567e+01	  -3.8693848e+01	   8.3257141e+00	
   3.6900000e+00	  -4.9039706e+01	  -4.2660790e+01	  -3.8935547e+01	   8.0304488e+00	
   3.7000000e+00	  -4.8883306e+01	  -4.2700255e+01	  -4.5263672e+01	   7.7164578e+00	
   3.7100000e+00	  -4.9244981e+01	  -4.2740115e+01	  -4.8164063e+01	   7.3755319e+00	
   3.7200000e+00	  -4.8687806e+01	  -4.2779114e+01	  -5.0119629e+01	   7.0215337e+00	
   3.7300000e+00	  -4.8834431e+01	  -4.2816582e+01	  -5.2998047e+01	   6.6546139e+00	
   3.7400000e+00	  -4.9039706e+01	  -4.2854918e+01	  -5.7392578e+01	   6.2672151e+00	
   3.7500000e+00	  -4.8863756e+01	  -4.2893106e+01	  -5.8710938e+01	   5.8643514e+00	
   3.7600000e+00	  -4.8814881e+01	  -4.2930350e+01	  -6.2841797e+01	   5.4469453e+00	
   3.7700000e+00	  -4.9147231e+01	  -4.2968249e+01	  -6.5302734e+01	   5.0115098e+00	
   3.7800000e+00	  -4.9020156e+01	  -4.3006553e+01	  -6.6555176e+01	   4.5671722e+00	
   3.7900000e+00	  -4.8961506e+01	  -4.3044036e+01	  -6.9960938e+01	   4.1110293e+00	
   3.8000000e+00	  -4.8981056e+01	  -4.3081161e+01	  -7.3234863e+01	   3.6368242e+00	
   3.8100000e+00	  -4.9420932e+01	  -4.3119493e+01	  -7.6992188e+01	   3.1435692e+00	
   3.8200000e+00	  -4.9460032e+01	  -4.3159084e+01	  -8.0639648e+01	   2.6302136e+00	
   3.8300000e+00	  -4.9147231e+01	  -4.3197571e+01	  -8.3518066e+01	   2.0996359e+00	
   3.8400000e+00	  -4.9205881e+01	  -4.3235021e+01	  -8.6462402e+01	   1.5541460e+00	
   3.8500000e+00	  -4.9147231e+01	  -4.3272236e+01	  -8.8813477e+01	   9.9548886e-01	
   3.8600000e+00	  -4.9499132e+01	  -4.3310136e+01	  -9.2241211e+01	   4.2223300e-01	
   3.8700000e+00	  -4.9323182e+01	  -4.3348350e+01	  -9.4042969e+01	  -1.6380980e-01	
   3.8800000e+00	  -4.8853981e+01	  -4.3384304e+01	  -9.6306152e+01	  -7.5891234e-01	
   3.8900000e+00	  -4.9342732e+01	  -4.3420094e+01	  -1.0048096e+02	  -1.3704497e+00	
   3.9000000e+00	  -4.9215656e+01	  -4.3456793e+01	  -1.0309570e+02	  -1.9994200e+00	
   3.9100000e+00	  -4.9039706e+01	  -4.3492312e+01	  -1.0647949e+02	  -2.6432366e+00	
   3.9200000e+00	  -4.9274306e+01	  -4.3527793e+01	  -1.0902832e+02	  -3.3016003e+00	
   3.9300000e+00	  -4.9479582e+01	  -4.3564430e+01	  -1.1195068e+02	  -3.9729748e+00	
   3.9400000e+00	  -4.9372057e+01	  -4.3601143e+01	  -1.1493896e+02	  -4.6586548e+00	
   3.9500000e+00	  -4.9235206e+01	  -4.3636860e+01	  -1.1781738e+02	  -5.3584132e+00	
   3.9600000e+00	  -4.9284081e+01	  -4.3672079e+01	  -1.2199219e+02	  -6.0758777e+00	
   3.9700000e+00	  -4.9157006e+01	  -4.3706832e+01	  -1.2513428e+02	  -6.8117631e+00	
   3.9800000e+00	  -5.0202932e+01	  -4.3744245e+01	  -1.2871582e+02	  -7.5640960e+00	
   3.9900000e+00	  -4.9899907e+01	  -4.3783750e+01	  -1.3238525e+02	  -8.3344251e+00	
   4.0000000e+00	  -4.9939007e+01	  -4.3822181e+01	  -1.3398926e+02	  -9.1164444e+00	
   4.0100000e+00	  -4.9743507e+01	  -4.3859882e+01	  -1.3829590e+02	  -9.9120762e+00	
   4.0200000e+00	  -4.9352507e+01	  -4.3895509e+01	  -1.4132813e+02	  -1.0725708e+01	
   4.0300000e+00	  -4.9205881e+01	  -4.3929230e+01	  -1.4370117e+02	  -1.1551172e+01	
   4.0400000e+00	  -4.8687806e+01	  -4.3960658e+01	  -1.4440430e+02	  -1.2381099e+01	
   4.0500000e+00	  -4.9039706e+01	  -4.3991369e+01	  -1.4855713e+02	  -1.3221036e+01	
   4.0600000e+00	  -4.9606657e+01	  -4.4024765e+01	  -1.5174316e+02	  -1.4078695e+01	
   4.0700000e+00	  -4.8883306e+01	  -4.4057462e+01	  -1.5385254e+02	  -1.4947567e+01	
   4.0800000e+00	  -4.8736681e+01	  -4.4087229e+01	  -1.5655518e+02	  -1.5826066e+01	
   4.0900000e+00	  -4.8902856e+01	  -4.4116872e+01	  -1.6503662e+02	  -1.6734089e+01	
   4.1000000e+00	  -4.8726906e+01	  -4.4146298e+01	  -1.6771729e+02	  -1.7671381e+01	
   4.1100000e+00	  -4.9108131e+01	  -4.4176183e+01	  -1.6940918e+02	  -1.8616496e+01	
   4.1200000e+00	  -4.9548007e+01	  -4.4208452e+01	  -1.7026611e+02	  -1.9563674e+01	
   4.1300000e+00	  -4.8941956e+01	  -4.4239998e+01	  -1.7859375e+02	  -2.0533684e+01	
   4.1400000e+00	  -4.8853981e+01	  -4.4269173e+01	  -1.8000000e+02	  -2.1528101e+01	
   4.1500000e+00	  -4.9088581e+01	  -4.4298625e+01	  -1.7995605e+02	  -2.2520557e+01	
   4.1600000e+00	  -4.9342732e+01	  -4.4329423e+01	  -1.8000000e+02	  -2.3506796e+01	
   4.1700000e+00	  -4.9655532e+01	  -4.4361804e+01	  -1.8000000e+02	  -2.4486996e+01	
   4.1800000e+00	  -4.9244981e+01	  -4.4393675e+01	  -1.8000000e+02	  -2.5461056e+01	
   4.1900000e+00	  -4.9137456e+01	  -4.4423725e+01	  -1.2810059e+01	  -2.5905416e+01	
   4.2000000e+00	  -4.8932181e+01	  -4.4452607e+01	   1.7773682e+02	  -2.5226645e+01	
   4.2100000e+00	  -4.9763057e+01	  -4.4483267e+01	   1.7586914e+02	  -2.3961226e+01	
   4.2200000e+00	  -4.9029931e+01	  -4.4514041e+01	   1.7299072e+02	  -2.2718598e+01	
   4.2300000e+00	  -4.9978107e+01	  -4.4545296e+01	   1.7307861e+02	  -2.1492492e+01	
   4.2400000e+00	  -5.0036757e+01	  -4.4579508e+01	   1.7052979e+02	  -2.0281772e+01	
   4.2500000e+00	  -4.9274306e+01	  -4.4611302e+01	   1.6811279e+02	  -1.9094188e+01	
   4.2600000e+00	  -4.9088581e+01	  -4.4639927e+01	   1.6426758e+02	  -1.7933654e+01	
   4.2700000e+00	  -4.9127681e+01	  -4.4667914e+01	   1.5725830e+02	  -1.6814383e+01	
   4.2800000e+00	  -4.9596882e+01	  -4.4697317e+01	   1.5862061e+02	  -1.5719807e+01	
   4.2900000e+00	  -4.9323182e+01	  -4.4727148e+01	   1.5424805e+02	  -1.4641515e+01	
   4.3000000e+00	  -4.9499132e+01	  -4.4756487e+01	   1.5242432e+02	  -1.3589382e+01	
   4.3100000e+00	  -4.9176556e+01	  -4.4785182e+01	   1.4594238e+02	  -1.2569850e+01	
   4.3200000e+00	  -4.9352507e+01	  -4.4813239e+01	   1.4464600e+02	  -1.1581064e+01	
   4.3300000e+00	  -4.9039706e+01	  -4.4840691e+01	   1.4216309e+02	  -1.0610308e+01	
   4.3400000e+00	  -4.9508907e+01	  -4.4868461e+01	   1.3921875e+02	  -9.6626281e+00	
   4.3500000e+00	  -4.9675082e+01	  -4.4898047e+01	   1.3502197e+02	  -8.7432486e+00	
   4.3600000e+00	  -4.9323182e+01	  -4.4926866e+01	   1.3231934e+02	  -7.8512351e+00	
   4.3700000e+00	  -4.9342732e+01	  -4.4954464e+01	   1.2919922e+02	  -6.9830442e+00	
   4.3800000e+00	  -4.9362282e+01	  -4.4982011e+01	   1.2509033e+02	  -6.1429308e+00	
   4.3900000e+00	  -4.9469807e+01	  -4.5009784e+01	   1.2634277e+02	  -5.3170252e+00	
   4.4000000e+00	  -4.9694632e+01	  -4.5038423e+01	   1.1876221e+02	  -4.5161108e+00	
   4.4100000e+00	  -4.9205881e+01	  -4.5066057e+01	   1.1665283e+02	  -3.7505596e+00	
   4.4200000e+00	  -4.9244981e+01	  -4.5092109e+01	   1.1313721e+02	  -3.0074197e+00	
   4.4300000e+00	  -4.8785556e+01	  -4.5116682e+01	   1.1199463e+02	  -2.2835228e+00	
   4.4400000e+00	  -4.9088581e+01	  -4.5140611e+01	   1.0454590e+02	  -1.5910660e+00	
   4.4500000e+00	  -4.9225431e+01	  -4.5165768e+01	   1.0208496e+02	  -9.3398116e-01	
   4.4600000e+00	  -4.9323182e+01	  -4.5191502e+01	   9.9887695e+01	  -2.9560041e-01	
   4.4700000e+00	  -4.8805106e+01	  -4.5215758e+01	   9.7229004e+01	   3.2357412e-01	
   4.4800000e+00	  -4.9010381e+01	  -4.5238883e+01	   9.7668457e+01	   9.3192030e-01	
   4.4900000e+00	  -4.9059256e+01	  -4.5262659e+01	   9.2351074e+01	   1.5211796e+00	
   4.5000000e+00	  -4.9000606e+01	  -4.5286256e+01	   9.2065430e+01	   2.0892006e+00	
   4.5100000e+00	  -4.8746456e+01	  -4.5308725e+01	   8.8461914e+01	   2.6414839e+00	
   4.5200000e+00	  -4.9635982e+01	  -4.5333043e+01	   8.1914063e+01	   3.1585163e+00	
   4.5300000e+00	  -4.8912631e+01	  -4.5357729e+01	   7.5695801e+01	   3.6323298e+00	
   4.5400000e+00	  -4.9196106e+01	  -4.5380883e+01	   7.9782715e+01	   4.0965006e+00	
   4.5500000e+00	  -4.9000606e+01	  -4.5404168e+01	   7.4707031e+01	   4.5546676e+00	
   4.5600000e+00	  -5.0515733e+01	  -4.5431439e+01	   7.0180664e+01	   4.9798934e+00	
   4.5700000e+00	  -4.9323182e+01	  -4.5459550e+01	   6.8994141e+01	   5.3845643e+00	
   4.5800000e+00	  -4.9831482e+01	  -4.5485342e+01	   6.2841797e+01	   5.7637170e+00	
   4.5900000e+00	  -4.9078806e+01	  -4.5510207e+01	   6.3237305e+01	   6.1224659e+00	
   4.6000000e+00	  -4.9010381e+01	  -4.5532344e+01	   5.5107422e+01	   6.4547454e+00	
   4.6100000e+00	  -4.9078806e+01	  -4.5554343e+01	   5.3525391e+01	   6.7545283e+00	
   4.6200000e+00	  -4.9968332e+01	  -4.5579205e+01	   5.0339355e+01	   7.0375010e+00	
   4.6300000e+00	  -5.0242032e+01	  -4.5607553e+01	   4.6516113e+01	   7.2967499e+00	
   4.6400000e+00	  -4.9303631e+01	  -4.5633643e+01	   4.5549316e+01	   7.5393737e+00	
   4.6500000e+00	  -4.8805106e+01	  -4.5655069e+01	   4.5922852e+01	   7.7786199e+00	
   4.6600000e+00	  -4.9196106e+01	  -4.5676023e+01	   3.6408691e+01	   7.9877413e+00	
   4.6700000e+00	  -4.8951731e+01	  -4.5697306e+01	   3.8474121e+01	   8.1722251e+00	
   4.6800000e+00	  -4.9293856e+01	  -4.5718762e+01	   3.4013672e+01	   8.3480528e+00	
   4.6900000e+00	  -5.0007432e+01	  -4.5743389e+01	   2.9641113e+01	   8.4951164e+00	
   4.7000000e+00	  -4.9508907e+01	  -4.5768536e+01	   2.6542969e+01	   8.6178623e+00	
   4.7100000e+00	  -4.9235206e+01	  -4.5791107e+01	   2.7751465e+01	   8.7339214e+00	
   4.7200000e+00	  -4.9108131e+01	  -4.5812281e+01	   2.0148926e+01	   8.8292290e+00	
   4.7300000e+00	  -4.8853981e+01	  -4.5832129e+01	   2.0895996e+01	   8.9024698e+00	
   4.7400000e+00	  -4.9293856e+01	  -4.5852434e+01	   1.6787109e+01	   8.9647236e+00	
   4.7500000e+00	  -4.9313406e+01	  -4.5874050e+01	   1.3249512e+01	   9.0026404e+00	
   4.7600000e+00	  -4.9069031e+01	  -4.5894828e+01	   9.9975586e+00	   9.0190564e+00	
   4.7700000e+00	  -4.8277256e+01	  -4.5912230e+01	   5.8007813e+00	   9.0120420e+00	
   4.7800000e+00	  -4.8453206e+01	  -4.5927594e+01	   4.2846680e+00	   8.9871801e+00	
   4.7900000e+00	  -4.9332957e+01	  -4.5946169e+01	  -7.2509766e-01	   8.9420363e+00	
   4.8000000e+00	  -4.9010381e+01	  -4.5966372e+01	  -1.7578125e+00	   8.8782518e+00	
   4.8100000e+00	  -4.8541181e+01	  -4.5983968e+01	  -4.0429688e+00	   8.8044759e+00	
   4.8200000e+00	  -4.8648706e+01	  -4.6000322e+01	  -8.1958008e+00	   8.7109999e+00	
   4.8300000e+00	  -4.8814881e+01	  -4.6017431e+01	  -1.1228027e+01	   8.5956074e+00	
   4.8400000e+00	  -4.8981056e+01	  -4.6035473e+01	  -1.5842285e+01	   8.4569908e+00	
   4.8500000e+00	  -4.9225431e+01	  -4.6054688e+01	  -1.7556152e+01	   8.2994241e+00	
   4.8600000e+00	  -4.8863756e+01	  -4.6073416e+01	  -2.0302734e+01	   8.1288753e+00	
   4.8700000e+00	  -4.9372057e+01	  -4.6092485e+01	  -2.2719727e+01	   7.9432237e+00	
   4.8800000e+00	  -4.8981056e+01	  -4.6111802e+01	  -2.6257324e+01	   7.7400865e+00	
   4.8900000e+00	  -4.9127681e+01	  -4.6130233e+01	  -2.9069824e+01	   7.5183347e+00	
   4.9000000e+00	  -4.8844206e+01	  -4.6148120e+01	  -2.8937988e+01	   7.2895766e+00	
   4.9100000e+00	  -4.8814881e+01	  -4.6164915e+01	  -3.4980469e+01	   7.0437406e+00	
   4.9200000e+00	  -4.8922406e+01	  -4.6181850e+01	  -3.7858887e+01	   6.7715062e+00	
   4.9300000e+00	  -4.8775781e+01	  -4.6198556e+01	  -4.0935059e+01	   6.4823286e+00	
   4.9400000e+00	  -4.8707356e+01	  -4.6214484e+01	  -4.3395996e+01	   6.1776214e+00	
   4.9500000e+00	  -4.8678031e+01	  -4.6230007e+01	  -4.6757813e+01	   5.8565872e+00	
   4.9600000e+00	  -4.8462981e+01	  -4.6244667e+01	  -4.8295898e+01	   5.5222185e+00	
   4.9700000e+00	  -4.8531406e+01	  -4.6258775e+01	  -5.2888184e+01	   5.1707452e+00	
   4.9800000e+00	  -4.8824656e+01	  -4.6273928e+01	  -5.4294434e+01	   4.8026874e+00	
   4.9900000e+00	  -4.8902856e+01	  -4.6290150e+01	  -5.7744141e+01	   4.4217273e+00	
   5.0000000e+00	  -4.9147231e+01	  -4.6307280e+01	  -6.1237793e+01	   4.0214083e+00	
   5.0100000e+00	  -4.8717131e+01	  -4.6323721e+01	  -6.4445801e+01	   3.6026087e+00	
   5.0200000e+00	  -4.7505030e+01	  -4.6334916e+01	  -6.7478027e+01	   3.1668893e+00	
   5.0300000e+00	  -4.6439554e+01	  -4.6338908e+01	  -7.0729980e+01	   2.7142185e+00	
   5.0400000e+00	  -4.5129703e+01	  -4.6335437e+01	  -7.0334473e+01	   2.2554374e+00	
   5.0500000e+00	  -4.2715275e+01	  -4.6320323e+01	  -7.5278320e+01	   1.7852854e+00	
   5.0600000e+00	  -4.1659574e+01	  -4.6294437e+01	  -7.7980957e+01	   1.2941313e+00	
   5.0700000e+00	  -3.9655698e+01	  -4.6259130e+01	  -7.9650879e+01	   7.9235974e-01	
   5.0800000e+00	  -3.8863922e+01	  -4.6215290e+01	  -8.2375488e+01	   2.7996839e-01	
   5.0900000e+00	  -3.7749571e+01	  -4.6165755e+01	  -8.3979492e+01	  -2.4276978e-01	
   5.1000000e+00	  -3.6244219e+01	  -4.6108325e+01	  -8.6176758e+01	  -7.7413844e-01	
   5.1100000e+00	  -3.4142593e+01	  -4.6039959e+01	  -8.7736816e+01	  -1.3139459e+00	
   5.1200000e+00	  -3.2070291e+01	  -4.5958950e+01	  -8.8791504e+01	  -1.8585611e+00	
   5.1300000e+00	  -3.0496514e+01	  -4.5867029e+01	  -9.1384277e+01	  -2.4111880e+00	
   5.1400000e+00	  -2.8404662e+01	  -4.5764204e+01	  -9.4108887e+01	  -2.9770063e+00	
   5.1500000e+00	  -2.6166185e+01	  -4.5648462e+01	  -9.5515137e+01	  -3.5522175e+00	
   5.1600000e+00	  -2.3595358e+01	  -4.5518383e+01	  -9.5383301e+01	  -4.1278169e+00	
   5.1700000e+00	  -2.1884731e+01	  -4.5375710e+01	  -9.7229004e+01	  -4.7051786e+00	
   5.1800000e+00	  -1.9724454e+01	  -4.5221808e+01	  -9.7470703e+01	  -5.2854611e+00	
   5.1900000e+00	  -1.8092028e+01	  -4.5056992e+01	  -9.8986816e+01	  -5.8676141e+00	
   5.2000000e+00	  -1.5648275e+01	  -4.4880443e+01	  -9.8876953e+01	  -6.4505248e+00	
   5.2100000e+00	  -1.4045174e+01	  -4.4692326e+01	  -1.0037109e+02	  -7.0341197e+00	
   5.2200000e+00	  -1.2481173e+01	  -4.4495469e+01	  -1.0083252e+02	  -7.6201836e+00	
   5.2300000e+00	  -1.2158597e+01	  -4.4293936e+01	  -1.0215088e+02	  -8.2081505e+00	
   5.2400000e+00	  -1.0663021e+01	  -4.4087972e+01	  -1.0142578e+02	  -8.7942926e+00	
   5.2500000e+00	  -7.9455684e+00	  -4.3870103e+01	  -1.0516113e+02	  -9.3861908e+00	
   5.2600000e+00	  -7.0755926e+00	  -4.3642364e+01	  -1.0397461e+02	  -9.9823640e+00	
   5.2700000e+00	  -4.8859906e+00	  -4.3406470e+01	  -1.0388672e+02	  -1.0570812e+01	
   5.2800000e+00	  -3.8596146e+00	  -4.3161981e+01	  -1.0437012e+02	  -1.1156813e+01	
   5.2900000e+00	  -2.4520133e+00	  -4.2911402e+01	  -1.0579834e+02	  -1.1745130e+01	
   5.3000000e+00	  -1.3669873e+00	  -4.2654585e+01	  -1.0412842e+02	  -1.2329005e+01	
   5.3100000e+00	  -8.9778688e-01	  -4.2394510e+01	  -1.0357910e+02	  -1.2902273e+01	
   5.3200000e+00	   1.1158650e+00	  -4.2128287e+01	  -1.0351318e+02	  -1.3470023e+01	
   5.3300000e+00	   1.2918151e+00	  -4.1856875e+01	  -1.0338135e+02	  -1.4033598e+01	
   5.3400000e+00	   2.7580665e+00	  -4.1582020e+01	  -1.0226074e+02	  -1.4589721e+01	
   5.3500000e+00	   4.5371181e+00	  -4.1298723e+01	  -1.0118408e+02	  -1.5135479e+01	
   5.3600000e+00	   5.2018187e+00	  -4.1009548e+01	  -1.0195313e+02	  -1.5676855e+01	
   5.3700000e+00	   7.1568205e+00	  -4.0713979e+01	  -1.0076660e+02	  -1.6213533e+01	
   5.3800000e+00	   5.3582189e+00	  -4.0419772e+01	  -9.9030762e+01	  -1.6737698e+01	
   5.3900000e+00	   7.0492954e+00	  -4.0127744e+01	  -1.0061279e+02	  -1.7258097e+01	
   5.4000000e+00	   7.8508462e+00	  -3.9829739e+01	  -1.0052490e+02	  -1.7779916e+01	
   5.4100000e+00	   8.7794720e+00	  -3.9528182e+01	  -1.0155762e+02	  -1.8301426e+01	
   5.4200000e+00	   1.0353248e+01	  -3.9220677e+01	  -9.9140625e+01	  -1.8815334e+01	
   5.4300000e+00	   1.1536025e+01	  -3.8906465e+01	  -9.7822266e+01	  -1.9314325e+01	
   5.4400000e+00	   1.2435325e+01	  -3.8587701e+01	  -9.8085938e+01	  -1.9806888e+01	
   5.4500000e+00	   1.2376675e+01	  -3.8268300e+01	  -9.6723633e+01	  -2.0292924e+01	
   5.4600000e+00	   1.4018877e+01	  -3.7945941e+01	  -9.5866699e+01	  -2.0768966e+01	
   5.4700000e+00	   1.5328728e+01	  -3.7616356e+01	  -9.3273926e+01	  -2.1231223e+01	
   5.4800000e+00	   1.3754952e+01	  -3.7289661e+01	  -9.3867188e+01	  -2.1684323e+01	
   5.4900000e+00	   1.4263252e+01	  -3.6968350e+01	  -9.2087402e+01	  -2.2130868e+01	
   5.5000000e+00	   1.6550604e+01	  -3.6640296e+01	  -9.0109863e+01	  -2.2562850e+01	
   5.5100000e+00	   1.7811580e+01	  -3.6303184e+01	  -9.1054688e+01	  -2.2988891e+01	
   5.5200000e+00	   1.8026631e+01	  -3.5963561e+01	  -8.8637695e+01	  -2.3407654e+01	
   5.5300000e+00	   1.8495831e+01	  -3.5623923e+01	  -8.8000488e+01	  -2.3814229e+01	
   5.5400000e+00	   2.0607233e+01	  -3.5278330e+01	  -8.6945801e+01	  -2.4212958e+01	
   5.5500000e+00	   2.1486984e+01	  -3.4925534e+01	  -8.5561523e+01	  -2.4601552e+01	
   5.5600000e+00	   2.1995284e+01	  -3.4570600e+01	  -8.4243164e+01	  -2.4979248e+01	
   5.5700000e+00	   2.1340359e+01	  -3.4218349e+01	  -8.2880859e+01	  -2.5346182e+01	
   5.5800000e+00	   2.3715686e+01	  -3.3862917e+01	  -8.2023926e+01	  -2.5703869e+01	
   5.5900000e+00	   2.3569061e+01	  -3.3502731e+01	  -7.9672852e+01	  -2.6049268e+01	
   5.6000000e+00	   2.3803661e+01	  -3.3144525e+01	  -7.6025391e+01	  -2.6373718e+01	
   5.6100000e+00	   2.4536787e+01	  -3.2785533e+01	  -7.7958984e+01	  -2.6690768e+01	
   5.6200000e+00	   2.6364713e+01	  -3.2420768e+01	  -7.5410156e+01	  -2.7003906e+01	
   5.6300000e+00	   2.5690238e+01	  -3.2054676e+01	  -7.2949219e+01	  -2.7299393e+01	
   5.6400000e+00	   2.7205364e+01	  -3.1688244e+01	  -7.2202148e+01	  -2.7582982e+01	
   5.6500000e+00	   2.6227863e+01	  -3.1322424e+01	  -7.0773926e+01	  -2.7857982e+01	
   5.6600000e+00	   2.8485890e+01	  -3.0954884e+01	  -6.8400879e+01	  -2.8119356e+01	
   5.6700000e+00	   2.8642290e+01	  -3.0582085e+01	  -6.7192383e+01	  -2.8367876e+01	
   5.6800000e+00	   2.8270840e+01	  -3.0212295e+01	  -6.4116211e+01	  -2.8601420e+01	
   5.6900000e+00	   3.0841667e+01	  -2.9837933e+01	  -6.3215332e+01	  -2.8821047e+01	
   5.7000000e+00	   3.0264942e+01	  -2.9459671e+01	  -6.0974121e+01	  -2.9029457e+01	
   5.7100000e+00	   3.1017618e+01	  -2.9083227e+01	  -5.9392090e+01	  -2.9224589e+01	
   5.7200000e+00	   3.0421342e+01	  -2.8708651e+01	  -5.6975098e+01	  -2.9405975e+01	
   5.7300000e+00	   3.1584568e+01	  -2.8334646e+01	  -5.6425781e+01	  -2.9576934e+01	
   5.7400000e+00	   3.1750743e+01	  -2.7958819e+01	  -5.4140625e+01	  -2.9737946e+01	
   5.7500000e+00	   3.0958967e+01	  -2.7587307e+01	  -5.2580566e+01	  -2.9885907e+01	
   5.7600000e+00	   3.2171069e+01	  -2.7216804e+01	  -5.0361328e+01	  -3.0021106e+01	
   5.7700000e+00	   3.2337244e+01	  -2.6844306e+01	  -4.7416992e+01	  -3.0139287e+01	
   5.7800000e+00	   3.2747794e+01	  -2.6472335e+01	  -4.6713867e+01	  -3.0245304e+01	
   5.7900000e+00	   3.5152446e+01	  -2.6093877e+01	  -4.2978516e+01	  -3.0336757e+01	
   5.8000000e+00	   3.5416372e+01	  -2.5709433e+01	  -4.2209473e+01	  -3.0413531e+01	
   5.8100000e+00	   3.5426147e+01	  -2.5326539e+01	  -3.9770508e+01	  -3.0479776e+01	
   5.8200000e+00	   3.5074246e+01	  -2.4947115e+01	  -3.7573242e+01	  -3.0531088e+01	
   5.8300000e+00	   3.4165170e+01	  -2.4574016e+01	  -3.6254883e+01	  -3.0571068e+01	
   5.8400000e+00	   3.6217922e+01	  -2.4199673e+01	  -3.2937012e+01	  -3.0596278e+01	
   5.8500000e+00	   3.7312723e+01	  -2.3817817e+01	  -2.8564453e+01	  -3.0597245e+01	
   5.8600000e+00	   3.5846472e+01	  -2.3439516e+01	  -2.8630371e+01	  -3.0584719e+01	
   5.8700000e+00	   3.7146548e+01	  -2.3064105e+01	  -2.4565430e+01	  -3.0559748e+01	
   5.8800000e+00	   3.6442748e+01	  -2.2689178e+01	  -2.4016113e+01	  -3.0520482e+01	
   5.8900000e+00	   3.6120172e+01	  -2.2319814e+01	  -2.2302246e+01	  -3.0474374e+01	
   5.9000000e+00	   3.8886500e+01	  -2.1945110e+01	  -1.8325195e+01	  -3.0410732e+01	
   5.9100000e+00	   3.7762374e+01	  -2.1567610e+01	  -1.4897461e+01	  -3.0324300e+01	
   5.9200000e+00	   3.7224748e+01	  -2.1197678e+01	  -1.5600586e+01	  -3.0229875e+01	
   5.9300000e+00	   3.8280449e+01	  -2.0828442e+01	  -1.1315918e+01	  -3.0124826e+01	
   5.9400000e+00	   3.9160200e+01	  -2.0455456e+01	  -9.4042969e+00	  -3.0001029e+01	
   5.9500000e+00	   3.9961751e+01	  -2.0079542e+01	  -6.0424805e+00	  -2.9861492e+01	
   5.9600000e+00	   3.9512100e+01	  -1.9704880e+01	  -6.6357422e+00	  -2.9714159e+01	
   5.9700000e+00	   3.8994025e+01	  -1.9335595e+01	  -2.6147461e+00	  -2.9557014e+01	
   5.9800000e+00	   4.0382076e+01	  -1.8965899e+01	  -5.2734375e-01	  -2.9381723e+01	
   5.9900000e+00	   3.8466174e+01	  -1.8600171e+01	   4.7680664e+00	  -2.9184409e+01	
   6.0000000e+00	   4.0167026e+01	  -1.8237408e+01	   8.3935547e+00	  -2.8960392e+01	
   6.0100000e+00	   3.9619625e+01	  -1.7873304e+01	   7.8222656e+00	  -2.8728214e+01	
   6.0200000e+00	   4.1037002e+01	  -1.7508757e+01	   8.6572266e+00	  -2.8496664e+01	
   6.0300000e+00	   4.1848328e+01	  -1.7139513e+01	   1.3425293e+01	  -2.8249017e+01	
   6.0400000e+00	   3.9981301e+01	  -1.6775888e+01	   1.5380859e+01	  -2.7981865e+01	
   6.0500000e+00	   4.2747628e+01	  -1.6411724e+01	   1.8017578e+01	  -2.7702003e+01	
   6.0600000e+00	   4.2659653e+01	  -1.6041453e+01	   2.0610352e+01	  -2.7407517e+01	
   6.0700000e+00	   4.2131803e+01	  -1.5675430e+01	   2.3356934e+01	  -2.7098154e+01	
   6.0800000e+00	   4.1809227e+01	  -1.5314363e+01	   2.4477539e+01	  -2.6778618e+01	
   6.0900000e+00	   4.3461204e+01	  -1.4951394e+01	   3.1025391e+01	  -2.6437067e+01	
   6.1000000e+00	   4.2659653e+01	  -1.4588036e+01	   3.3178711e+01	  -2.6070406e+01	
   6.1100000e+00	   4.2962679e+01	  -1.4228514e+01	   3.1069336e+01	  -2.5705904e+01	
   6.1200000e+00	   4.3089754e+01	  -1.3869898e+01	   3.6298828e+01	  -2.5333913e+01	
   6.1300000e+00	   4.3070204e+01	  -1.3513190e+01	   3.9067383e+01	  -2.4939204e+01	
   6.1400000e+00	   4.3207054e+01	  -1.3158350e+01	   4.1726074e+01	  -2.4529970e+01	
   6.1500000e+00	   4.3568729e+01	  -1.2804171e+01	   4.3923340e+01	  -2.4108092e+01	
   6.1600000e+00	   4.2425053e+01	  -1.2454660e+01	   4.8713379e+01	  -2.3666974e+01	
   6.1700000e+00	   4.3852204e+01	  -1.2106449e+01	   5.3745117e+01	  -2.3197860e+01	
   6.1800000e+00	   4.3822879e+01	  -1.1756043e+01	   5.3503418e+01	  -2.2716682e+01	
   6.1900000e+00	   4.3852204e+01	  -1.1407831e+01	   5.6447754e+01	  -2.2230054e+01	
   6.2000000e+00	   4.3695804e+01	  -1.1062198e+01	   5.7436523e+01	  -2.1734157e+01	
   6.2100000e+00	   4.5152281e+01	  -1.0714658e+01	   6.4467773e+01	  -2.1216249e+01	
   6.2200000e+00	   4.5367331e+01	  -1.0364060e+01	   6.6225586e+01	  -2.0674060e+01	
   6.2300000e+00	   4.5836531e+01	  -1.0013516e+01	   6.9697266e+01	  -2.0118889e+01	
   6.2400000e+00	   4.3490529e+01	  -9.6710446e+00	   7.3322754e+01	  -1.9544969e+01	
   6.2500000e+00	   4.2904028e+01	  -9.3399023e+00	   7.4377441e+01	  -1.8959986e+01	
   6.2600000e+00	   4.4516905e+01	  -9.0076198e+00	   7.7937012e+01	  -1.8364217e+01	
   6.2700000e+00	   4.5660581e+01	  -8.6687857e+00	   8.0375977e+01	  -1.7753393e+01	
   6.2800000e+00	   4.5074080e+01	  -8.3303290e+00	   7.9584961e+01	  -1.7141234e+01	
   6.2900000e+00	   4.4204105e+01	  -7.9985535e+00	   8.6308594e+01	  -1.6514330e+01	
   6.3000000e+00	   4.4956780e+01	  -7.6692234e+00	   8.9956055e+01	  -1.5858873e+01	
   6.3100000e+00	   4.4819930e+01	  -7.3400275e+00	   9.2460938e+01	  -1.5188253e+01	
   6.3200000e+00	   4.5650806e+01	  -7.0107201e+00	   9.4328613e+01	  -1.4508140e+01	
   6.3300000e+00	   4.7009532e+01	  -6.6766179e+00	   9.9096680e+01	  -1.3811506e+01	
   6.3400000e+00	   4.5572606e+01	  -6.3448533e+00	   1.0052490e+02	  -1.3099829e+01	
   6.3500000e+00	   4.5650806e+01	  -6.0194219e+00	   1.0074463e+02	  -1.2387449e+01	
   6.3600000e+00	   4.6295957e+01	  -5.6937635e+00	   1.0445801e+02	  -1.1667214e+01	
   6.3700000e+00	   4.7185482e+01	  -5.3653386e+00	   1.1025879e+02	  -1.0921694e+01	
   6.3800000e+00	   4.6442582e+01	  -5.0385116e+00	   1.1175293e+02	  -1.0157997e+01	
   6.3900000e+00	   4.4702630e+01	  -4.7215075e+00	   1.1551025e+02	  -9.3826372e+00	
   6.4000000e+00	   4.6432807e+01	  -4.4065195e+00	   1.2058594e+02	  -8.5844712e+00	
   6.4100000e+00	   4.7048632e+01	  -4.0861573e+00	   1.2234375e+02	  -7.7699036e+00	
   6.4200000e+00	   4.7283233e+01	  -3.7651383e+00	   1.2484863e+02	  -6.9470883e+00	
   6.4300000e+00	   4.7498283e+01	  -3.4447219e+00	   1.2669434e+02	  -6.1158018e+00	
   6.4400000e+00	   4.6745607e+01	  -3.1279962e+00	   1.3497803e+02	  -5.2579991e+00	
   6.4500000e+00	   4.6481682e+01	  -2.8164380e+00	   1.3462646e+02	  -4.3807278e+00	
   6.4600000e+00	   4.6491457e+01	  -2.5076272e+00	   1.4097656e+02	  -3.4901653e+00	
   6.4700000e+00	   4.7019307e+01	  -2.1990669e+00	   1.3807617e+02	  -2.5943771e+00	
   6.4800000e+00	   4.6520782e+01	  -1.8923475e+00	   1.4280029e+02	  -1.6984883e+00	
   6.4900000e+00	   4.7390758e+01	  -1.5863860e+00	   1.4824951e+02	  -7.7635043e-01	
   6.5000000e+00	   4.6843357e+01	  -1.2813305e+00	   1.4910645e+02	   1.5976102e-01	
   6.5100000e+00	   4.5856081e+01	  -9.8299211e-01	   1.5229248e+02	   1.1026707e+00	
   6.5200000e+00	   4.6794482e+01	  -6.8667540e-01	   1.5710449e+02	   2.0647225e+00	
   6.5300000e+00	   4.6774932e+01	  -3.8933704e-01	   1.5945557e+02	   3.0431815e+00	
   6.5400000e+00	   4.5807206e+01	  -9.6952988e-02	   1.6160889e+02	   4.0296186e+00	
   6.5500000e+00	   4.7244132e+01	   1.9506913e-01	   1.6714600e+02	   5.0339618e+00	
   6.5600000e+00	   4.8202083e+01	   4.9276236e-01	   1.6938721e+02	   6.0563741e+00	
   6.5700000e+00	   4.6970432e+01	   7.8773381e-01	   1.7375977e+02	   7.0930952e+00	
   6.5800000e+00	   4.6423032e+01	   1.0752861e+00	   1.7444092e+02	   8.1391498e+00	
   6.5900000e+00	   4.7214807e+01	   1.3618027e+00	   1.7639648e+02	   9.1869101e+00	
   6.6000000e+00	   4.8954759e+01	   1.6544534e+00	   1.7861572e+02	   1.0241182e+01	
   6.6100000e+00	   4.6139556e+01	   1.9419037e+00	   1.7483643e+02	   1.1283965e+01	
   6.6200000e+00	   4.7449408e+01	   2.2228391e+00	  -1.3029785e+01	   1.1720028e+01	
   6.6300000e+00	   4.7899058e+01	   2.5075252e+00	  -1.8000000e+02	   1.1042095e+01	
   6.6400000e+00	   4.7938158e+01	   2.7919588e+00	  -1.8000000e+02	   9.8454977e+00	
   6.6500000e+00	   4.6442582e+01	   3.0700495e+00	  -1.8000000e+02	   8.6563950e+00	
   6.6600000e+00	   4.6833582e+01	   3.3429391e+00	  -1.8000000e+02	   7.4747403e+00	
   6.6700000e+00	   4.9032959e+01	   3.6222319e+00	  -1.7613281e+02	   6.3125981e+00	
   6.6800000e+00	   4.8084783e+01	   3.9036938e+00	  -1.7613281e+02	   5.1698460e+00	
   6.6900000e+00	   4.8456234e+01	   4.1815866e+00	  -1.7318848e+02	   4.0434727e+00	
   6.7000000e+00	   4.8104333e+01	   4.4578001e+00	  -1.6916748e+02	   2.9459681e+00	
   6.7100000e+00	   4.9032959e+01	   4.7340896e+00	  -1.6422363e+02	   1.8834136e+00	
   6.7200000e+00	   4.7664458e+01	   5.0072710e+00	  -1.6389404e+02	   8.4402957e-01	
   6.7300000e+00	   4.8593084e+01	   5.2773638e+00	  -1.5886230e+02	  -1.7205381e-01	
   6.7400000e+00	   4.8436684e+01	   5.5481832e+00	  -1.5473145e+02	  -1.1530778e+00	
   6.7500000e+00	   4.7615583e+01	   5.8142450e+00	  -1.5719238e+02	  -2.1227274e+00	
   6.7600000e+00	   4.9248009e+01	   6.0811813e+00	  -1.5031494e+02	  -3.0724721e+00	
   6.7700000e+00	   4.9228459e+01	   6.3514967e+00	  -1.4633789e+02	  -3.9822743e+00	
   6.7800000e+00	   4.8172758e+01	   6.6167516e+00	  -1.4411865e+02	  -4.8669726e+00	
   6.7900000e+00	   4.8065233e+01	   6.8767021e+00	  -1.3987793e+02	  -5.7258985e+00	
   6.8000000e+00	   4.6540332e+01	   7.1299120e+00	  -1.3809814e+02	  -6.5605897e+00	
   6.8100000e+00	   4.7097507e+01	   7.3785052e+00	  -1.3605469e+02	  -7.3780793e+00	
   6.8200000e+00	   4.8690834e+01	   7.6322762e+00	  -1.3346191e+02	  -8.1759289e+00	
   6.8300000e+00	   4.8211858e+01	   7.8879476e+00	  -1.2994629e+02	  -8.9496512e+00	
   6.8400000e+00	   4.8065233e+01	   8.1400584e+00	  -1.2697998e+02	  -9.6982273e+00	
   6.8500000e+00	   4.8084783e+01	   8.3901921e+00	  -1.2416748e+02	  -1.0424017e+01	
   6.8600000e+00	   4.7038857e+01	   8.6355447e+00	  -1.2095947e+02	  -1.1126405e+01	
   6.8700000e+00	   4.8769034e+01	   8.8815034e+00	  -1.1764160e+02	  -1.1803957e+01	
   6.8800000e+00	   4.7253908e+01	   9.1265951e+00	  -1.1555420e+02	  -1.2460337e+01	
   6.8900000e+00	   4.7449408e+01	   9.3660189e+00	  -1.1329102e+02	  -1.3098981e+01	
   6.9000000e+00	   4.9013409e+01	   9.6094534e+00	  -1.0790771e+02	  -1.3709677e+01	
   6.9100000e+00	   4.6305732e+01	   9.8477813e+00	  -1.0661133e+02	  -1.4295629e+01	
   6.9200000e+00	   4.8407359e+01	   1.0082719e+01	  -1.0259033e+02	  -1.4861258e+01	
   6.9300000e+00	   4.8045683e+01	   1.0321633e+01	  -1.0021729e+02	  -1.5403320e+01	
   6.9400000e+00	   4.8397584e+01	   1.0559021e+01	  -9.6174316e+01	  -1.5921893e+01	
   6.9500000e+00	   4.7791533e+01	   1.0794126e+01	  -9.3889160e+01	  -1.6417400e+01	
   6.9600000e+00	   4.8475784e+01	   1.1028003e+01	  -9.1889648e+01	  -1.6896385e+01	
   6.9700000e+00	   4.9150259e+01	   1.1264671e+01	  -8.8242188e+01	  -1.7354684e+01	
   6.9800000e+00	   4.8397584e+01	   1.1499611e+01	  -8.5166016e+01	  -1.7789056e+01	
   6.9900000e+00	   4.8495334e+01	   1.1731029e+01	  -8.2419434e+01	  -1.8202472e+01	
   7.0000000e+00	   4.8436684e+01	   1.1961119e+01	  -7.9387207e+01	  -1.8595200e+01	
   7.0100000e+00	   4.8671284e+01	   1.2190320e+01	  -7.7277832e+01	  -1.8969367e+01	
   7.0200000e+00	   4.6012481e+01	   1.2410492e+01	  -7.4860840e+01	  -1.9327014e+01	
   7.0300000e+00	   4.7390758e+01	   1.2625276e+01	  -7.1806641e+01	  -1.9665287e+01	
   7.0400000e+00	   4.7703558e+01	   1.2844010e+01	  -6.6884766e+01	  -1.9976461e+01	
   7.0500000e+00	   4.7918608e+01	   1.3063027e+01	  -6.4072266e+01	  -2.0261465e+01	
   7.0600000e+00	   4.6129781e+01	   1.3275744e+01	  -6.3852539e+01	  -2.0535187e+01	
   7.0700000e+00	   4.8250958e+01	   1.3488169e+01	  -5.8732910e+01	  -2.0790473e+01	
   7.0800000e+00	   4.7947933e+01	   1.3704958e+01	  -5.7524414e+01	  -2.1024342e+01	
   7.0900000e+00	   4.8378034e+01	   1.3920787e+01	  -5.3833008e+01	  -2.1241400e+01	
   7.1000000e+00	   5.0176635e+01	   1.4142244e+01	  -5.2009277e+01	  -2.1439827e+01	
   7.1100000e+00	   5.0000685e+01	   1.4367395e+01	  -4.9328613e+01	  -2.1622905e+01	
   7.1200000e+00	   4.8505109e+01	   1.4585901e+01	  -4.4055176e+01	  -2.1779925e+01	
   7.1300000e+00	   4.8524659e+01	   1.4798417e+01	  -4.1616211e+01	  -2.1911809e+01	
   7.1400000e+00	   4.8006583e+01	   1.5008039e+01	  -3.8583984e+01	  -2.2025731e+01	
   7.1500000e+00	   4.8006583e+01	   1.5214727e+01	  -3.4914551e+01	  -2.2117953e+01	
   7.1600000e+00	   4.9599910e+01	   1.5425109e+01	  -3.3068848e+01	  -2.2192324e+01	
   7.1700000e+00	   4.7175707e+01	   1.5631572e+01	  -3.1464844e+01	  -2.2255426e+01	
   7.1800000e+00	   4.8553984e+01	   1.5833466e+01	  -2.7685547e+01	  -2.2301274e+01	
   7.1900000e+00	   4.8710384e+01	   1.6038902e+01	  -2.6015625e+01	  -2.2329769e+01	
   7.2000000e+00	   4.9599910e+01	   1.6246326e+01	  -2.2258301e+01	  -2.2341088e+01	
   7.2100000e+00	   5.0254835e+01	   1.6457289e+01	  -1.6655273e+01	  -2.2323022e+01	
   7.2200000e+00	   4.9101384e+01	   1.6665368e+01	  -1.5644531e+01	  -2.2284357e+01	
   7.2300000e+00	   4.9384859e+01	   1.6869420e+01	  -1.2612305e+01	  -2.2233272e+01	
   7.2400000e+00	   4.8661509e+01	   1.7070816e+01	  -1.1513672e+01	  -2.2169570e+01	
   7.2500000e+00	   4.9570585e+01	   1.7271532e+01	  -6.5917969e+00	  -2.2087412e+01	
   7.2600000e+00	   5.0000685e+01	   1.7475185e+01	  -3.2080078e+00	  -2.1979758e+01	
   7.2700000e+00	   4.9150259e+01	   1.7676246e+01	  -5.7128906e-01	  -2.1853923e+01	
   7.2800000e+00	   4.9023184e+01	   1.7872986e+01	   2.1972656e+00	  -2.1711948e+01	
   7.2900000e+00	   4.8808134e+01	   1.8067423e+01	   4.5483398e+00	  -2.1554829e+01	
   7.3000000e+00	   4.8915659e+01	   1.8260305e+01	   1.1645508e+01	  -2.1369104e+01	
   7.3100000e+00	   4.8426909e+01	   1.8450785e+01	   1.3754883e+01	  -2.1155710e+01	
   7.3200000e+00	   4.8153208e+01	   1.8637684e+01	   1.3952637e+01	  -2.0936427e+01	
   7.3300000e+00	   4.9355534e+01	   1.8826321e+01	   1.8105469e+01	  -2.0704893e+01	
   7.3400000e+00	   4.8290058e+01	   1.9014205e+01	   2.4125977e+01	  -2.0442948e+01	
   7.3500000e+00	   4.8544209e+01	   1.9198371e+01	   2.5554199e+01	  -2.0159317e+01	
   7.3600000e+00	   5.0117985e+01	   1.9387108e+01	   2.5532227e+01	  -1.9873058e+01	
   7.3700000e+00	   4.8798359e+01	   1.9575459e+01	   3.1003418e+01	  -1.9571526e+01	
   7.3800000e+00	   4.8759259e+01	   1.9758375e+01	   3.3244629e+01	  -1.9247729e+01	
   7.3900000e+00	   4.8954759e+01	   1.9940635e+01	   3.5156250e+01	  -1.8912955e+01	
   7.4000000e+00	   4.8299833e+01	   2.0120315e+01	   3.5244141e+01	  -1.8574016e+01	
   7.4100000e+00	   4.9013409e+01	   2.0299053e+01	   4.2890625e+01	  -1.8212977e+01	
   7.4200000e+00	   4.8524659e+01	   2.0477375e+01	   4.3308105e+01	  -1.7828946e+01	
   7.4300000e+00	   4.8123883e+01	   2.0651795e+01	   4.7438965e+01	  -1.7433075e+01	
   7.4400000e+00	   4.8075008e+01	   2.0823714e+01	   5.4624023e+01	  -1.7004246e+01	
   7.4500000e+00	   4.8514884e+01	   2.0995781e+01	   5.1921387e+01	  -1.6564064e+01	
   7.4600000e+00	   4.8886334e+01	   2.1169311e+01	   5.9589844e+01	  -1.6111088e+01	
   7.4700000e+00	   4.8417134e+01	   2.1341448e+01	   6.1589355e+01	  -1.5630671e+01	
   7.4800000e+00	   4.8358484e+01	   2.1510854e+01	   6.5983887e+01	  -1.5133238e+01	
   7.4900000e+00	   4.9228459e+01	   2.1681739e+01	   6.6313477e+01	  -1.4624126e+01	
   7.5000000e+00	   4.8544209e+01	   2.1852136e+01	   6.6752930e+01	  -1.4115795e+01	
   7.5100000e+00	   4.7644908e+01	   2.2016506e+01	   7.4729004e+01	  -1.3584293e+01	
   7.5200000e+00	   4.9726985e+01	   2.2183551e+01	   7.7563477e+01	  -1.3022263e+01	
   7.5300000e+00	   4.9248009e+01	   2.2354570e+01	   7.9343262e+01	  -1.2449303e+01	
   7.5400000e+00	   4.9150259e+01	   2.2522712e+01	   8.2705078e+01	  -1.1863829e+01	
   7.5500000e+00	   4.8915659e+01	   2.2688759e+01	   8.9868164e+01	  -1.1249061e+01	
   7.5600000e+00	   4.8397584e+01	   2.2851410e+01	   8.6352539e+01	  -1.0626720e+01	
   7.5700000e+00	   4.9414184e+01	   2.3014603e+01	   9.1999512e+01	  -1.0001603e+01	
   7.5800000e+00	   4.9062284e+01	   2.3178855e+01	   9.3493652e+01	  -9.3580366e+00	
   7.5900000e+00	   4.8827684e+01	   2.3340242e+01	   9.3955078e+01	  -8.7123771e+00	
   7.6000000e+00	   4.8202083e+01	   2.3497924e+01	   1.0226074e+02	  -8.0433052e+00	
   7.6100000e+00	   5.0176635e+01	   2.3658843e+01	   1.0421631e+02	  -7.3462882e+00	
   7.6200000e+00	   4.8045683e+01	   2.3818265e+01	   1.0751221e+02	  -6.6371908e+00	
   7.6300000e+00	   4.9130709e+01	   2.3973412e+01	   1.1192871e+02	  -5.9083813e+00	
   7.6400000e+00	   4.8710384e+01	   2.4129669e+01	   1.1315918e+02	  -5.1664518e+00	
   7.6500000e+00	   4.9003634e+01	   2.4284549e+01	   1.1395020e+02	  -4.4228386e+00	
   7.6600000e+00	   5.0284160e+01	   2.4443388e+01	   1.1968506e+02	  -3.6634455e+00	
   7.6700000e+00	   4.9785635e+01	   2.4603681e+01	   1.2383789e+02	  -2.8778429e+00	
   7.6800000e+00	   4.9893160e+01	   2.4761746e+01	   1.2816650e+02	  -2.0705991e+00	
   7.6900000e+00	   4.8993859e+01	   2.4916341e+01	   1.2816650e+02	  -1.2548553e+00	
   7.7000000e+00	   4.7693783e+01	   2.5063080e+01	   1.3236328e+02	  -4.3107761e-01	
   7.7100000e+00	   4.9932260e+01	   2.5211838e+01	   1.3686768e+02	   4.1479033e-01	
   7.7200000e+00	   5.0166860e+01	   2.5367410e+01	   1.4181152e+02	   1.2849498e+00	
   7.7300000e+00	   4.9726985e+01	   2.5521364e+01	   1.4515137e+02	   2.1756016e+00	
   7.7400000e+00	   4.7605808e+01	   2.5666334e+01	   1.4528320e+02	   3.0715473e+00	
   7.7500000e+00	   4.7058407e+01	   2.5802038e+01	   1.5106201e+02	   3.9803919e+00	
   7.7600000e+00	   4.9335984e+01	   2.5942311e+01	   1.4875488e+02	   4.8944164e+00	
   7.7700000e+00	   4.8944984e+01	   2.6087613e+01	   1.5277588e+02	   5.8080834e+00	
   7.7800000e+00	   5.0274385e+01	   2.6234944e+01	   1.6022461e+02	   6.7519480e+00	
   7.7900000e+00	   4.9140484e+01	   2.6381965e+01	   1.6472900e+02	   7.7273351e+00	
   7.8000000e+00	   4.8123883e+01	   2.6521330e+01	   1.6606934e+02	   8.7149171e+00	
   7.8100000e+00	   4.8641959e+01	   2.6658261e+01	   1.6686035e+02	   9.7029883e+00	
   7.8200000e+00	   5.0205960e+01	   2.6800854e+01	   1.7439697e+02	   1.0710951e+01	
   7.8300000e+00	   4.9365309e+01	   2.6944820e+01	   1.7683594e+02	   1.1743841e+01	
   7.8400000e+00	   4.8778809e+01	   2.7083415e+01	   1.7455078e+02	   1.2770744e+01	
   7.8500000e+00	   4.9150259e+01	   2.7220468e+01	   1.7863770e+02	   1.3796857e+01	
   7.8600000e+00	   4.8485559e+01	   2.7355744e+01	  -1.2678223e+01	   1.4230186e+01	
   7.8700000e+00	   4.8866784e+01	   2.7489285e+01	  -1.1425781e+01	   1.4065566e+01	
   7.8800000e+00	   4.9629235e+01	   2.7625571e+01	  -1.8000000e+02	   1.3377966e+01	
   7.8900000e+00	   4.9805185e+01	   2.7763943e+01	  -1.8000000e+02	   1.2166738e+01	
   7.9000000e+00	   4.7850183e+01	   2.7895876e+01	  -1.8000000e+02	   1.0963096e+01	
   7.9100000e+00	   4.9932260e+01	   2.8027381e+01	  -1.7982422e+02	   9.7675434e+00	
   7.9200000e+00	   4.9756310e+01	   2.8164032e+01	  -1.7644043e+02	   8.5906273e+00	
   7.9300000e+00	   4.8827684e+01	   2.8296368e+01	  -1.7310059e+02	   7.4421396e+00	
   7.9400000e+00	   4.8876559e+01	   2.8425119e+01	  -1.6833252e+02	   6.3262375e+00	
   7.9500000e+00	   4.7136607e+01	   2.8547768e+01	  -1.6626709e+02	   5.2387259e+00	
   7.9600000e+00	   4.7850183e+01	   2.8666435e+01	  -1.6468506e+02	   4.1694489e+00	
   7.9700000e+00	   4.7967483e+01	   2.8786960e+01	  -1.5862061e+02	   3.1308163e+00	
   7.9800000e+00	   5.0020235e+01	   2.8913526e+01	  -1.5679688e+02	   2.1233932e+00	
   7.9900000e+00	   4.8739709e+01	   2.9041719e+01	  -1.5358887e+02	   1.1380383e+00	
   8.0000000e+00	   4.7097507e+01	   2.9159955e+01	  -1.5097412e+02	   1.7709065e-01	
   8.0100000e+00	   4.7117057e+01	   2.9272368e+01	  -1.4989746e+02	  -7.6627742e-01	
   8.0200000e+00	   4.8026133e+01	   2.9386986e+01	  -1.4631592e+02	  -1.6891483e+00	
   8.0300000e+00	   4.9990910e+01	   2.9509886e+01	  -1.3979004e+02	  -2.5745847e+00	
   8.0400000e+00	   4.9287109e+01	   2.9635965e+01	  -1.4130615e+02	  -3.4387857e+00	
   8.0500000e+00	   5.0147310e+01	   2.9761745e+01	  -1.3781250e+02	  -4.2913806e+00	
   8.0600000e+00	   4.9814960e+01	   2.9888389e+01	  -1.3185791e+02	  -5.1090455e+00	
   8.0700000e+00	   4.7488508e+01	   3.0005914e+01	  -1.3148438e+02	  -5.9017708e+00	
   8.0800000e+00	   4.8974309e+01	   3.0120070e+01	  -1.2799072e+02	  -6.6774197e+00	
   8.0900000e+00	   4.9169809e+01	   3.0238776e+01	  -1.2423340e+02	  -7.4255020e+00	
   8.1000000e+00	   4.9775860e+01	   3.0359249e+01	  -1.1926758e+02	  -8.1415798e+00	
   8.1100000e+00	   4.8505109e+01	   3.0476886e+01	  -1.1753174e+02	  -8.8321844e+00	
   8.1200000e+00	   4.8065233e+01	   3.0588429e+01	  -1.1632324e+02	  -9.5092424e+00	
   8.1300000e+00	   4.8524659e+01	   3.0699334e+01	  -1.1344482e+02	  -1.0169260e+01	
   8.1400000e+00	   4.8896109e+01	   3.0812147e+01	  -1.0808350e+02	  -1.0799339e+01	
   8.1500000e+00	   4.8241183e+01	   3.0923365e+01	  -1.0795166e+02	  -1.1408269e+01	
   8.1600000e+00	   4.9189359e+01	   3.1034805e+01	  -1.0256836e+02	  -1.1996112e+01	
   8.1700000e+00	   4.8006583e+01	   3.1144813e+01	  -1.0012939e+02	  -1.2555775e+01	
   8.1800000e+00	   4.9922485e+01	   3.1256427e+01	  -9.7580566e+01	  -1.3096313e+01	
   8.1900000e+00	   4.8534434e+01	   3.1368995e+01	  -9.3801270e+01	  -1.3613646e+01	
   8.2000000e+00	   4.8094558e+01	   3.1475134e+01	  -9.2395020e+01	  -1.4111500e+01	
   8.2100000e+00	   4.7752433e+01	   3.1578159e+01	  -8.8703613e+01	  -1.4590270e+01	
   8.2200000e+00	   5.0078885e+01	   3.1686753e+01	  -8.5693359e+01	  -1.5045054e+01	
   8.2300000e+00	   4.9902935e+01	   3.1801401e+01	  -8.3232422e+01	  -1.5479855e+01	
   8.2400000e+00	   4.9502160e+01	   3.1913526e+01	  -7.9782715e+01	  -1.5893421e+01	
   8.2500000e+00	   4.8788584e+01	   3.2021458e+01	  -7.5036621e+01	  -1.6278730e+01	
   8.2600000e+00	   4.8456234e+01	   3.2125438e+01	  -7.3937988e+01	  -1.6643321e+01	
   8.2700000e+00	   4.9521710e+01	   3.2231064e+01	  -7.2531738e+01	  -1.6997784e+01	
   8.2800000e+00	   4.8172758e+01	   3.2335140e+01	  -6.7060547e+01	  -1.7328488e+01	
   8.2900000e+00	   4.7869733e+01	   3.2433390e+01	  -6.6115723e+01	  -1.7637027e+01	
   8.3000000e+00	   4.8035908e+01	   3.2530596e+01	  -6.2885742e+01	  -1.7930559e+01	
   8.3100000e+00	   4.7908833e+01	   3.2627316e+01	  -5.8535156e+01	  -1.8198512e+01	
   8.3200000e+00	   5.0469885e+01	   3.2731053e+01	  -5.7326660e+01	  -1.8447377e+01	
   8.3300000e+00	   4.8094558e+01	   3.2834722e+01	  -5.3327637e+01	  -1.8678375e+01	
   8.3400000e+00	   4.8622409e+01	   3.2931955e+01	  -4.8933105e+01	  -1.8881639e+01	
   8.3500000e+00	   4.8123883e+01	   3.3028672e+01	  -4.7460938e+01	  -1.9065256e+01	
   8.3600000e+00	   4.8006583e+01	   3.3122854e+01	  -4.3374023e+01	  -1.9230314e+01	
   8.3700000e+00	   4.8641959e+01	   3.3218068e+01	  -4.1110840e+01	  -1.9374451e+01	
   8.3800000e+00	   5.0538311e+01	   3.3320615e+01	  -3.8078613e+01	  -1.9501101e+01	
   8.3900000e+00	   4.8016358e+01	   3.3420560e+01	  -3.5024414e+01	  -1.9607897e+01	
   8.4000000e+00	   4.9883385e+01	   3.3517829e+01	  -3.3991699e+01	  -1.9701225e+01	
   8.4100000e+00	   4.8671284e+01	   3.3616539e+01	  -2.8762207e+01	  -1.9774356e+01	
   8.4200000e+00	   4.8573534e+01	   3.3710528e+01	  -2.9443359e+01	  -1.9832785e+01	
   8.4300000e+00	   5.0000685e+01	   3.3808093e+01	  -2.4587402e+01	  -1.9877773e+01	
   8.4400000e+00	   4.9423960e+01	   3.3907709e+01	  -2.0544434e+01	  -1.9894611e+01	
   8.4500000e+00	   4.7908833e+01	   3.4000151e+01	  -1.9885254e+01	  -1.9896616e+01	
   8.4600000e+00	   4.9042734e+01	   3.4090819e+01	  -1.6721191e+01	  -1.9886636e+01	
   8.4700000e+00	   4.6921557e+01	   3.4177828e+01	  -1.4128418e+01	  -1.9858689e+01	
   8.4800000e+00	   4.7048632e+01	   3.4258047e+01	  -1.0327148e+01	  -1.9810893e+01	
   8.4900000e+00	   4.7244132e+01	   3.4338773e+01	  -8.1958008e+00	  -1.9744816e+01	
   8.5000000e+00	   4.8436684e+01	   3.4423341e+01	  -3.2519531e+00	  -1.9656996e+01	
   8.5100000e+00	   4.9052509e+01	   3.4513043e+01	   9.0087891e-01	  -1.9541237e+01	
   8.5200000e+00	   4.7674233e+01	   3.4599795e+01	   1.3623047e+00	  -1.9411752e+01	
   8.5300000e+00	   4.8700609e+01	   3.4684901e+01	   5.4711914e+00	  -1.9268765e+01	
   8.5400000e+00	   5.0499210e+01	   3.4778322e+01	   9.5581055e+00	  -1.9101006e+01	
   8.5500000e+00	   4.8260733e+01	   3.4869780e+01	   1.1535645e+01	  -1.8915306e+01	
   8.5600000e+00	   4.8612634e+01	   3.4954756e+01	   1.4238281e+01	  -1.8716111e+01	
   8.5700000e+00	   4.7899058e+01	   3.5038068e+01	   1.8479004e+01	  -1.8496420e+01	
   8.5800000e+00	   4.7517833e+01	   3.5117429e+01	   2.0720215e+01	  -1.8257804e+01	
   8.5900000e+00	   4.8153208e+01	   3.5197089e+01	   2.4741211e+01	  -1.8001071e+01	
   8.6000000e+00	   4.7703558e+01	   3.5276832e+01	   2.5708008e+01	  -1.7730326e+01	
   8.6100000e+00	   4.8368259e+01	   3.5356749e+01	   3.0080566e+01	  -1.7444555e+01	
   8.6200000e+00	   4.8104333e+01	   3.5437420e+01	   3.2145996e+01	  -1.7140412e+01	
   8.6300000e+00	   4.8583309e+01	   3.5518260e+01	   3.5156250e+01	  -1.6822277e+01	
   8.6400000e+00	   4.7253908e+01	   3.5595930e+01	   4.0737305e+01	  -1.6479230e+01	
   8.6500000e+00	   4.9111159e+01	   3.5674767e+01	   4.2385254e+01	  -1.6115692e+01	
   8.6600000e+00	   4.8026133e+01	   3.5755528e+01	   4.4011230e+01	  -1.5744177e+01	
   8.6700000e+00	   4.9032959e+01	   3.5835538e+01	   4.6054688e+01	  -1.5363498e+01	
   8.6800000e+00	   4.8866784e+01	   3.5917680e+01	   5.3745117e+01	  -1.4954719e+01	
   8.6900000e+00	   4.7312558e+01	   3.5993920e+01	   5.1899414e+01	  -1.4530195e+01	
   8.7000000e+00	   4.9433735e+01	   3.6071457e+01	   5.7194824e+01	  -1.4097528e+01	
   8.7100000e+00	   4.9668335e+01	   3.6155887e+01	   5.9985352e+01	  -1.3642247e+01	
   8.7200000e+00	   4.8661509e+01	   3.6237370e+01	   6.6071777e+01	  -1.3162017e+01	
   8.7300000e+00	   4.8329158e+01	   3.6314148e+01	   6.2885742e+01	  -1.2675712e+01	
   8.7400000e+00	   4.6960657e+01	   3.6385118e+01	   7.0356445e+01	  -1.2179034e+01	
   8.7500000e+00	   4.6589207e+01	   3.6450195e+01	   7.3476563e+01	  -1.1652299e+01	
   8.7600000e+00	   4.8710384e+01	   3.6520344e+01	   7.4179688e+01	  -1.1116890e+01	
   8.7700000e+00	   4.9541260e+01	   3.6599299e+01	   7.9277344e+01	  -1.0566668e+01	
   8.7800000e+00	   4.8446459e+01	   3.6676933e+01	   8.2067871e+01	  -9.9951881e+00	
   8.7900000e+00	   4.8602859e+01	   3.6751141e+01	   8.8395996e+01	  -9.3987303e+00	
   8.8000000e+00	   4.6814032e+01	   3.6819773e+01	   8.9824219e+01	  -8.7817174e+00	
   8.8100000e+00	   5.0352585e+01	   3.6893454e+01	   9.3999023e+01	  -8.1510218e+00	
   8.8200000e+00	   4.8006583e+01	   3.6970408e+01	   9.4306641e+01	  -7.5102387e+00	
   8.8300000e+00	   4.8905884e+01	   3.7042350e+01	   9.7426758e+01	  -6.8627343e+00	
   8.8400000e+00	   4.8084783e+01	   3.7114086e+01	   1.0498535e+02	  -6.1858424e+00	
   8.8500000e+00	   4.8974309e+01	   3.7185587e+01	   1.0634766e+02	  -5.4852520e+00	
   8.8600000e+00	   4.7605808e+01	   3.7255140e+01	   1.0753418e+02	  -4.7810675e+00	
   8.8700000e+00	   4.7996808e+01	   3.7321197e+01	   1.1157715e+02	  -4.0649161e+00	
   8.8800000e+00	   4.7654683e+01	   3.7386992e+01	   1.1399414e+02	  -3.3330193e+00	
   8.8900000e+00	   4.9844285e+01	   3.7458161e+01	   1.1691650e+02	  -2.5889852e+00	
   8.9000000e+00	   4.7371208e+01	   3.7527997e+01	   1.2157471e+02	  -1.8258707e+00	
   8.9100000e+00	   4.7918608e+01	   3.7591365e+01	   1.2524414e+02	  -1.0414559e+00	
   8.9200000e+00	   4.9101384e+01	   3.7659754e+01	   1.2832031e+02	  -2.4082863e-01	
   8.9300000e+00	   4.8202083e+01	   3.7728603e+01	   1.2915527e+02	   5.6703264e-01	
   8.9400000e+00	   4.8964534e+01	   3.7796591e+01	   1.3365967e+02	   1.3865554e+00	
   8.9500000e+00	   4.9013409e+01	   3.7866695e+01	   1.4038330e+02	   2.2361087e+00	
   8.9600000e+00	   5.1124811e+01	   3.7943125e+01	   1.4154785e+02	   3.1050447e+00	
   8.9700000e+00	   5.0489435e+01	   3.8023699e+01	   1.4488770e+02	   3.9826447e+00	
   8.9800000e+00	   5.0724036e+01	   3.8102513e+01	   1.4539307e+02	   4.8667902e+00	
   8.9900000e+00	   4.8857009e+01	   3.8175722e+01	   1.4934814e+02	   5.7593669e+00	
   9.0000000e+00	   4.9189359e+01	   3.8243665e+01	   1.5007324e+02	   6.6610101e+00	
   9.0100000e+00	   4.9961585e+01	   3.8314642e+01	   1.5453369e+02	   7.5732458e+00	
   9.0200000e+00	   4.7840408e+01	   3.8380950e+01	   1.6059814e+02	   8.5127292e+00	
   9.0300000e+00	   4.9697660e+01	   3.8446016e+01	   1.6453125e+02	   9.4776381e+00	
   9.0400000e+00	   4.8720159e+01	   3.8513430e+01	   1.6736572e+02	   1.0457698e+01	
   9.0500000e+00	   4.9228459e+01	   3.8578952e+01	   1.6780518e+02	   1.1441872e+01	
   9.0600000e+00	   4.7273458e+01	   3.8639533e+01	   1.7499023e+02	   1.2443760e+01	
   9.0700000e+00	   5.1085711e+01	   3.8705551e+01	   1.7668213e+02	   1.3467173e+01	
   9.0800000e+00	   4.7859958e+01	   3.8772992e+01	   1.7536377e+02	   1.4485346e+01	
   9.0900000e+00	   5.0205960e+01	   3.8837255e+01	   1.7470459e+02	   1.5490948e+01	
   9.1000000e+00	   4.7869733e+01	   3.8901147e+01	  -1.0832520e+01	   1.5907128e+01	
   9.1100000e+00	   4.7840408e+01	   3.8957230e+01	  -1.1140137e+01	   1.5738681e+01	
   9.1200000e+00	   4.8632184e+01	   3.9015350e+01	  -1.8000000e+02	   1.5041495e+01	
   9.1300000e+00	   4.7449408e+01	   3.9071881e+01	  -1.8000000e+02	   1.3819847e+01	
   9.1400000e+00	   4.9032959e+01	   3.9129313e+01	  -1.8000000e+02	   1.2605851e+01	
   9.1500000e+00	   4.8241183e+01	   3.9188865e+01	  -1.7953857e+02	   1.1400904e+01	
   9.1600000e+00	   4.9384859e+01	   3.9249147e+01	  -1.7670410e+02	   1.0213826e+01	
   9.1700000e+00	   5.0587186e+01	   3.9316397e+01	  -1.7354004e+02	   9.0529692e+00	
   9.1800000e+00	   4.9854060e+01	   3.9384696e+01	  -1.6962891e+02	   7.9215414e+00	
   9.1900000e+00	   5.0117985e+01	   3.9451098e+01	  -1.6609131e+02	   6.8205280e+00	
   9.2000000e+00	   4.9365309e+01	   3.9515553e+01	  -1.6286133e+02	   5.7476054e+00	
   9.2100000e+00	   4.8505109e+01	   3.9574553e+01	  -1.6059814e+02	   4.6986063e+00	
   9.2200000e+00	   4.8964534e+01	   3.9631929e+01	  -1.5624756e+02	   3.6768904e+00	
   9.2300000e+00	   4.8329158e+01	   3.9688394e+01	  -1.5341309e+02	   2.6840759e+00	
   9.2400000e+00	   4.7703558e+01	   3.9740557e+01	  -1.5066650e+02	   1.7149586e+00	
   9.2500000e+00	   5.0362360e+01	   3.9798760e+01	  -1.4748047e+02	   7.7049085e-01	
   9.2600000e+00	   4.9130709e+01	   3.9861068e+01	  -1.4451416e+02	  -1.4879347e-01	
   9.2700000e+00	   4.8593084e+01	   3.9917445e+01	  -1.4229492e+02	  -1.0460799e+00	
   9.2800000e+00	   4.7723108e+01	   3.9969060e+01	  -1.3858154e+02	  -1.9191666e+00	
   9.2900000e+00	   4.9365309e+01	   4.0022771e+01	  -1.3521973e+02	  -2.7646269e+00	
   9.3000000e+00	   4.9502160e+01	   4.0081717e+01	  -1.3170410e+02	  -3.5832531e+00	
   9.3100000e+00	   4.8524659e+01	   4.0137661e+01	  -1.2955078e+02	  -4.3789980e+00	
   9.3200000e+00	   4.7596033e+01	   4.0187285e+01	  -1.2730957e+02	  -5.1559961e+00	
   9.3300000e+00	   4.8798359e+01	   4.0237455e+01	  -1.2414551e+02	  -5.9111993e+00	
   9.3400000e+00	   4.8495334e+01	   4.0290128e+01	  -1.2106934e+02	  -6.6421295e+00	
   9.3500000e+00	   4.8436684e+01	   4.0341338e+01	  -1.1777344e+02	  -7.3485255e+00	
   9.3600000e+00	   4.7977258e+01	   4.0390604e+01	  -1.1544434e+02	  -8.0328809e+00	
   9.3700000e+00	   4.8886334e+01	   4.0440970e+01	  -1.1085205e+02	  -8.6912737e+00	
   9.3800000e+00	   4.9560810e+01	   4.0495980e+01	  -1.0799561e+02	  -9.3222149e+00	
   9.3900000e+00	   4.9130709e+01	   4.0551411e+01	  -1.0575439e+02	  -9.9332395e+00	
   9.4000000e+00	   5.0411235e+01	   4.0609158e+01	  -1.0138184e+02	  -1.0519724e+01	
   9.4100000e+00	   4.9531485e+01	   4.0667799e+01	  -9.8657227e+01	  -1.1080309e+01	
   9.4200000e+00	   4.8563759e+01	   4.0720286e+01	  -9.7207031e+01	  -1.1624308e+01	
   9.4300000e+00	   4.8876559e+01	   4.0770393e+01	  -9.3273926e+01	  -1.2148040e+01	
   9.4400000e+00	   4.8172758e+01	   4.0818962e+01	  -9.1757813e+01	  -1.2651426e+01	
   9.4500000e+00	   4.8378034e+01	   4.0865666e+01	  -8.7341309e+01	  -1.3133080e+01	
   9.4600000e+00	   4.6902007e+01	   4.0908097e+01	  -8.5056152e+01	  -1.3590729e+01	
   9.4700000e+00	   4.8446459e+01	   4.0950477e+01	  -8.2749023e+01	  -1.4031129e+01	
   9.4800000e+00	   4.8534434e+01	   4.0997704e+01	  -7.7871094e+01	  -1.4446269e+01	
   9.4900000e+00	   4.8407359e+01	   4.1044513e+01	  -7.6289063e+01	  -1.4838578e+01	
   9.5000000e+00	   4.8837459e+01	   4.1091977e+01	  -7.3542480e+01	  -1.5214873e+01	
   9.5100000e+00	   4.8250958e+01	   4.1138654e+01	  -7.0773926e+01	  -1.5571539e+01	
   9.5200000e+00	   5.0323260e+01	   4.1189692e+01	  -6.7082520e+01	  -1.5905740e+01	
   9.5300000e+00	   4.7908833e+01	   4.1239339e+01	  -6.5258789e+01	  -1.6220576e+01	
   9.5400000e+00	   4.7762208e+01	   4.1280655e+01	  -6.1018066e+01	  -1.6514447e+01	
   9.5500000e+00	   4.9023184e+01	   4.1325201e+01	  -5.9260254e+01	  -1.6787692e+01	
   9.5600000e+00	   4.8475784e+01	   4.1371703e+01	  -5.6162109e+01	  -1.7044017e+01	
   9.5700000e+00	   4.8417134e+01	   4.1416016e+01	  -5.4206543e+01	  -1.7282910e+01	
   9.5800000e+00	   4.7361433e+01	   4.1456562e+01	  -5.0207520e+01	  -1.7501658e+01	
   9.5900000e+00	   4.9560810e+01	   4.1500435e+01	  -4.6801758e+01	  -1.7695846e+01	
   9.6000000e+00	   4.8749484e+01	   4.1548381e+01	  -4.4296875e+01	  -1.7870307e+01	
   9.6100000e+00	   4.8182533e+01	   4.1591709e+01	  -4.2583008e+01	  -1.8030463e+01	
   9.6200000e+00	   4.9873610e+01	   4.1638287e+01	  -3.8781738e+01	  -1.8172344e+01	
   9.6300000e+00	   4.7380983e+01	   4.1682063e+01	  -3.5441895e+01	  -1.8290972e+01	
   9.6400000e+00	   4.8651734e+01	   4.1721738e+01	  -3.3662109e+01	  -1.8392824e+01	
   9.6500000e+00	   4.8866784e+01	   4.1765818e+01	  -2.9619141e+01	  -1.8475802e+01	
   9.6600000e+00	   4.9199134e+01	   4.1811336e+01	  -2.4038086e+01	  -1.8528120e+01	
   9.6700000e+00	   4.8915659e+01	   4.1856722e+01	  -2.2236328e+01	  -1.8556989e+01	
   9.6800000e+00	   4.8710384e+01	   4.1900293e+01	  -1.9270020e+01	  -1.8570745e+01	
   9.6900000e+00	   4.9189359e+01	   4.1944448e+01	  -1.6918945e+01	  -1.8567762e+01	
   9.7000000e+00	   4.8534434e+01	   4.1987775e+01	  -1.4545898e+01	  -1.8550002e+01	
   9.7100000e+00	   4.8397584e+01	   4.2028352e+01	  -1.3535156e+01	  -1.8521757e+01	
   9.7200000e+00	   4.8378034e+01	   4.2068185e+01	  -6.6577148e+00	  -1.8468985e+01	
   9.7300000e+00	   4.8720159e+01	   4.2108778e+01	  -8.3715820e+00	  -1.8400372e+01	
   9.7400000e+00	   4.7107282e+01	   4.2145137e+01	  -2.6806641e+00	  -1.8319734e+01	
   9.7500000e+00	   4.9492385e+01	   4.2183688e+01	   3.7353516e-01	  -1.8212213e+01	
   9.7600000e+00	   4.9052509e+01	   4.2228088e+01	   3.7353516e+00	  -1.8085272e+01	
   9.7700000e+00	   4.9169809e+01	   4.2271201e+01	   5.7788086e+00	  -1.7942199e+01	
   9.7800000e+00	   4.7947933e+01	   4.2310584e+01	   9.5141602e+00	  -1.7781923e+01	
   9.7900000e+00	   4.8065233e+01	   4.2346261e+01	   1.2106934e+01	  -1.7602833e+01	
   9.8000000e+00	   4.7732883e+01	   4.2381041e+01	   1.4326172e+01	  -1.7409795e+01	
   9.8100000e+00	   4.8729934e+01	   4.2417685e+01	   1.7753906e+01	  -1.7200281e+01	
   9.8200000e+00	   4.8368259e+01	   4.2456089e+01	   1.8808594e+01	  -1.6978042e+01	
   9.8300000e+00	   4.6833582e+01	   4.2488314e+01	   2.4433594e+01	  -1.6736275e+01	
   9.8400000e+00	   4.8378034e+01	   4.2520367e+01	   2.9750977e+01	  -1.6461754e+01	
   9.8500000e+00	   4.8280283e+01	   4.2556751e+01	   3.0344238e+01	  -1.6170441e+01	
   9.8600000e+00	   4.8182533e+01	   4.2592294e+01	   3.1179199e+01	  -1.5876480e+01	
   9.8700000e+00	   4.8456234e+01	   4.2628166e+01	   3.2871094e+01	  -1.5576447e+01	
   9.8800000e+00	   4.8143433e+01	   4.2663691e+01	   3.8803711e+01	  -1.5254415e+01	
   9.8900000e+00	   4.8260733e+01	   4.2698381e+01	   4.5747070e+01	  -1.4894075e+01	
   9.9000000e+00	   4.7752433e+01	   4.2731629e+01	   4.7307129e+01	  -1.4509362e+01	
   9.9100000e+00	   4.7977258e+01	   4.2763781e+01	   4.7087402e+01	  -1.4122861e+01	
   9.9200000e+00	   4.7811083e+01	   4.2795915e+01	   5.3591309e+01	  -1.3719100e+01	
   9.9300000e+00	   4.8622409e+01	   4.2829869e+01	   5.2097168e+01	  -1.3302178e+01	
   9.9400000e+00	   4.8426909e+01	   4.2865538e+01	   5.6206055e+01	  -1.2879680e+01	
   9.9500000e+00	   4.9013409e+01	   4.2902209e+01	   6.0512695e+01	  -1.2433472e+01	
   9.9600000e+00	   4.8026133e+01	   4.2937394e+01	   6.4072266e+01	  -1.1965424e+01	
   9.9700000e+00	   4.7967483e+01	   4.2969084e+01	   6.8225098e+01	  -1.1476154e+01	
   9.9800000e+00	   4.9296884e+01	   4.3004555e+01	   6.9675293e+01	  -1.0972401e+01	
   9.9900000e+00	   4.8778809e+01	   4.3042345e+01	   7.4553223e+01	  -1.0451985e+01	
   1.0000000e+01	   4.9619460e+01	   4.3080908e+01	   7.8332520e+01	  -9.9077169e+00	
