   0.0000000e+00	  -5.0000000e+01	   0.0000000e+00	   0.0000000e+00	  -5.0000000e+00	  -5.0000000e+00	  -5.0000000e+00	   0.0000000e+00	  -0.0000000e+00	
   5.0000000e-01	  -5.0000000e+01	  -4.4000000e+01	  -6.0160644e+00	  -6.0000000e-01	  -6.0000000e-01	  -6.0000000e-01	   0.0000000e+00	  -0.0000000e+00	
   1.0000000e+00	  -5.0000000e+01	  -6.8361667e+01	  -1.9733995e+01	   1.8361667e+00	   1.8361667e+00	   1.8361667e+00	   0.0000000e+00	   0.0000000e+00	
   1.5000000e+00	  -5.0000000e+01	  -4.9977206e+01	  -3.0517911e+01	  -2.2794444e-03	  -2.2794444e-03	  -2.2794444e-03	   0.0000000e+00	  -0.0000000e+00	
   2.0000000e+00	  -5.0000000e+01	  -4.3516707e+01	  -3.4955865e+01	  -6.4832934e-01	  -6.4832934e-01	  -6.4832934e-01	   0.0000000e+00	  -0.0000000e+00	
   2.5000000e+00	  -5.0000000e+01	  -5.0764436e+01	  -3.8287864e+01	   7.6443598e-02	   7.6443598e-02	   7.6443598e-02	   0.0000000e+00	   0.0000000e+00	
   3.0000000e+00	  -5.0000000e+01	  -5.2200931e+01	  -4.1896086e+01	   2.2009311e-01	   2.2009311e-01	   2.2009311e-01	   0.0000000e+00	   0.0000000e+00	
   3.5000000e+00	  -5.0000000e+01	  -4.9473200e+01	  -4.4341064e+01	  -5.2679957e-02	  -5.2679957e-02	  -5.2679957e-02	   0.0000000e+00	  -0.0000000e+00	
   4.0000000e+00	  -5.0000000e+01	  -4.9284018e+01	  -4.5718618e+01	  -7.1598229e-02	  -7.1598229e-02	  -7.1598229e-02	   0.0000000e+00	  -0.0000000e+00	
   4.5000000e+00	  -5.0000000e+01	  -5.0269614e+01	  -4.6828363e+01	   2.6961444e-02	   2.6961444e-02	   2.6961444e-02	   0.0000000e+00	   0.0000000e+00	
   5.0000000e+00	   5.0000000e+01	  -5.0221454e+01	  -4.7762814e+01	   1.0000000e+01	   1.0022145e+01	   1.0022145e+01	   0.0000000e+00	   0.0000000e+00	
   5.5000000e+00	   5.0000000e+01	   5.2125911e+01	  -3.4441321e+01	  -2.1259113e-01	  -2.1259113e-01	  -2.1259113e-01	   0.0000000e+00	  -0.0000000e+00	
   6.0000000e+00	   5.0000000e+01	   8.5157633e+01	  -6.2524792e+00	  -3.5157633e+00	  -3.5157633e+00	  -3.5157633e+00	   0.0000000e+00	  -0.0000000e+00	
   6.5000000e+00	   5.0000000e+01	   4.5147333e+01	   1.3273741e+01	   4.8526666e-01	   4.8526666e-01	   4.8526666e-01	   0.0000000e+00	   0.0000000e+00	
   7.0000000e+00	   5.0000000e+01	   3.8147297e+01	   2.1032707e+01	   1.1852703e+00	   1.1852703e+00	   1.1852703e+00	   0.0000000e+00	   0.0000000e+00	
   7.5000000e+00	   5.0000000e+01	   5.3096939e+01	   2.7756865e+01	  -3.0969390e-01	  -3.0969390e-01	  -3.0969390e-01	   0.0000000e+00	  -0.0000000e+00	
   8.0000000e+00	   5.0000000e+01	   5.3825460e+01	   3.4785907e+01	  -3.8254604e-01	  -3.8254604e-01	  -3.8254604e-01	   0.0000000e+00	  -0.0000000e+00	
   8.5000000e+00	   5.0000000e+01	   4.8459754e+01	   3.9258769e+01	   1.5402458e-01	   1.5402458e-01	   1.5402458e-01	   0.0000000e+00	   0.0000000e+00	
   9.0000000e+00	   5.0000000e+01	   4.8828415e+01	   4.1825254e+01	   1.1715848e-01	   1.1715848e-01	   1.1715848e-01	   0.0000000e+00	   0.0000000e+00	
   9.5000000e+00	   5.0000000e+01	   5.0680751e+01	   4.3993588e+01	  -6.8075105e-02	  -6.8075105e-02	  -6.8075105e-02	   0.0000000e+00	  -0.0000000e+00	
   1.0000000e+01	   5.0000000e+01	   5.0334422e+01	   4.5774890e+01	  -3.3442184e-02	  -3.3442184e-02	  -3.3442184e-02	   0.0000000e+00	  -0.0000000e+00	
