   0.0000000e+00	  -1.1128371e+00	  -1.5215681e-01	  -5.4052734e+00	  -7.3905620e-01	
   5.0000000e-01	  -3.2686116e+01	  -4.7318365e+00	  -6.2204590e+01	  -9.7811669e+00	
   1.0000000e+00	  -4.4983078e+01	  -1.4057491e+01	  -1.8000000e+02	  -4.0222761e+01	
   1.5000000e+00	  -4.8081755e+01	  -2.2938002e+01	   3.7419434e+01	  -4.8718407e+01	
   2.0000000e+00	  -4.8951731e+01	  -2.9932700e+01	  -1.0887451e+02	  -4.5165957e+01	
   2.5000000e+00	  -4.9753282e+01	  -3.5243191e+01	   1.1100586e+02	  -3.2523572e+01	
   3.0000000e+00	  -5.0398432e+01	  -3.9299295e+01	  -4.2912598e+01	  -1.4319453e+01	
   3.5000000e+00	  -4.9939007e+01	  -4.2271620e+01	  -1.1931152e+01	  -1.7902408e+01	
   4.0000000e+00	  -4.9851032e+01	  -4.4356296e+01	   2.7004395e+01	  -1.0945915e+01	
   4.5000000e+00	  -4.9098356e+01	  -4.5755960e+01	  -1.2203613e+02	  -2.0946243e+01	
   5.0000000e+00	  -4.9939007e+01	  -4.6784904e+01	   1.0120605e+02	  -1.8066406e+01	
   5.5000000e+00	   1.6403979e+01	  -3.8576425e+01	   6.5566406e+01	   9.6765753e+00	
   6.0000000e+00	   4.1682152e+01	  -2.0085370e+01	   1.7360596e+02	   3.9732178e+01	
   6.5000000e+00	   4.6256857e+01	  -2.5690858e+00	  -6.5939941e+01	   4.3588156e+01	
   7.0000000e+00	   4.9003634e+01	   1.1158296e+01	   8.1979980e+01	   3.3861783e+01	
   7.5000000e+00	   4.8456234e+01	   2.1432541e+01	  -1.3730713e+02	   1.7037214e+01	
   8.0000000e+00	   4.8436684e+01	   2.8819699e+01	   1.0854492e+01	  -4.9114484e+00	
   8.5000000e+00	   4.9335984e+01	   3.4307070e+01	   1.7211182e+02	   2.1448376e+01	
   9.0000000e+00	   4.9502160e+01	   3.8439560e+01	  -5.6425781e+01	   3.1400763e+01	
   9.5000000e+00	   4.9140484e+01	   4.1415259e+01	   9.2285156e+01	   2.7716997e+01	
   1.0000000e+01	   4.8671284e+01	   4.3463626e+01	  -1.2636475e+02	   1.5477917e+01	
