   0.0000000e+00	   0.0000000e+00	  -6.4363664e-01	  -1.2829834e+02	
   1.0000000e-02	   0.0000000e+00	   2.4588918e-01	  -1.2913330e+02	
   2.0000000e-02	   0.0000000e+00	   2.1063971e-02	  -1.3144043e+02	
   3.0000000e-02	   0.0000000e+00	   2.0678914e-01	  -1.3111084e+02	
   4.0000000e-02	   0.0000000e+00	   2.5566419e-01	  -1.3168213e+02	
   5.0000000e-02	   0.0000000e+00	  -1.4647374e+00	  -1.2785889e+02	
   6.0000000e-02	   0.0000000e+00	   2.7521421e-01	  -1.2880371e+02	
   7.0000000e-02	   0.0000000e+00	   9.7901485e-01	  -1.2906738e+02	
   8.0000000e-02	   0.0000000e+00	   7.9714025e-02	  -1.2981445e+02	
   9.0000000e-02	   0.0000000e+00	  -5.4588655e-01	  -1.2799072e+02	
   1.0000000e-01	   0.0000000e+00	  -1.0737370e+00	  -1.2922119e+02	
   1.1000000e-01	   0.0000000e+00	  -9.0756188e-01	  -1.2908936e+02	
   1.2000000e-01	   0.0000000e+00	  -6.6318666e-01	  -1.2930908e+02	
   1.3000000e-01	   0.0000000e+00	  -7.5116174e-01	  -1.2851807e+02	
   1.4000000e-01	   0.0000000e+00	   3.0838980e-02	  -1.3020996e+02	
   1.5000000e-01	   0.0000000e+00	   9.6923985e-01	  -1.2834229e+02	
   1.6000000e-01	   0.0000000e+00	  -1.0639620e+00	  -1.3064941e+02	
   1.7000000e-01	   0.0000000e+00	   1.0474399e+00	  -1.3194580e+02	
   1.8000000e-01	   0.0000000e+00	   9.5946484e-01	  -1.3194580e+02	
   1.9000000e-01	   0.0000000e+00	   9.7901485e-01	  -1.2941895e+02	
   2.0000000e-01	   0.0000000e+00	  -9.4666192e-01	  -1.3003418e+02	
   2.1000000e-01	   0.0000000e+00	   3.0838980e-02	  -1.2897949e+02	
   2.2000000e-01	   0.0000000e+00	  -7.9026178e-01	  -1.2889160e+02	
   2.3000000e-01	   0.0000000e+00	   1.2038401e+00	  -1.2996826e+02	
   2.4000000e-01	   0.0000000e+00	   7.4441464e-01	  -1.2878174e+02	
   2.5000000e-01	   0.0000000e+00	   6.4666455e-01	  -1.2904541e+02	
   2.6000000e-01	   0.0000000e+00	  -4.0903642e-01	  -1.3042969e+02	
   2.7000000e-01	   0.0000000e+00	   3.3386426e-01	  -1.2922119e+02	
   2.8000000e-01	   0.0000000e+00	  -7.5116174e-01	  -1.3003418e+02	
   2.9000000e-01	   0.0000000e+00	   1.2918151e+00	  -1.2810059e+02	
   3.0000000e-01	   0.0000000e+00	   1.7746412e-01	  -1.3047363e+02	
   3.1000000e-01	   0.0000000e+00	   8.1283970e-01	  -1.2937500e+02	
   3.2000000e-01	   0.0000000e+00	  -8.0003679e-01	  -1.3071533e+02	
   3.3000000e-01	   0.0000000e+00	  -5.0678652e-01	  -1.3177002e+02	
   3.4000000e-01	   0.0000000e+00	   5.0388998e-02	  -1.2884766e+02	
   3.5000000e-01	   0.0000000e+00	   2.5566419e-01	  -1.2948486e+02	
   3.6000000e-01	   0.0000000e+00	  -9.3688691e-01	  -1.2990234e+02	
   3.7000000e-01	   0.0000000e+00	   1.8723912e-01	  -1.2994629e+02	
   3.8000000e-01	   0.0000000e+00	   7.7373967e-01	  -1.2895752e+02	
   3.9000000e-01	   0.0000000e+00	  -6.7296167e-01	  -1.2902344e+02	
   4.0000000e-01	   0.0000000e+00	  -5.2633653e-01	  -1.3225342e+02	
   4.1000000e-01	   0.0000000e+00	  -7.3161172e-01	  -1.3036377e+02	
   4.2000000e-01	   0.0000000e+00	  -8.4891183e-01	  -1.2985840e+02	
   4.3000000e-01	   0.0000000e+00	  -5.4588655e-01	  -1.3271484e+02	
   4.4000000e-01	   0.0000000e+00	  -1.1519371e+00	  -1.2968262e+02	
   4.5000000e-01	   0.0000000e+00	   1.3113652e+00	  -1.2862793e+02	
   4.6000000e-01	   0.0000000e+00	  -5.7521158e-01	  -1.3144043e+02	
   4.7000000e-01	   0.0000000e+00	   1.7903406e+00	  -1.3031982e+02	
   4.8000000e-01	   0.0000000e+00	   8.6171475e-01	  -1.2799072e+02	
   4.9000000e-01	   0.0000000e+00	  -7.3161172e-01	  -1.3078125e+02	
   5.0000000e-01	   0.0000000e+00	  -6.3386163e-01	  -1.2999023e+02	
   5.1000000e-01	   0.0000000e+00	  -1.3083373e+00	  -1.3144043e+02	
   5.2000000e-01	   0.0000000e+00	   5.3913945e-01	  -1.3144043e+02	
   5.3000000e-01	   0.0000000e+00	  -3.3083635e-01	  -1.3100098e+02	
   5.4000000e-01	   0.0000000e+00	   9.9264043e-02	  -1.3001221e+02	
   5.5000000e-01	   0.0000000e+00	  -1.3083373e+00	  -1.3075928e+02	
   5.6000000e-01	   0.0000000e+00	  -1.1812621e+00	  -1.3238525e+02	
   5.7000000e-01	   0.0000000e+00	  -1.7443621e-01	  -1.3117676e+02	
   5.8000000e-01	   0.0000000e+00	  -1.2203622e+00	  -1.3012207e+02	
   5.9000000e-01	   0.0000000e+00	  -1.6211375e+00	  -1.2999023e+02	
   6.0000000e-01	   0.0000000e+00	  -4.1881143e-01	  -1.3100098e+02	
   6.1000000e-01	   0.0000000e+00	  -6.6318666e-01	  -1.3014404e+02	
   6.2000000e-01	   0.0000000e+00	   7.9328968e-01	  -1.3001221e+02	
   6.3000000e-01	   0.0000000e+00	  -8.0003679e-01	  -1.3075928e+02	
   6.4000000e-01	   0.0000000e+00	   3.0453923e-01	  -1.2979248e+02	
   6.5000000e-01	   0.0000000e+00	   5.9778950e-01	  -1.2941895e+02	
   6.6000000e-01	   0.0000000e+00	  -5.1656152e-01	  -1.3249512e+02	
   6.7000000e-01	   0.0000000e+00	  -7.2183671e-01	  -1.3051758e+02	
   6.8000000e-01	   0.0000000e+00	  -1.3376623e+00	  -1.3082520e+02	
   6.9000000e-01	   0.0000000e+00	  -1.0835120e+00	  -1.3007813e+02	
   7.0000000e-01	   0.0000000e+00	  -1.2887872e+00	  -1.3064941e+02	
   7.1000000e-01	   0.0000000e+00	  -9.1733689e-01	  -1.3062744e+02	
   7.2000000e-01	   0.0000000e+00	  -8.9778688e-01	  -1.3135254e+02	
   7.3000000e-01	   0.0000000e+00	  -4.9701151e-01	  -1.3190186e+02	
   7.4000000e-01	   0.0000000e+00	  -5.5566156e-01	  -1.2792480e+02	
   7.5000000e-01	   0.0000000e+00	  -7.0228670e-01	  -1.2924316e+02	
   7.6000000e-01	   0.0000000e+00	  -8.0981179e-01	  -1.3036377e+02	
   7.7000000e-01	   0.0000000e+00	  -3.8948641e-01	  -1.2952881e+02	
   7.8000000e-01	   0.0000000e+00	  -1.1617121e+00	  -1.3056152e+02	
   7.9000000e-01	   0.0000000e+00	   3.1431424e-01	  -1.3069336e+02	
   8.0000000e-01	   0.0000000e+00	   3.4363927e-01	  -1.2805664e+02	
   8.1000000e-01	   0.0000000e+00	  -1.5820375e+00	  -1.2941895e+02	
   8.2000000e-01	   0.0000000e+00	  -8.1958680e-01	  -1.2970459e+02	
   8.3000000e-01	   0.0000000e+00	  -1.1578615e-01	  -1.2992432e+02	
   8.4000000e-01	   0.0000000e+00	  -8.0981179e-01	  -1.3093506e+02	
   8.5000000e-01	   0.0000000e+00	  -1.0541870e+00	  -1.3003418e+02	
   8.6000000e-01	   0.0000000e+00	  -4.7361092e-02	  -1.2988037e+02	
   8.7000000e-01	   0.0000000e+00	  -1.2556116e-01	  -1.2961670e+02	
   8.8000000e-01	   0.0000000e+00	  -1.3278873e+00	  -1.3163818e+02	
   8.9000000e-01	   0.0000000e+00	  -1.7579877e+00	  -1.3198975e+02	
   9.0000000e-01	   0.0000000e+00	  -4.0903642e-01	  -1.2952881e+02	
   9.1000000e-01	   0.0000000e+00	  -1.1030621e+00	  -1.3227539e+02	
   9.2000000e-01	   0.0000000e+00	  -5.2633653e-01	  -1.3060547e+02	
   9.3000000e-01	   0.0000000e+00	  -8.3913682e-01	  -1.3141846e+02	
   9.4000000e-01	   0.0000000e+00	  -1.6797876e+00	  -1.3135254e+02	
   9.5000000e-01	   0.0000000e+00	  -2.0903380e+00	  -1.3177002e+02	
   9.6000000e-01	   0.0000000e+00	   6.0164007e-02	  -1.2985840e+02	
   9.7000000e-01	   0.0000000e+00	   7.5418965e-01	  -1.2818848e+02	
   9.8000000e-01	   0.0000000e+00	  -8.9778688e-01	  -1.3062744e+02	
   9.9000000e-01	   0.0000000e+00	  -8.1958680e-01	  -1.3093506e+02	
   1.0000000e+00	   0.0000000e+00	  -2.1353624e-01	  -1.2906738e+02	
   1.0100000e+00	   0.0000000e+00	  -1.2301372e+00	  -1.3216553e+02	
   1.0200000e+00	   0.0000000e+00	  -1.3963123e+00	  -1.3029785e+02	
   1.0300000e+00	   0.0000000e+00	  -1.1714871e+00	  -1.3161621e+02	
   1.0400000e+00	   0.0000000e+00	  -1.2301372e+00	  -1.3359375e+02	
   1.0500000e+00	   0.0000000e+00	  -6.2408662e-01	  -1.3194580e+02	
   1.0600000e+00	   0.0000000e+00	  -5.9476160e-01	  -1.3190186e+02	
   1.0700000e+00	   0.0000000e+00	  -6.0453661e-01	  -1.3018799e+02	
   1.0800000e+00	   0.0000000e+00	  -4.8723650e-01	  -1.3025391e+02	
   1.0900000e+00	   0.0000000e+00	  -2.5263628e-01	  -1.3091309e+02	
   1.1000000e+00	   0.0000000e+00	  -2.6241129e-01	  -1.3049561e+02	
   1.1100000e+00	   0.0000000e+00	  -4.2858644e-01	  -1.3148438e+02	
   1.1200000e+00	   0.0000000e+00	  -1.6406876e+00	  -1.3128662e+02	
   1.1300000e+00	   0.0000000e+00	  -3.6993639e-01	  -1.2952881e+02	
   1.1400000e+00	   0.0000000e+00	  -8.9778688e-01	  -1.3056152e+02	
   1.1500000e+00	   0.0000000e+00	  -5.7521158e-01	  -1.3020996e+02	
   1.1600000e+00	   0.0000000e+00	  -6.8273668e-01	  -1.3069336e+02	
   1.1700000e+00	   0.0000000e+00	  -1.3474373e+00	  -1.3311035e+02	
   1.1800000e+00	   0.0000000e+00	  -5.8498659e-01	  -1.3163818e+02	
   1.1900000e+00	   0.0000000e+00	  -5.8498659e-01	  -1.3020996e+02	
   1.2000000e+00	   0.0000000e+00	  -8.5868684e-01	  -1.3264893e+02	
   1.2100000e+00	   0.0000000e+00	  -1.1812621e+00	  -1.3071533e+02	
   1.2200000e+00	   0.0000000e+00	  -2.8196131e-01	  -1.2992432e+02	
   1.2300000e+00	   0.0000000e+00	  -5.3611154e-01	  -1.3078125e+02	
   1.2400000e+00	   0.0000000e+00	   1.5791410e-01	  -1.2948486e+02	
   1.2500000e+00	   0.0000000e+00	  -1.0601115e-01	  -1.3124268e+02	
   1.2600000e+00	   0.0000000e+00	  -1.0248620e+00	  -1.3240723e+02	
   1.2700000e+00	   0.0000000e+00	  -5.3611154e-01	  -1.2904541e+02	
   1.2800000e+00	   0.0000000e+00	  -1.1030621e+00	  -1.3205566e+02	
   1.2900000e+00	   0.0000000e+00	  -1.1226121e+00	  -1.3227539e+02	
   1.3000000e+00	   0.0000000e+00	  -3.3083635e-01	  -1.3183594e+02	
   1.3100000e+00	   0.0000000e+00	  -4.3836145e-01	  -1.2941895e+02	
   1.3200000e+00	   0.0000000e+00	  -7.6093675e-01	  -1.3036377e+02	
   1.3300000e+00	   0.0000000e+00	  -1.2692372e+00	  -1.2829834e+02	
   1.3400000e+00	   0.0000000e+00	   2.1656415e-01	  -1.3067139e+02	
   1.3500000e+00	   0.0000000e+00	  -7.6093675e-01	  -1.3242920e+02	
   1.3600000e+00	   0.0000000e+00	  -8.5868684e-01	  -1.3256104e+02	
   1.3700000e+00	   0.0000000e+00	  -5.7521158e-01	  -1.3117676e+02	
   1.3800000e+00	   0.0000000e+00	   1.7746412e-01	  -1.2990234e+02	
   1.3900000e+00	   0.0000000e+00	  -1.2692372e+00	  -1.3122070e+02	
   1.4000000e+00	   0.0000000e+00	  -5.2633653e-01	  -1.2974854e+02	
   1.4100000e+00	   0.0000000e+00	  -3.6993639e-01	  -1.2926514e+02	
   1.4200000e+00	   0.0000000e+00	  -8.4891183e-01	  -1.3005615e+02	
   1.4300000e+00	   0.0000000e+00	  -5.2633653e-01	  -1.2944092e+02	
   1.4400000e+00	   0.0000000e+00	  -7.0228670e-01	  -1.3102295e+02	
   1.4500000e+00	   0.0000000e+00	  -2.6241129e-01	  -1.3128662e+02	
   1.4600000e+00	   0.0000000e+00	   4.4138936e-01	  -1.3007813e+02	
   1.4700000e+00	   0.0000000e+00	  -3.6993639e-01	  -1.2999023e+02	
   1.4800000e+00	   0.0000000e+00	  -9.6621194e-01	  -1.3190186e+02	
   1.4900000e+00	   0.0000000e+00	   7.5418965e-01	  -1.2950684e+02	
   1.5000000e+00	   0.0000000e+00	   9.7901485e-01	  -1.2840820e+02	
   1.5100000e+00	   0.0000000e+00	  -1.3474373e+00	  -1.2871582e+02	
   1.5200000e+00	   0.0000000e+00	   5.7823948e-01	  -1.2799072e+02	
   1.5300000e+00	   0.0000000e+00	  -2.3308626e-01	  -1.3051758e+02	
   1.5400000e+00	   0.0000000e+00	  -9.4666192e-01	  -1.2957275e+02	
   1.5500000e+00	   0.0000000e+00	  -1.3376623e+00	  -1.2821045e+02	
   1.5600000e+00	   0.0000000e+00	   1.8723912e-01	  -1.2994629e+02	
   1.5700000e+00	   0.0000000e+00	   8.4216473e-01	  -1.2821045e+02	
   1.5800000e+00	   0.0000000e+00	  -3.8948641e-01	  -1.3128662e+02	
   1.5900000e+00	   0.0000000e+00	  -6.5341165e-01	  -1.3003418e+02	
   1.6000000e+00	   0.0000000e+00	  -1.3533617e-01	  -1.3264893e+02	
   1.6100000e+00	   0.0000000e+00	  -1.0932871e+00	  -1.3089111e+02	
   1.6200000e+00	   0.0000000e+00	  -8.2610556e-03	  -1.3126465e+02	
   1.6300000e+00	   0.0000000e+00	  -1.5233875e+00	  -1.2974854e+02	
   1.6400000e+00	   0.0000000e+00	   2.2633916e-01	  -1.3020996e+02	
   1.6500000e+00	   0.0000000e+00	  -8.6461128e-02	  -1.2974854e+02	
   1.6600000e+00	   0.0000000e+00	  -8.3913682e-01	  -1.3135254e+02	
   1.6700000e+00	   0.0000000e+00	  -6.6318666e-01	  -1.3042969e+02	
   1.6800000e+00	   0.0000000e+00	  -9.5643693e-01	  -1.2957275e+02	
   1.6900000e+00	   0.0000000e+00	   5.0388998e-02	  -1.2996826e+02	
   1.7000000e+00	   0.0000000e+00	  -1.2301372e+00	  -1.3064941e+02	
   1.7100000e+00	   0.0000000e+00	   1.9701413e-01	  -1.2930908e+02	
   1.7200000e+00	   0.0000000e+00	  -5.6543657e-01	  -1.2752930e+02	
   1.7300000e+00	   0.0000000e+00	  -3.6016138e-01	  -1.2948486e+02	
   1.7400000e+00	   0.0000000e+00	   9.2036480e-01	  -1.3020996e+02	
   1.7500000e+00	   0.0000000e+00	  -1.0639620e+00	  -1.3078125e+02	
   1.7600000e+00	   0.0000000e+00	  -3.1128633e-01	  -1.3047363e+02	
   1.7700000e+00	   0.0000000e+00	  -7.3161172e-01	  -1.3179199e+02	
   1.7800000e+00	   0.0000000e+00	  -1.7091126e+00	  -1.3071533e+02	
   1.7900000e+00	   0.0000000e+00	  -7.0228670e-01	  -1.2972656e+02	
   1.8000000e+00	   0.0000000e+00	   3.2408925e-01	  -1.3115479e+02	
   1.8100000e+00	   0.0000000e+00	   7.2486462e-01	  -1.2880371e+02	
   1.8200000e+00	   0.0000000e+00	   3.5341428e-01	  -1.2926514e+02	
   1.8300000e+00	   0.0000000e+00	   1.2858907e-01	  -1.2871582e+02	
   1.8400000e+00	   0.0000000e+00	   8.3238972e-01	  -1.2860596e+02	
   1.8500000e+00	   0.0000000e+00	  -5.2633653e-01	  -1.3082520e+02	
   1.8600000e+00	   0.0000000e+00	  -1.9398623e-01	  -1.3071533e+02	
   1.8700000e+00	   0.0000000e+00	  -1.0639620e+00	  -1.3056152e+02	
   1.8800000e+00	   0.0000000e+00	  -8.0003679e-01	  -1.3071533e+02	
   1.8900000e+00	   0.0000000e+00	  -9.9553697e-01	  -1.3020996e+02	
   1.9000000e+00	   0.0000000e+00	  -7.9026178e-01	  -1.3135254e+02	
   1.9100000e+00	   0.0000000e+00	  -2.8196131e-01	  -1.2968262e+02	
   1.9200000e+00	   0.0000000e+00	  -1.1812621e+00	  -1.2856201e+02	
   1.9300000e+00	   0.0000000e+00	   2.8498921e-01	  -1.2946289e+02	
   1.9400000e+00	   0.0000000e+00	   8.9489034e-02	  -1.2919922e+02	
   1.9500000e+00	   0.0000000e+00	  -6.6318666e-01	  -1.3100098e+02	
   1.9600000e+00	   0.0000000e+00	   1.1256400e+00	  -1.3106689e+02	
   1.9700000e+00	   0.0000000e+00	   1.1881406e-01	  -1.3170410e+02	
   1.9800000e+00	   0.0000000e+00	   7.5418965e-01	  -1.2941895e+02	
   1.9900000e+00	   0.0000000e+00	  -8.4891183e-01	  -1.3196777e+02	
   2.0000000e+00	   6.0000000e+00	  -1.0601115e-01	  -1.3084717e+02	
   2.0100000e+00	   6.0000000e+00	  -9.5643693e-01	  -1.3036377e+02	
   2.0200000e+00	   6.0000000e+00	   1.2820401e+00	  -1.2990234e+02	
   2.0300000e+00	   6.0000000e+00	   1.8196656e+00	  -1.2915527e+02	
   2.0400000e+00	   6.0000000e+00	   2.5918913e+00	  -1.2704590e+02	
   2.0500000e+00	   6.0000000e+00	   3.8235425e+00	  -1.3113281e+02	
   2.0600000e+00	   6.0000000e+00	   2.8264916e+00	  -1.2972656e+02	
   2.0700000e+00	   6.0000000e+00	   6.0131445e+00	  -1.3012207e+02	
   2.0800000e+00	   6.0000000e+00	   7.0883955e+00	  -1.2913330e+02	
   2.0900000e+00	   6.0000000e+00	   7.0199704e+00	  -1.2614502e+02	
   2.1000000e+00	   6.0000000e+00	   9.0824973e+00	  -1.2574951e+02	
   2.1100000e+00	   6.0000000e+00	   8.0170213e+00	  -1.2612305e+02	
   2.1200000e+00	   6.0000000e+00	   9.4343976e+00	  -1.2533203e+02	
   2.1300000e+00	   6.0000000e+00	   1.3031601e+01	  -1.2522217e+02	
   2.1400000e+00	   6.0000000e+00	   1.2220275e+01	  -1.2210205e+02	
   2.1500000e+00	   6.0000000e+00	   1.3432376e+01	  -1.2335449e+02	
   2.1600000e+00	   6.0000000e+00	   1.4781328e+01	  -1.2229980e+02	
   2.1700000e+00	   6.0000000e+00	   1.7322830e+01	  -1.1874023e+02	
   2.1800000e+00	   6.0000000e+00	   1.4664027e+01	  -1.2023438e+02	
   2.1900000e+00	   6.0000000e+00	   1.7899555e+01	  -1.1777344e+02	
   2.2000000e+00	   6.0000000e+00	   1.7928880e+01	  -1.1794922e+02	
   2.2100000e+00	   6.0000000e+00	   1.9307157e+01	  -1.1612549e+02	
   2.2200000e+00	   6.0000000e+00	   2.0255333e+01	  -1.1485107e+02	
   2.2300000e+00	   6.0000000e+00	   1.9659057e+01	  -1.1375244e+02	
   2.2400000e+00	   6.0000000e+00	   2.1271934e+01	  -1.1236816e+02	
   2.2500000e+00	   6.0000000e+00	   2.2884810e+01	  -1.0990723e+02	
   2.2600000e+00	   6.0000000e+00	   2.3735236e+01	  -1.0817139e+02	
   2.2700000e+00	   6.0000000e+00	   2.3901411e+01	  -1.0751221e+02	
   2.2800000e+00	   6.0000000e+00	   2.3940511e+01	  -1.0544678e+02	
   2.2900000e+00	   6.0000000e+00	   2.5807538e+01	  -1.0375488e+02	
   2.3000000e+00	   6.0000000e+00	   2.5797763e+01	  -1.0276611e+02	
   2.3100000e+00	   6.0000000e+00	   2.7234689e+01	  -1.0048096e+02	
   2.3200000e+00	   6.0000000e+00	   2.7840740e+01	  -9.9997559e+01	
   2.3300000e+00	   6.0000000e+00	   2.9189691e+01	  -9.6635742e+01	
   2.3400000e+00	   6.0000000e+00	   3.0186742e+01	  -9.4877930e+01	
   2.3500000e+00	   6.0000000e+00	   2.8515215e+01	  -9.3801270e+01	
   2.3600000e+00	   6.0000000e+00	   2.8661840e+01	  -9.0856934e+01	
   2.3700000e+00	   6.0000000e+00	   3.1428168e+01	  -9.0615234e+01	
   2.3800000e+00	   6.0000000e+00	   3.2552294e+01	  -8.8417969e+01	
   2.3900000e+00	   6.0000000e+00	   3.3070369e+01	  -8.5671387e+01	
   2.4000000e+00	   6.0000000e+00	   3.3500470e+01	  -8.4111328e+01	
   2.4100000e+00	   6.0000000e+00	   3.2454544e+01	  -8.2331543e+01	
   2.4200000e+00	   6.0000000e+00	   3.4947171e+01	  -8.0529785e+01	
   2.4300000e+00	   6.0000000e+00	   3.4429096e+01	  -7.8002930e+01	
   2.4400000e+00	   6.0000000e+00	   3.3617770e+01	  -7.6464844e+01	
   2.4500000e+00	   6.0000000e+00	   3.4477971e+01	  -7.3630371e+01	
   2.4600000e+00	   6.0000000e+00	   3.5299071e+01	  -7.1257324e+01	
   2.4700000e+00	   6.0000000e+00	   3.7547324e+01	  -6.8950195e+01	
   2.4800000e+00	   6.0000000e+00	   3.5885572e+01	  -6.6972656e+01	
   2.4900000e+00	   6.0000000e+00	   3.8016524e+01	  -6.5698242e+01	
   2.5000000e+00	   6.0000000e+00	   3.7860124e+01	  -6.2556152e+01	
   2.5100000e+00	   6.0000000e+00	   3.8759425e+01	  -5.9589844e+01	
   2.5200000e+00	   6.0000000e+00	   3.8045849e+01	  -5.7502441e+01	
   2.5300000e+00	   6.0000000e+00	   3.9228625e+01	  -5.4514160e+01	
   2.5400000e+00	   6.0000000e+00	   4.0176801e+01	  -5.0822754e+01	
   2.5500000e+00	   6.0000000e+00	   4.0342976e+01	  -4.8757324e+01	
   2.5600000e+00	   6.0000000e+00	   3.9795576e+01	  -4.8405762e+01	
   2.5700000e+00	   6.0000000e+00	   4.2757403e+01	  -4.2253418e+01	
   2.5800000e+00	   6.0000000e+00	   4.1203177e+01	  -4.1154785e+01	
   2.5900000e+00	   6.0000000e+00	   4.1144527e+01	  -3.9396973e+01	
   2.6000000e+00	   6.0000000e+00	   4.4067255e+01	  -3.5551758e+01	
   2.6100000e+00	   6.0000000e+00	   4.1760352e+01	  -3.4255371e+01	
   2.6200000e+00	   6.0000000e+00	   4.4722180e+01	  -3.1530762e+01	
   2.6300000e+00	   6.0000000e+00	   4.4995880e+01	  -2.9201660e+01	
   2.6400000e+00	   6.0000000e+00	   4.5963606e+01	  -2.4082031e+01	
   2.6500000e+00	   6.0000000e+00	   4.5826756e+01	  -2.4301758e+01	
   2.6600000e+00	   6.0000000e+00	   4.5582381e+01	  -2.0654297e+01	
   2.6700000e+00	   6.0000000e+00	   4.6911782e+01	  -1.6479492e+01	
   2.6800000e+00	   6.0000000e+00	   4.4673305e+01	  -1.5029297e+01	
   2.6900000e+00	   6.0000000e+00	   4.6882457e+01	  -8.9648438e+00	
   2.7000000e+00	   6.0000000e+00	   4.7175707e+01	  -5.8447266e+00	
   2.7100000e+00	   6.0000000e+00	   4.6882457e+01	  -1.5161133e+00	
   2.7200000e+00	   6.0000000e+00	   4.7302783e+01	   1.1865234e+00	
   2.7300000e+00	   6.0000000e+00	   4.6853132e+01	   3.2958984e-01	
   2.7400000e+00	   6.0000000e+00	   4.8475784e+01	   3.5375977e+00	
   2.7500000e+00	   6.0000000e+00	   4.8162983e+01	   5.9106445e+00	
   2.7600000e+00	   6.0000000e+00	   4.8749484e+01	   1.2502441e+01	
   2.7700000e+00	   6.0000000e+00	   4.9834510e+01	   1.3601074e+01	
   2.7800000e+00	   6.0000000e+00	   4.9032959e+01	   1.6347656e+01	
   2.7900000e+00	   6.0000000e+00	   4.9766085e+01	   2.1049805e+01	
   2.8000000e+00	   6.0000000e+00	   5.0176635e+01	   2.2126465e+01	
   2.8100000e+00	   6.0000000e+00	   4.8387809e+01	   2.3334961e+01	
   2.8200000e+00	   6.0000000e+00	   4.8241183e+01	   2.6499023e+01	
   2.8300000e+00	   6.0000000e+00	   5.0235285e+01	   3.0278320e+01	
   2.8400000e+00	   6.0000000e+00	   4.9599910e+01	   3.4760742e+01	
   2.8500000e+00	   6.0000000e+00	   5.1105261e+01	   3.8913574e+01	
   2.8600000e+00	   6.0000000e+00	   5.1036836e+01	   4.3659668e+01	
   2.8700000e+00	   6.0000000e+00	   5.0733811e+01	   4.6647949e+01	
   2.8800000e+00	   6.0000000e+00	   5.0508986e+01	   4.9812012e+01	
   2.8900000e+00	   6.0000000e+00	   5.0430785e+01	   5.1020508e+01	
   2.9000000e+00	   6.0000000e+00	   5.1945912e+01	   5.4118652e+01	
   2.9100000e+00	   6.0000000e+00	   5.1105261e+01	   6.0314941e+01	
   2.9200000e+00	   6.0000000e+00	   5.1584236e+01	   6.3237305e+01	
   2.9300000e+00	   6.0000000e+00	   5.3588113e+01	   6.5808105e+01	
   2.9400000e+00	   6.0000000e+00	   5.1799287e+01	   6.7456055e+01	
   2.9500000e+00	   6.0000000e+00	   5.3627213e+01	   7.1828613e+01	
   2.9600000e+00	   6.0000000e+00	   5.3138463e+01	   7.5410156e+01	
   2.9700000e+00	   6.0000000e+00	   5.3255763e+01	   7.9848633e+01	
   2.9800000e+00	   6.0000000e+00	   5.3461038e+01	   8.4243164e+01	
   2.9900000e+00	   6.0000000e+00	   5.3646763e+01	   8.6000977e+01	
   3.0000000e+00	   6.0000000e+00	   5.2278262e+01	   8.6967773e+01	
   3.0100000e+00	   6.0000000e+00	   5.3832489e+01	   9.3691406e+01	
   3.0200000e+00	   6.0000000e+00	   5.4897965e+01	   9.3295898e+01	
   3.0300000e+00	   6.0000000e+00	   5.4438539e+01	   9.8129883e+01	
   3.0400000e+00	   6.0000000e+00	   5.4663364e+01	   1.0390869e+02	
   3.0500000e+00	   6.0000000e+00	   5.3646763e+01	   1.0964355e+02	
   3.0600000e+00	   6.0000000e+00	   5.3216663e+01	   1.0878662e+02	
   3.0700000e+00	   6.0000000e+00	   5.4624264e+01	   1.1228027e+02	
   3.0800000e+00	   6.0000000e+00	   5.4858865e+01	   1.1799316e+02	
   3.0900000e+00	   6.0000000e+00	   5.4702464e+01	   1.2300293e+02	
   3.1000000e+00	   6.0000000e+00	   5.5699515e+01	   1.2438721e+02	
   3.1100000e+00	   6.0000000e+00	   5.4331014e+01	   1.2478271e+02	
   3.1200000e+00	   6.0000000e+00	   5.5904790e+01	   1.3069336e+02	
   3.1300000e+00	   6.0000000e+00	   5.6080741e+01	   1.3688965e+02	
   3.1400000e+00	   6.0000000e+00	   5.4946840e+01	   1.3781250e+02	
   3.1500000e+00	   6.0000000e+00	   5.4907740e+01	   1.4334961e+02	
   3.1600000e+00	   6.0000000e+00	   5.5054365e+01	   1.4447021e+02	
   3.1700000e+00	   6.0000000e+00	   5.6061191e+01	   1.5060059e+02	
   3.1800000e+00	   6.0000000e+00	   5.3783614e+01	   1.5325928e+02	
   3.1900000e+00	   6.0000000e+00	   5.6100291e+01	   1.5752197e+02	
   3.2000000e+00	   6.0000000e+00	   5.4526514e+01	   1.6035645e+02	
   3.2100000e+00	   6.0000000e+00	   5.6256691e+01	   1.6598145e+02	
   3.2200000e+00	   6.0000000e+00	   5.4839314e+01	   1.6782715e+02	
   3.2300000e+00	   6.0000000e+00	   5.5572440e+01	   1.6993652e+02	
   3.2400000e+00	   6.0000000e+00	   5.6481516e+01	   1.7938477e+02	
   3.2500000e+00	   6.0000000e+00	   5.4888190e+01	   1.7294678e+02	
   3.2600000e+00	   6.0000000e+00	   5.8074842e+01	   1.7764893e+02	
   3.2700000e+00	   6.0000000e+00	   5.6354441e+01	  -1.3908691e+01	
   3.2800000e+00	   6.0000000e+00	   5.6804091e+01	  -1.8000000e+02	
   3.2900000e+00	   6.0000000e+00	   5.6579266e+01	  -1.8000000e+02	
   3.3000000e+00	   6.0000000e+00	   5.6119841e+01	  -1.8000000e+02	
   3.3100000e+00	   6.0000000e+00	   5.6921391e+01	  -1.7698975e+02	
   3.3200000e+00	   6.0000000e+00	   5.6168716e+01	  -1.7800049e+02	
   3.3300000e+00	   6.0000000e+00	   5.7077792e+01	  -1.7305664e+02	
   3.3400000e+00	   6.0000000e+00	   5.6774766e+01	  -1.6907959e+02	
   3.3500000e+00	   6.0000000e+00	   5.7331942e+01	  -1.6477295e+02	
   3.3600000e+00	   6.0000000e+00	   5.6422866e+01	  -1.6207031e+02	
   3.3700000e+00	   6.0000000e+00	   5.7116892e+01	  -1.5668701e+02	
   3.3800000e+00	   6.0000000e+00	   5.6589041e+01	  -1.5703857e+02	
   3.3900000e+00	   6.0000000e+00	   5.8446293e+01	  -1.4939209e+02	
   3.4000000e+00	   6.0000000e+00	   5.5973216e+01	  -1.4726074e+02	
   3.4100000e+00	   6.0000000e+00	   5.7664292e+01	  -1.4297607e+02	
   3.4200000e+00	   6.0000000e+00	   5.6139391e+01	  -1.4080078e+02	
   3.4300000e+00	   6.0000000e+00	   5.7791367e+01	  -1.3684570e+02	
   3.4400000e+00	   6.0000000e+00	   5.7087567e+01	  -1.3291260e+02	
   3.4500000e+00	   6.0000000e+00	   5.7009366e+01	  -1.2990234e+02	
   3.4600000e+00	   6.0000000e+00	   5.5963441e+01	  -1.2647461e+02	
   3.4700000e+00	   6.0000000e+00	   5.7429692e+01	  -1.2315674e+02	
   3.4800000e+00	   6.0000000e+00	   5.8778643e+01	  -1.1808105e+02	
   3.4900000e+00	   6.0000000e+00	   5.8182368e+01	  -1.1478516e+02	
   3.5000000e+00	   6.0000000e+00	   5.7478567e+01	  -1.1214844e+02	
   3.5100000e+00	   6.0000000e+00	   5.8211693e+01	  -1.0740234e+02	
   3.5200000e+00	   6.0000000e+00	   5.7351492e+01	  -1.0430420e+02	
   3.5300000e+00	   6.0000000e+00	   5.8563593e+01	  -1.0140381e+02	
   3.5400000e+00	   6.0000000e+00	   5.8299668e+01	  -9.6811523e+01	
   3.5500000e+00	   6.0000000e+00	   5.8465843e+01	  -9.3317871e+01	
   3.5600000e+00	   6.0000000e+00	   5.5846140e+01	  -9.1010742e+01	
   3.5700000e+00	   6.0000000e+00	   5.6999591e+01	  -8.7780762e+01	
   3.5800000e+00	   6.0000000e+00	   5.8377868e+01	  -8.4067383e+01	
   3.5900000e+00	   6.0000000e+00	   5.7556767e+01	  -7.9958496e+01	
   3.6000000e+00	   6.0000000e+00	   5.7204867e+01	  -7.7211914e+01	
   3.6100000e+00	   6.0000000e+00	   5.7390592e+01	  -7.2619629e+01	
   3.6200000e+00	   6.0000000e+00	   5.7967317e+01	  -7.1235352e+01	
   3.6300000e+00	   6.0000000e+00	   5.9130543e+01	  -6.7324219e+01	
   3.6400000e+00	   6.0000000e+00	   5.7331942e+01	  -6.2863770e+01	
   3.6500000e+00	   6.0000000e+00	   5.8211693e+01	  -5.9699707e+01	
   3.6600000e+00	   6.0000000e+00	   5.7136442e+01	  -5.7150879e+01	
   3.6700000e+00	   6.0000000e+00	   5.6041641e+01	  -5.2998047e+01	
   3.6800000e+00	   6.0000000e+00	   5.5797265e+01	  -5.0581055e+01	
   3.6900000e+00	   6.0000000e+00	   5.9013243e+01	  -4.5878906e+01	
   3.7000000e+00	   6.0000000e+00	   5.9091443e+01	  -4.2187500e+01	
   3.7100000e+00	   6.0000000e+00	   5.9218519e+01	  -3.8891602e+01	
   3.7200000e+00	   6.0000000e+00	   5.7850017e+01	  -3.6672363e+01	
   3.7300000e+00	   6.0000000e+00	   5.8035742e+01	  -3.4519043e+01	
   3.7400000e+00	   6.0000000e+00	   5.7566542e+01	  -2.8828125e+01	
   3.7500000e+00	   6.0000000e+00	   5.9101218e+01	  -2.5290527e+01	
   3.7600000e+00	   6.0000000e+00	   5.7830467e+01	  -2.1687012e+01	
   3.7700000e+00	   6.0000000e+00	   5.7674067e+01	  -1.8500977e+01	
   3.7800000e+00	   6.0000000e+00	   6.0078719e+01	  -1.2985840e+01	
   3.7900000e+00	   6.0000000e+00	   5.8299668e+01	  -1.1843262e+01	
   3.8000000e+00	   6.0000000e+00	   5.8759093e+01	  -6.9433594e+00	
   3.8100000e+00	   6.0000000e+00	   5.6901841e+01	  -4.8559570e+00	
   3.8200000e+00	   6.0000000e+00	   5.8436518e+01	   2.1313477e+00	
   3.8300000e+00	   6.0000000e+00	   5.7801142e+01	   3.0322266e+00	
   3.8400000e+00	   6.0000000e+00	   5.6833416e+01	   5.4272461e+00	
   3.8500000e+00	   6.0000000e+00	   5.6207816e+01	   1.0590820e+01	
   3.8600000e+00	   6.0000000e+00	   5.8035742e+01	   1.1865234e+01	
   3.8700000e+00	   6.0000000e+00	   5.8622243e+01	   1.8105469e+01	
   3.8800000e+00	   6.0000000e+00	   5.7986867e+01	   2.4587402e+01	
   3.8900000e+00	   6.0000000e+00	   5.7615417e+01	   2.6323242e+01	
   3.9000000e+00	   6.0000000e+00	   5.6393541e+01	   2.9619141e+01	
   3.9100000e+00	   6.0000000e+00	   5.8270343e+01	   3.5749512e+01	
   3.9200000e+00	   6.0000000e+00	   5.9091443e+01	   3.7485352e+01	
   3.9300000e+00	   6.0000000e+00	   5.6344666e+01	   3.8034668e+01	
   3.9400000e+00	   6.0000000e+00	   5.7322167e+01	   4.1923828e+01	
   3.9500000e+00	   6.0000000e+00	   5.8133493e+01	   4.7395020e+01	
   3.9600000e+00	   6.0000000e+00	   5.8094392e+01	   5.2382813e+01	
   3.9700000e+00	   6.0000000e+00	   5.8133493e+01	   5.7875977e+01	
   3.9800000e+00	   6.0000000e+00	   5.7449242e+01	   5.7304688e+01	
   3.9900000e+00	   6.0000000e+00	   5.7537217e+01	   5.7150879e+01	
   4.0000000e+00	   6.0000000e+00	   5.9286944e+01	   6.7785645e+01	
   4.0100000e+00	   6.0000000e+00	   5.5855915e+01	   6.7895508e+01	
   4.0200000e+00	   6.0000000e+00	   5.7527442e+01	   7.3103027e+01	
   4.0300000e+00	   6.0000000e+00	   5.7801142e+01	   7.7519531e+01	
   4.0400000e+00	   6.0000000e+00	   5.8485393e+01	   8.1870117e+01	
   4.0500000e+00	   6.0000000e+00	   5.7605642e+01	   8.2749023e+01	
   4.0600000e+00	   6.0000000e+00	   5.8182368e+01	   8.5957031e+01	
   4.0700000e+00	   6.0000000e+00	   5.6940941e+01	   9.3669434e+01	
   4.0800000e+00	   6.0000000e+00	   5.8954593e+01	   9.5163574e+01	
   4.0900000e+00	   6.0000000e+00	   5.7478567e+01	   9.8041992e+01	
   4.1000000e+00	   6.0000000e+00	   5.7351492e+01	   1.0267822e+02	
   4.1100000e+00	   6.0000000e+00	   5.8358318e+01	   1.0731445e+02	
   4.1200000e+00	   6.0000000e+00	   5.7889117e+01	   1.1234619e+02	
   4.1300000e+00	   6.0000000e+00	   5.7586092e+01	   1.1570801e+02	
   4.1400000e+00	   6.0000000e+00	   5.7546992e+01	   1.1786133e+02	
   4.1500000e+00	   6.0000000e+00	   5.7810917e+01	   1.2531006e+02	
   4.1600000e+00	   6.0000000e+00	   5.7175542e+01	   1.2493652e+02	
   4.1700000e+00	   6.0000000e+00	   5.7889117e+01	   1.2825439e+02	
   4.1800000e+00	   6.0000000e+00	   5.7820692e+01	   1.3390137e+02	
   4.1900000e+00	   6.0000000e+00	   5.7810917e+01	   1.3704346e+02	
   4.2000000e+00	   6.0000000e+00	   5.9150093e+01	   1.4260254e+02	
   4.2100000e+00	   6.0000000e+00	   5.7967317e+01	   1.4370117e+02	
   4.2200000e+00	   6.0000000e+00	   5.7840242e+01	   1.4644775e+02	
   4.2300000e+00	   6.0000000e+00	   5.7908667e+01	   1.4956787e+02	
   4.2400000e+00	   6.0000000e+00	   5.8651568e+01	   1.5725830e+02	
   4.2500000e+00	   6.0000000e+00	   5.9482444e+01	   1.6193848e+02	
   4.2600000e+00	   6.0000000e+00	   5.7507892e+01	   1.6415771e+02	
   4.2700000e+00	   6.0000000e+00	   5.8182368e+01	   1.7277100e+02	
   4.2800000e+00	   6.0000000e+00	   5.8241018e+01	   1.7171631e+02	
   4.2900000e+00	   6.0000000e+00	   5.8260568e+01	   1.7707764e+02	
   4.3000000e+00	   6.0000000e+00	   5.8710218e+01	   1.7806641e+02	
   4.3100000e+00	   6.0000000e+00	   5.9717044e+01	   1.7641846e+02	
   4.3200000e+00	   6.0000000e+00	   5.9589969e+01	  -1.4897461e+01	
   4.3300000e+00	   6.0000000e+00	   5.8426743e+01	  -1.8000000e+02	
   4.3400000e+00	   6.0000000e+00	   5.8456068e+01	  -1.8000000e+02	
   4.3500000e+00	   6.0000000e+00	   5.9120768e+01	  -1.8000000e+02	
   4.3600000e+00	   6.0000000e+00	   5.8270343e+01	  -1.7892334e+02	
   4.3700000e+00	   6.0000000e+00	   5.8798193e+01	  -1.7233154e+02	
   4.3800000e+00	   6.0000000e+00	   5.9198969e+01	  -1.6885986e+02	
   4.3900000e+00	   6.0000000e+00	   5.8690668e+01	  -1.6560791e+02	
   4.4000000e+00	   6.0000000e+00	   5.8807968e+01	  -1.5921387e+02	
   4.4100000e+00	   6.0000000e+00	   5.9326044e+01	  -1.5851074e+02	
   4.4200000e+00	   6.0000000e+00	   5.9013243e+01	  -1.5345703e+02	
   4.4300000e+00	   6.0000000e+00	   5.7967317e+01	  -1.5147949e+02	
   4.4400000e+00	   6.0000000e+00	   5.9472669e+01	  -1.4781006e+02	
   4.4500000e+00	   6.0000000e+00	   5.8231243e+01	  -1.4425049e+02	
   4.4600000e+00	   6.0000000e+00	   5.8778643e+01	  -1.4238281e+02	
   4.4700000e+00	   6.0000000e+00	   5.8045517e+01	  -1.3939453e+02	
   4.4800000e+00	   6.0000000e+00	   5.7713167e+01	  -1.3097900e+02	
   4.4900000e+00	   6.0000000e+00	   5.8211693e+01	  -1.2946289e+02	
   4.5000000e+00	   6.0000000e+00	   5.9062118e+01	  -1.2607910e+02	
   4.5100000e+00	   6.0000000e+00	   5.8025967e+01	  -1.2197021e+02	
   4.5200000e+00	   6.0000000e+00	   5.7947767e+01	  -1.1821289e+02	
   4.5300000e+00	   6.0000000e+00	   5.7644742e+01	  -1.1509277e+02	
   4.5400000e+00	   6.0000000e+00	   5.8583143e+01	  -1.1359863e+02	
   4.5500000e+00	   6.0000000e+00	   5.9159868e+01	  -1.0698486e+02	
   4.5600000e+00	   6.0000000e+00	   5.7185317e+01	  -1.0445801e+02	
   4.5700000e+00	   6.0000000e+00	   5.6980041e+01	  -1.0048096e+02	
   4.5800000e+00	   6.0000000e+00	   5.9228294e+01	  -9.6745605e+01	
   4.5900000e+00	   6.0000000e+00	   5.9052343e+01	  -9.3076172e+01	
   4.6000000e+00	   6.0000000e+00	   5.7879342e+01	  -9.0549316e+01	
   4.6100000e+00	   6.0000000e+00	   5.8221468e+01	  -8.6923828e+01	
   4.6200000e+00	   6.0000000e+00	   5.7908667e+01	  -8.4133301e+01	
   4.6300000e+00	   6.0000000e+00	   6.0127594e+01	  -8.0683594e+01	
   4.6400000e+00	   6.0000000e+00	   5.9277169e+01	  -7.7497559e+01	
   4.6500000e+00	   6.0000000e+00	   5.6637916e+01	  -7.4003906e+01	
   4.6600000e+00	   6.0000000e+00	   5.6198041e+01	  -7.0400391e+01	
   4.6700000e+00	   6.0000000e+00	   5.5679965e+01	  -6.7324219e+01	
   4.6800000e+00	   6.0000000e+00	   5.8260568e+01	  -6.1984863e+01	
   4.6900000e+00	   6.0000000e+00	   5.8739543e+01	  -5.9370117e+01	
   4.7000000e+00	   6.0000000e+00	   5.8368093e+01	  -5.4602051e+01	
   4.7100000e+00	   6.0000000e+00	   5.8348543e+01	  -5.0888672e+01	
   4.7200000e+00	   6.0000000e+00	   5.8084617e+01	  -4.9064941e+01	
   4.7300000e+00	   6.0000000e+00	   5.8133493e+01	  -4.2824707e+01	
   4.7400000e+00	   6.0000000e+00	   5.6716116e+01	  -4.3989258e+01	
   4.7500000e+00	   6.0000000e+00	   5.7468792e+01	  -3.9177246e+01	
   4.7600000e+00	   6.0000000e+00	   5.7165767e+01	  -3.5573730e+01	
   4.7700000e+00	   6.0000000e+00	   5.7155992e+01	  -3.1882324e+01	
   4.7800000e+00	   6.0000000e+00	   5.7175542e+01	  -2.7795410e+01	
   4.7900000e+00	   6.0000000e+00	   5.8544043e+01	  -2.3708496e+01	
   4.8000000e+00	   6.0000000e+00	   5.8143268e+01	  -1.7973633e+01	
   4.8100000e+00	   6.0000000e+00	   5.8798193e+01	  -1.6127930e+01	
   4.8200000e+00	   6.0000000e+00	   5.6002541e+01	  -1.5512695e+01	
   4.8300000e+00	   6.0000000e+00	   5.9550869e+01	  -8.3276367e+00	
   4.8400000e+00	   6.0000000e+00	   5.6872516e+01	  -6.6357422e+00	
   4.8500000e+00	   6.0000000e+00	   5.6804091e+01	  -3.8012695e+00	
   4.8600000e+00	   6.0000000e+00	   5.7371042e+01	  -6.5917969e-01	
   4.8700000e+00	   6.0000000e+00	   5.7488342e+01	   2.2192383e+00	
   4.8800000e+00	   6.0000000e+00	   5.6862741e+01	   4.9877930e+00	
   4.8900000e+00	   6.0000000e+00	   5.7400367e+01	   9.6899414e+00	
   4.9000000e+00	   6.0000000e+00	   5.7703392e+01	   1.1447754e+01	
   4.9100000e+00	   6.0000000e+00	   5.9697494e+01	   2.0039063e+01	
   4.9200000e+00	   6.0000000e+00	   5.9697494e+01	   2.3488770e+01	
   4.9300000e+00	   6.0000000e+00	   5.7507892e+01	   2.6982422e+01	
   4.9400000e+00	   6.0000000e+00	   5.8475618e+01	   2.6806641e+01	
   4.9500000e+00	   6.0000000e+00	   5.7292842e+01	   3.5661621e+01	
   4.9600000e+00	   6.0000000e+00	   5.9277169e+01	   3.8342285e+01	
   4.9700000e+00	   6.0000000e+00	   5.7879342e+01	   4.3813477e+01	
   4.9800000e+00	   6.0000000e+00	   5.8983918e+01	   4.6318359e+01	
   4.9900000e+00	   6.0000000e+00	   5.8113943e+01	   5.0141602e+01	
   5.0000000e+00	   6.0000000e+00	   5.7918442e+01	   5.0295410e+01	
   5.0100000e+00	   6.0000000e+00	   5.7830467e+01	   5.3964844e+01	
   5.0200000e+00	   6.0000000e+00	   5.7830467e+01	   5.9084473e+01	
   5.0300000e+00	   6.0000000e+00	   5.7087567e+01	   6.2006836e+01	
   5.0400000e+00	   6.0000000e+00	   5.8250793e+01	   6.7719727e+01	
   5.0500000e+00	   6.0000000e+00	   5.8211693e+01	   7.0466309e+01	
   5.0600000e+00	   6.0000000e+00	   5.7908667e+01	   7.3784180e+01	
   5.0700000e+00	   6.0000000e+00	   5.6364216e+01	   7.7673340e+01	
   5.0800000e+00	   6.0000000e+00	   5.8016192e+01	   8.1342773e+01	
   5.0900000e+00	   6.0000000e+00	   5.8035742e+01	   8.4462891e+01	
   5.1000000e+00	   6.0000000e+00	   5.8514718e+01	   8.8044434e+01	
   5.1100000e+00	   6.0000000e+00	   5.7801142e+01	   9.1889648e+01	
   5.1200000e+00	   6.0000000e+00	   5.6383766e+01	   9.6328125e+01	
   5.1300000e+00	   6.0000000e+00	   6.0039619e+01	   1.0212891e+02	
   5.1400000e+00	   6.0000000e+00	   5.7185317e+01	   1.0298584e+02	
   5.1500000e+00	   6.0000000e+00	   5.8622243e+01	   1.0665527e+02	
   5.1600000e+00	   6.0000000e+00	   5.9150093e+01	   1.1239014e+02	
   5.1700000e+00	   6.0000000e+00	   5.8671118e+01	   1.1529053e+02	
   5.1800000e+00	   6.0000000e+00	   5.8807968e+01	   1.1957520e+02	
   5.1900000e+00	   6.0000000e+00	   5.9550869e+01	   1.2243164e+02	
   5.2000000e+00	   6.0000000e+00	   5.8475618e+01	   1.2410156e+02	
   5.2100000e+00	   6.0000000e+00	   5.9032793e+01	   1.3166016e+02	
   5.2200000e+00	   6.0000000e+00	   5.7498117e+01	   1.3348389e+02	
   5.2300000e+00	   6.0000000e+00	   5.8690668e+01	   1.3844971e+02	
   5.2400000e+00	   6.0000000e+00	   5.9110993e+01	   1.4260254e+02	
   5.2500000e+00	   6.0000000e+00	   5.7371042e+01	   1.4556885e+02	
   5.2600000e+00	   6.0000000e+00	   5.8426743e+01	   1.5073242e+02	
   5.2700000e+00	   6.0000000e+00	   5.8544043e+01	   1.5358887e+02	
   5.2800000e+00	   6.0000000e+00	   5.9433569e+01	   1.5848877e+02	
   5.2900000e+00	   6.0000000e+00	   6.0088494e+01	   1.6149902e+02	
   5.3000000e+00	   6.0000000e+00	   5.7918442e+01	   1.6481689e+02	
   5.3100000e+00	   6.0000000e+00	   5.6530391e+01	   1.6758545e+02	
   5.3200000e+00	   6.0000000e+00	   5.8348543e+01	   1.7367188e+02	
   5.3300000e+00	   6.0000000e+00	   5.9267394e+01	   1.7819824e+02	
   5.3400000e+00	   6.0000000e+00	   6.0274220e+01	   1.7833008e+02	
   5.3500000e+00	   6.0000000e+00	   5.6872516e+01	   1.7402344e+02	
   5.3600000e+00	   6.0000000e+00	   5.6647691e+01	  -1.1579590e+01	
   5.3700000e+00	   6.0000000e+00	   5.7977092e+01	  -1.8000000e+02	
   5.3800000e+00	   6.0000000e+00	   5.8768868e+01	  -1.8000000e+02	
   5.3900000e+00	   6.0000000e+00	   5.8328993e+01	  -1.8000000e+02	
   5.4000000e+00	   6.0000000e+00	   5.8485393e+01	  -1.8000000e+02	
   5.4100000e+00	   6.0000000e+00	   5.8710218e+01	  -1.7602295e+02	
   5.4200000e+00	   6.0000000e+00	   5.6471741e+01	  -1.7132080e+02	
   5.4300000e+00	   6.0000000e+00	   5.7146217e+01	  -1.6475098e+02	
   5.4400000e+00	   6.0000000e+00	   5.6217591e+01	  -1.6466309e+02	
   5.4500000e+00	   6.0000000e+00	   5.9932094e+01	  -1.5697266e+02	
   5.4600000e+00	   6.0000000e+00	   5.8485393e+01	  -1.5365479e+02	
   5.4700000e+00	   6.0000000e+00	   5.8690668e+01	  -1.5000732e+02	
   5.4800000e+00	   6.0000000e+00	   5.7850017e+01	  -1.5095215e+02	
   5.4900000e+00	   6.0000000e+00	   5.9717044e+01	  -1.4132813e+02	
   5.5000000e+00	   6.0000000e+00	   5.8925268e+01	  -1.3932861e+02	
   5.5100000e+00	   6.0000000e+00	   5.6823641e+01	  -1.3809814e+02	
   5.5200000e+00	   6.0000000e+00	   5.7742492e+01	  -1.3365967e+02	
   5.5300000e+00	   6.0000000e+00	   5.8387643e+01	  -1.2893555e+02	
   5.5400000e+00	   6.0000000e+00	   5.8074842e+01	  -1.2583740e+02	
   5.5500000e+00	   6.0000000e+00	   5.7898892e+01	  -1.2342041e+02	
   5.5600000e+00	   6.0000000e+00	   5.8622243e+01	  -1.1799316e+02	
   5.5700000e+00	   6.0000000e+00	   5.8035742e+01	  -1.1509277e+02	
   5.5800000e+00	   6.0000000e+00	   5.8065067e+01	  -1.1102783e+02	
   5.5900000e+00	   6.0000000e+00	   5.9042568e+01	  -1.0781982e+02	
   5.6000000e+00	   6.0000000e+00	   5.8807968e+01	  -1.0386475e+02	
   5.6100000e+00	   6.0000000e+00	   5.7146217e+01	  -1.0116211e+02	
   5.6200000e+00	   6.0000000e+00	   5.7986867e+01	  -9.6635742e+01	
   5.6300000e+00	   6.0000000e+00	   5.8309443e+01	  -9.3933105e+01	
   5.6400000e+00	   6.0000000e+00	   5.8788418e+01	  -8.9143066e+01	
   5.6500000e+00	   6.0000000e+00	   5.8016192e+01	  -8.7670898e+01	
   5.6600000e+00	   6.0000000e+00	   5.9110993e+01	  -8.2770996e+01	
   5.6700000e+00	   6.0000000e+00	   5.8348543e+01	  -7.9101563e+01	
   5.6800000e+00	   6.0000000e+00	   5.8974143e+01	  -7.6157227e+01	
   5.6900000e+00	   6.0000000e+00	   5.8504943e+01	  -7.2487793e+01	
   5.7000000e+00	   6.0000000e+00	   5.8632018e+01	  -6.9323730e+01	
   5.7100000e+00	   6.0000000e+00	   5.7918442e+01	  -6.6335449e+01	
   5.7200000e+00	   6.0000000e+00	   5.7546992e+01	  -6.2622070e+01	
   5.7300000e+00	   6.0000000e+00	   5.7703392e+01	  -5.8051758e+01	
   5.7400000e+00	   6.0000000e+00	   5.9511769e+01	  -5.5832520e+01	
   5.7500000e+00	   6.0000000e+00	   5.6579266e+01	  -5.3041992e+01	
   5.7600000e+00	   6.0000000e+00	   5.7683842e+01	  -4.7922363e+01	
   5.7700000e+00	   6.0000000e+00	   5.9081668e+01	  -4.4868164e+01	
   5.7800000e+00	   6.0000000e+00	   5.8807968e+01	  -4.0935059e+01	
   5.7900000e+00	   6.0000000e+00	   5.7683842e+01	  -3.7133789e+01	
   5.8000000e+00	   6.0000000e+00	   5.9785469e+01	  -3.3266602e+01	
   5.8100000e+00	   6.0000000e+00	   5.6628141e+01	  -3.3002930e+01	
   5.8200000e+00	   6.0000000e+00	   5.8162818e+01	  -2.5883789e+01	
   5.8300000e+00	   6.0000000e+00	   5.6246916e+01	  -2.5334473e+01	
   5.8400000e+00	   6.0000000e+00	   6.0293770e+01	  -1.9226074e+01	
   5.8500000e+00	   6.0000000e+00	   5.9814794e+01	  -1.5358887e+01	
   5.8600000e+00	   6.0000000e+00	   5.7341717e+01	  -1.2941895e+01	
   5.8700000e+00	   6.0000000e+00	   5.8231243e+01	  -1.0063477e+01	
   5.8800000e+00	   6.0000000e+00	   5.7361267e+01	  -5.7788086e+00	
   5.8900000e+00	   6.0000000e+00	   5.9306494e+01	  -2.0434570e+00	
   5.9000000e+00	   6.0000000e+00	   5.9228294e+01	   2.6586914e+00	
   5.9100000e+00	   6.0000000e+00	   5.6188266e+01	   4.8339844e+00	
   5.9200000e+00	   6.0000000e+00	   5.6198041e+01	   7.8222656e+00	
   5.9300000e+00	   6.0000000e+00	   5.7038692e+01	   9.6240234e+00	
   5.9400000e+00	   6.0000000e+00	   5.8153043e+01	   1.3798828e+01	
   5.9500000e+00	   6.0000000e+00	   5.9169643e+01	   1.9907227e+01	
   5.9600000e+00	   6.0000000e+00	   5.8485393e+01	   2.4916992e+01	
   5.9700000e+00	   6.0000000e+00	   6.0196019e+01	   2.7421875e+01	
   5.9800000e+00	   6.0000000e+00	   5.9658394e+01	   2.9882813e+01	
   5.9900000e+00	   6.0000000e+00	   5.7546992e+01	   3.1816406e+01	
   6.0000000e+00	   6.0000000e+00	   6.0733645e+01	   3.5749512e+01	
