   0.0000000e+00	  -1.0000000e+01	  -9.9553697e-01	  -1.3611851e-01	  -9.0044630e-01	  -9.0044630e-01	  -9.0044630e-01	   0.0000000e+00	  -0.0000000e+00	
   5.0000000e-01	  -1.0000000e+01	  -6.4890920e+00	  -1.1222597e+00	  -3.5109080e-01	  -3.5109080e-01	  -3.5109080e-01	   0.0000000e+00	  -0.0000000e+00	
   1.0000000e+00	  -1.0000000e+01	  -6.2838168e+00	  -2.5617931e+00	  -3.7161832e-01	  -3.7161832e-01	  -3.7161832e-01	   0.0000000e+00	  -0.0000000e+00	
   1.5000000e+00	  -1.0000000e+01	  -5.6093412e+00	  -3.4873881e+00	  -4.3906588e-01	  -4.3906588e-01	  -4.3906588e-01	   0.0000000e+00	  -0.0000000e+00	
   2.0000000e+00	  -1.0000000e+01	  -4.9739656e+00	  -3.9807779e+00	  -5.0260344e-01	  -5.0260344e-01	  -5.0260344e-01	   0.0000000e+00	  -0.0000000e+00	
   2.5000000e+00	  -1.0000000e+01	  -6.5770671e+00	  -4.4715626e+00	  -3.4229329e-01	  -3.4229329e-01	  -3.4229329e-01	   0.0000000e+00	  -0.0000000e+00	
   3.0000000e+00	  -1.0000000e+01	  -4.7198154e+00	  -4.7933888e+00	  -5.2801846e-01	  -5.2801846e-01	  -5.2801846e-01	   0.0000000e+00	  -0.0000000e+00	
   3.5000000e+00	  -1.0000000e+01	  -5.8146164e+00	  -4.9229604e+00	  -4.1853836e-01	  -4.1853836e-01	  -4.1853836e-01	   0.0000000e+00	  -0.0000000e+00	
   4.0000000e+00	  -1.0000000e+01	  -6.2251668e+00	  -5.2229244e+00	  -3.7748332e-01	  -3.7748332e-01	  -3.7748332e-01	   0.0000000e+00	  -0.0000000e+00	
   4.5000000e+00	  -1.0000000e+01	  -5.2281159e+00	  -5.3606696e+00	  -4.7718841e-01	  -4.7718841e-01	  -4.7718841e-01	   0.0000000e+00	  -0.0000000e+00	
   5.0000000e+00	   1.0000000e+01	  -5.2769909e+00	  -5.3311044e+00	   1.5276991e+00	   1.5276991e+00	   1.5276991e+00	   0.0000000e+00	   0.0000000e+00	
   5.5000000e+00	   1.0000000e+01	   9.1313724e+00	  -3.3462694e+00	   8.6862763e-02	   8.6862763e-02	   8.6862763e-02	   0.0000000e+00	   0.0000000e+00	
   6.0000000e+00	   1.0000000e+01	   6.4236949e+00	  -3.0438232e-01	   3.5763051e-01	   3.5763051e-01	   3.5763051e-01	   0.0000000e+00	   0.0000000e+00	
   6.5000000e+00	   1.0000000e+01	   4.1754428e+00	   1.2280600e+00	   5.8245572e-01	   5.8245572e-01	   5.8245572e-01	   0.0000000e+00	   0.0000000e+00	
   7.0000000e+00	   1.0000000e+01	   5.6416942e+00	   2.2345225e+00	   4.3583058e-01	   4.3583058e-01	   4.3583058e-01	   0.0000000e+00	   0.0000000e+00	
   7.5000000e+00	   1.0000000e+01	   6.9808704e+00	   3.3493430e+00	   3.0191296e-01	   3.0191296e-01	   3.0191296e-01	   0.0000000e+00	   0.0000000e+00	
   8.0000000e+00	   1.0000000e+01	   4.8987935e+00	   4.0577315e+00	   5.1012065e-01	   5.1012065e-01	   5.1012065e-01	   0.0000000e+00	   0.0000000e+00	
   8.5000000e+00	   1.0000000e+01	   5.3484439e+00	   4.3492063e+00	   4.6515561e-01	   4.6515561e-01	   4.6515561e-01	   0.0000000e+00	   0.0000000e+00	
   9.0000000e+00	   1.0000000e+01	   6.1988697e+00	   4.7387329e+00	   3.8011303e-01	   3.8011303e-01	   3.8011303e-01	   0.0000000e+00	   0.0000000e+00	
   9.5000000e+00	   1.0000000e+01	   4.0190427e+00	   4.8399732e+00	   5.9809573e-01	   5.9809573e-01	   5.9809573e-01	   0.0000000e+00	   0.0000000e+00	
   1.0000000e+01	   1.0000000e+01	   6.6289701e+00	   4.9723357e+00	   3.3710299e-01	   3.3710299e-01	   3.3710299e-01	   0.0000000e+00	   0.0000000e+00	
