   0.0000000e+00	  -1.3669873e+00	  -1.8690645e-01	   3.9792480e+01	   5.4407756e+00	
   5.0000000e-01	  -3.2304891e+01	  -4.7397088e+00	  -1.8215332e+01	   6.9031711e+00	
   1.0000000e+00	  -4.5383853e+01	  -1.4065884e+01	  -1.3897705e+02	  -1.6477268e+01	
   1.5000000e+00	  -4.8355456e+01	  -2.3036320e+01	   8.8066406e+01	  -1.8932384e+01	
   2.0000000e+00	  -4.9020156e+01	  -3.0050910e+01	  -5.9743652e+01	  -9.8826480e+00	
   2.5000000e+00	  -4.9235206e+01	  -3.5267596e+01	   1.6973877e+02	   7.8593292e+00	
   3.0000000e+00	  -4.8922406e+01	  -3.9044375e+01	   1.0964355e+01	   3.0417447e+01	
   3.5000000e+00	  -4.9694632e+01	  -4.1851182e+01	  -1.3752686e+02	   4.7948380e+00	
   4.0000000e+00	  -4.8492306e+01	  -4.3831639e+01	   8.7231445e+01	  -3.3931741e+00	
   4.5000000e+00	  -4.9518682e+01	  -4.5246468e+01	  -6.3105469e+01	   8.3342899e-01	
   5.0000000e+00	  -4.9010381e+01	  -4.6345238e+01	   1.6435547e+02	   1.4449306e+01	
   5.5000000e+00	   1.6531054e+01	  -3.8112644e+01	   1.3194580e+02	   5.1010933e+01	
   6.0000000e+00	   4.2493478e+01	  -1.9620107e+01	  -1.4299805e+02	   3.5550453e+01	
   6.5000000e+00	   4.6677182e+01	  -2.0626503e+00	  -8.2397461e+00	   5.1503637e+00	
   7.0000000e+00	   4.7742658e+01	   1.1411302e+01	   1.4425049e+02	   2.2338535e+01	
   7.5000000e+00	   4.9570585e+01	   2.1596313e+01	  -8.3627930e+01	   2.4518742e+01	
   8.0000000e+00	   4.8426909e+01	   2.9089713e+01	   7.0927734e+01	   1.6077427e+01	
   8.5000000e+00	   4.8690834e+01	   3.4413700e+01	  -1.5479736e+02	   2.1354599e-01	
   9.0000000e+00	   4.7537383e+01	   3.8160179e+01	  -7.8002930e+00	  -2.2076622e+01	
   9.5000000e+00	   4.8632184e+01	   4.0874136e+01	   1.5038086e+02	   3.4552560e+00	
   1.0000000e+01	   4.7654683e+01	   4.2861980e+01	  -7.8244629e+01	   1.2373486e+01	
