   0.0000000e+00	  -5.0000000e+01	   3.4892578e+01	  -8.4892578e+00	  -4.7746149e-01	  -4.7746149e-01	  -1.3984523e-01	  -8.0117963e-01	
   5.0000000e-01	  -5.0000000e+01	   2.5971680e+01	  -7.5971680e+00	  -6.4793170e+00	  -6.4793170e+00	  -2.1774385e+00	  -1.1178509e-01	
   1.0000000e+00	  -5.0000000e+01	   1.3732910e+01	  -6.3732910e+00	  -2.4324633e+00	  -2.4324633e+00	  -4.6237996e+00	  -3.9408277e-01	
   1.5000000e+00	  -5.0000000e+01	   1.0327148e+00	  -5.1032715e+00	  -3.7325395e+00	  -3.7325395e+00	  -4.0422981e+00	  -1.3707320e-01	
   2.0000000e+00	  -5.0000000e+01	  -6.0424805e+00	  -4.3957520e+00	  -3.5174893e+00	  -3.5174893e+00	  -3.1358532e+00	  -8.7826266e-02	
   2.5000000e+00	  -5.0000000e+01	  -1.4853516e+01	  -3.5146484e+00	  -7.0228670e-01	  -7.0228670e-01	  -2.6658793e+00	  -2.8123617e-01	
   3.0000000e+00	  -5.0000000e+01	  -1.9226074e+01	  -3.0773926e+00	  -1.6895626e+00	  -1.6895626e+00	  -1.3984729e+00	  -1.3878300e-01	
   3.5000000e+00	  -5.0000000e+01	  -2.5576172e+01	  -2.4423828e+00	  -1.8166377e+00	  -1.8166377e+00	  -1.2701062e+00	  -6.2574509e-02	
   4.0000000e+00	  -5.0000000e+01	  -3.0058594e+01	  -1.9941406e+00	   1.1647400e+00	   1.1647400e+00	  -9.7793870e-01	  -3.1588807e-01	
   4.5000000e+00	  -5.0000000e+01	  -3.5046387e+01	  -1.4953613e+00	  -3.5761393e+00	  -3.5761393e+00	  -6.7930316e-01	   2.0807780e-01	
   5.0000000e+00	   5.0000000e+01	  -3.6254883e+01	   8.6254883e+00	   1.0572149e+00	   1.0572149e+00	  -1.2762706e+00	   7.5682734e-01	
   5.5000000e+00	   5.0000000e+01	  -2.3203125e+01	   7.3203125e+00	   6.0424695e+00	   6.0424695e+00	   1.4582235e+00	   1.2778430e-01	
   6.0000000e+00	   5.0000000e+01	  -1.1843262e+01	   6.1843262e+00	   3.8821925e+00	   3.8821925e+00	   5.2052891e+00	   2.3021336e-01	
   6.5000000e+00	   5.0000000e+01	  -1.3623047e+00	   5.1362305e+00	   2.5039163e+00	   2.5039163e+00	   4.5271226e+00	   2.6323142e-01	
   7.0000000e+00	   5.0000000e+01	   8.1298828e+00	   4.1870117e+00	   3.2272669e+00	   3.2272669e+00	   2.6559862e+00	   9.5974479e-02	
   7.5000000e+00	   5.0000000e+01	   1.6040039e+01	   3.3959961e+00	   1.7414656e+00	   1.7414656e+00	   2.3572013e+00	   1.6545305e-01	
   8.0000000e+00	   5.0000000e+01	   2.3400879e+01	   2.6599121e+00	   1.1647400e+00	   1.1647400e+00	   1.8508208e+00	   1.4951721e-01	
   8.5000000e+00	   5.0000000e+01	   3.1948242e+01	   1.8051758e+00	   1.1549650e+00	   1.1549650e+00	   1.1262020e+00	   6.5021076e-02	
   9.0000000e+00	   5.0000000e+01	   3.7243652e+01	   1.2756348e+00	   1.6534905e+00	   1.6534905e+00	   1.1844528e+00	  -3.7785571e-02	
   9.5000000e+00	   5.0000000e+01	   3.7485352e+01	   1.2514648e+00	  -1.2301372e+00	  -1.2301372e+00	   7.5334917e-01	   2.4816020e-01	
   1.0000000e+01	   5.0000000e+01	   3.7199707e+01	   1.2800293e+00	  -1.7677627e+00	  -1.7677627e+00	  -9.5728720e-01	   3.0477920e-01	
