   0.0000000e+00	  -5.0000000e+01	   4.0473633e+01	  -9.0473633e+00	  -5.4588655e-01	  -5.4588655e-01	  -1.5988647e-01	  -8.5014767e-01	
   5.0000000e-01	  -5.0000000e+01	   3.0278320e+01	  -8.0278320e+00	  -6.6063921e+00	  -6.6063921e+00	  -2.2547404e+00	  -1.4214399e-01	
   1.0000000e+00	  -5.0000000e+01	   1.3117676e+01	  -6.3117676e+00	  -4.2017399e+00	  -4.2017399e+00	  -5.2330503e+00	  -2.1100277e-01	
   1.5000000e+00	  -5.0000000e+01	   3.5375977e+00	  -5.3537598e+00	  -3.0873889e+00	  -3.0873889e+00	  -4.9137127e+00	  -2.2663709e-01	
   2.0000000e+00	  -5.0000000e+01	  -1.0766602e+00	  -4.8923340e+00	  -4.2017399e+00	  -4.2017399e+00	  -3.3720233e+00	  -6.9059406e-02	
   2.5000000e+00	  -5.0000000e+01	  -9.3383789e+00	  -4.0661621e+00	  -1.7775377e+00	  -1.7775377e+00	  -3.0431664e+00	  -2.2886244e-01	
   3.0000000e+00	  -5.0000000e+01	  -1.3315430e+01	  -3.6684570e+00	  -2.6279635e+00	  -2.6279635e+00	  -2.4630835e+00	  -1.0404936e-01	
   3.5000000e+00	  -5.0000000e+01	  -2.1752930e+01	  -2.8247070e+00	  -2.1587630e+00	  -2.1587630e+00	  -2.1702163e+00	  -6.6594399e-02	
   4.0000000e+00	  -5.0000000e+01	  -2.2785645e+01	  -2.7214355e+00	   2.1656415e-01	   2.1656415e-01	  -1.5482583e+00	  -2.9379997e-01	
   4.5000000e+00	  -5.0000000e+01	  -2.2807617e+01	  -2.7192383e+00	  -1.2556116e-01	  -1.2556116e-01	  -1.6985247e-01	  -2.5936771e-01	
   5.0000000e+00	   5.0000000e+01	  -2.3576660e+01	   7.3576660e+00	  -8.0981179e-01	  -8.0981179e-01	   1.8328888e-02	   8.1674778e-01	
   5.5000000e+00	   5.0000000e+01	  -1.7446289e+01	   6.7446289e+00	   4.7032933e+00	   4.7032933e+00	   8.9555201e-01	   2.0413356e-01	
   6.0000000e+00	   5.0000000e+01	  -1.2963867e+00	   5.1296387e+00	   5.5341691e+00	   5.5341691e+00	   4.1357129e+00	  -4.0453038e-02	
   6.5000000e+00	   5.0000000e+01	   4.9877930e+00	   4.5012207e+00	   3.4363927e-01	   3.4363927e-01	   4.5664011e+00	   4.1575814e-01	
   7.0000000e+00	   5.0000000e+01	   1.3007813e+01	   3.6992188e+00	   4.6837433e+00	   4.6837433e+00	   2.4844803e+00	  -9.8452452e-02	
   7.5000000e+00	   5.0000000e+01	   2.0434570e+01	   2.9565430e+00	  -8.2936181e-01	  -8.2936181e-01	   1.8179379e+00	   3.7859048e-01	
   8.0000000e+00	   5.0000000e+01	   2.8476563e+01	   2.1523438e+00	   1.8001156e+00	   1.8001156e+00	   9.8697997e-01	   3.5222814e-02	
   8.5000000e+00	   5.0000000e+01	   3.4497070e+01	   1.5502930e+00	   2.5625663e+00	   2.5625663e+00	   1.2502183e+00	  -1.0122733e-01	
   9.0000000e+00	   5.0000000e+01	   3.4980469e+01	   1.5019531e+00	  -7.8048677e-01	  -7.8048677e-01	   1.6304200e+00	   2.2824399e-01	
   9.5000000e+00	   5.0000000e+01	   3.9155273e+01	   1.0844727e+00	  -1.3181123e+00	  -1.3181123e+00	  -3.0720996e-01	   2.4025849e-01	
   1.0000000e+01	   5.0000000e+01	   3.5991211e+01	   1.4008789e+00	   2.5566419e-01	   2.5566419e-01	  -1.2055851e+00	   1.1452147e-01	
