   0.0000000e+00	   0.0000000e+00	   0.0000000e+00	   0.0000000e+00	   0.0000000e+00	   0.0000000e+00	   0.0000000e+00	   0.0000000e+00	   0.0000000e+00	
   5.0000000e-01	  -1.7199421e-01	  -5.0575746e-02	  -6.9151578e-03	  -1.7746914e+00	  -5.4749228e-02	  -7.4857928e-03	  -1.2141847e-02	  -1.7199421e+00	
   1.0000000e+00	  -9.9624792e-01	  -3.2301184e-01	  -5.6104315e-02	  -1.0493827e+01	  -5.3134800e-01	  -8.5575081e-02	  -6.7323607e-02	  -9.9624792e+00	
   1.5000000e+00	  -2.2782572e+00	  -8.4860137e-01	  -2.0095536e-01	  -2.5000000e+01	  -2.2174284e+00	  -4.3801066e-01	  -1.4296558e-01	  -2.2782572e+01	
   2.0000000e+00	  -3.3877190e+00	  -1.4213992e+00	  -4.5637693e-01	  -3.9506173e+01	  -5.6289824e+00	  -1.3910632e+00	  -1.9663199e-01	  -3.3877190e+01	
   2.5000000e+00	  -3.7728814e+00	  -1.7658808e+00	  -7.6737000e-01	  -4.8225309e+01	  -1.0496495e+01	  -3.2154827e+00	  -2.0070006e-01	  -3.7728814e+01	
   3.0000000e+00	  -3.4108401e+00	  -1.7617336e+00	  -1.0398532e+00	  -5.0000000e+01	  -1.5891599e+01	  -5.9441957e+00	  -1.6491065e-01	  -3.4108401e+01	
   3.5000000e+00	  -2.9082539e+00	  -1.5661553e+00	  -1.2105156e+00	  -5.0000000e+01	  -2.0917461e+01	  -9.3515673e+00	  -1.3420986e-01	  -2.9082539e+01	
   4.0000000e+00	  -2.4720578e+00	  -1.3428171e+00	  -1.2772312e+00	  -5.0000000e+01	  -2.5279422e+01	  -1.3110753e+01	  -1.1292406e-01	  -2.4720578e+01	
   4.5000000e+00	  -2.0999001e+00	  -1.1427568e+00	  -1.2678122e+00	  -5.0000000e+01	  -2.9000999e+01	  -1.6947213e+01	  -9.5714333e-02	  -2.0999001e+01	
   5.0000000e+00	  -1.7835183e+00	  -9.7096301e-01	  -1.2101257e+00	  -5.0000000e+01	  -3.2164817e+01	  -2.0675995e+01	  -8.1255533e-02	  -1.7835183e+01	
   5.5000000e+00	  -1.5147588e+00	  -8.2471682e-01	  -1.1247288e+00	  -5.0000000e+01	  -3.4852412e+01	  -2.4185171e+01	  -6.9004194e-02	  -1.5147588e+01	
   6.0000000e+00	  -9.4250207e-01	  -5.9929620e-01	  -1.0118668e+00	  -4.6450617e+01	  -3.7025597e+01	  -2.7399345e+01	  -3.4320588e-02	  -9.4250207e+00	
   6.5000000e+00	   8.9987595e-01	   5.1129296e-02	  -8.1011444e-01	  -2.9012346e+01	  -3.8011105e+01	  -3.0166462e+01	   8.4874665e-02	   8.9987595e+00	
   7.0000000e+00	   3.6285495e+00	   1.1919571e+00	  -4.1861697e-01	   0.0000000e+00	  -3.6285495e+01	  -3.2075698e+01	   2.4365925e-01	   3.6285495e+01	
   7.5000000e+00	   5.9873154e+00	   2.4136919e+00	   1.8885279e-01	   2.9012346e+01	  -3.0860808e+01	  -3.2485188e+01	   3.5736235e-01	   5.9873154e+01	
   8.0000000e+00	   6.8764083e+00	   3.1673203e+00	   9.0029434e-01	   4.6450617e+01	  -2.2313465e+01	  -3.0872322e+01	   3.7090879e-01	   6.8764083e+01	
   8.5000000e+00	   6.2531957e+00	   3.2139464e+00	   1.5266047e+00	   5.0000000e+01	  -1.2531957e+01	  -2.7194425e+01	   3.0392493e-01	   6.2531957e+01	
   9.0000000e+00	   5.3336926e+00	   2.8694339e+00	   1.9409161e+00	   5.0000000e+01	  -3.3369260e+00	  -2.1927639e+01	   2.4642587e-01	   5.3336926e+01	
   9.5000000e+00	   4.5340595e+00	   2.4623725e+00	   2.1391692e+00	   5.0000000e+01	   4.6594050e+00	  -1.5750541e+01	   2.0716870e-01	   4.5340595e+01	
   1.0000000e+01	   3.8515387e+00	   2.0958968e+00	   2.1774438e+00	   5.0000000e+01	   1.1484613e+01	  -9.2360868e+00	   1.7556418e-01	   3.8515387e+01	
