   0.0000000e+00	  -5.0000000e+00	  -1.8421122e-01	  -1.3166016e+02	
   1.0000000e-02	  -5.0000000e+00	  -3.4061136e-01	  -1.3236328e+02	
   2.0000000e-02	  -5.0000000e+00	  -1.8557378e+00	  -1.3267090e+02	
   3.0000000e-02	  -5.0000000e+00	  -3.2340140e+00	  -1.3203369e+02	
   4.0000000e-02	  -5.0000000e+00	  -3.2340140e+00	  -1.3365967e+02	
   5.0000000e-02	  -5.0000000e+00	  -4.9544156e+00	  -1.3313232e+02	
   6.0000000e-02	  -5.0000000e+00	  -4.9837406e+00	  -1.3627441e+02	
   7.0000000e-02	  -5.0000000e+00	  -5.7070913e+00	  -1.3291260e+02	
   8.0000000e-02	  -5.0000000e+00	  -6.5966171e+00	  -1.3484619e+02	
   9.0000000e-02	  -5.0000000e+00	  -7.1537926e+00	  -1.3420898e+02	
   1.0000000e-01	  -5.0000000e+00	  -7.7011931e+00	  -1.3612061e+02	
   1.1000000e-01	  -5.0000000e+00	  -8.9621693e+00	  -1.3491211e+02	
   1.2000000e-01	  -5.0000000e+00	  -9.8223701e+00	  -1.3592285e+02	
   1.3000000e-01	  -5.0000000e+00	  -1.0838971e+01	  -1.3763672e+02	
   1.4000000e-01	  -5.0000000e+00	  -1.0614146e+01	  -1.3741699e+02	
   1.5000000e-01	  -5.0000000e+00	  -1.0477296e+01	  -1.3849365e+02	
   1.6000000e-01	  -5.0000000e+00	  -1.2383422e+01	  -1.3741699e+02	
   1.7000000e-01	  -5.0000000e+00	  -1.2588698e+01	  -1.3996582e+02	
   1.8000000e-01	  -5.0000000e+00	  -1.4436174e+01	  -1.4053711e+02	
   1.9000000e-01	  -5.0000000e+00	  -1.4846725e+01	  -1.4326172e+02	
   2.0000000e-01	  -5.0000000e+00	  -1.3791024e+01	  -1.4040527e+02	
   2.1000000e-01	  -5.0000000e+00	  -1.6312976e+01	  -1.4712891e+02	
   2.2000000e-01	  -5.0000000e+00	  -1.7583727e+01	  -1.4387695e+02	
   2.3000000e-01	  -5.0000000e+00	  -1.7573952e+01	  -1.4407471e+02	
   2.4000000e-01	  -5.0000000e+00	  -1.7339352e+01	  -1.4726074e+02	
   2.5000000e-01	  -5.0000000e+00	  -1.7075427e+01	  -1.4721680e+02	
   2.6000000e-01	  -5.0000000e+00	  -1.9353004e+01	  -1.4739258e+02	
   2.7000000e-01	  -5.0000000e+00	  -2.0076355e+01	  -1.4985352e+02	
   2.8000000e-01	  -5.0000000e+00	  -2.0350055e+01	  -1.5095215e+02	
   2.9000000e-01	  -5.0000000e+00	  -2.0858355e+01	  -1.5405029e+02	
   3.0000000e-01	  -5.0000000e+00	  -2.2373482e+01	  -1.5334717e+02	
   3.1000000e-01	  -5.0000000e+00	  -2.2363707e+01	  -1.5618164e+02	
   3.2000000e-01	  -5.0000000e+00	  -2.4142758e+01	  -1.5574219e+02	
   3.3000000e-01	  -5.0000000e+00	  -2.3996133e+01	  -1.5771973e+02	
   3.4000000e-01	  -5.0000000e+00	  -2.4025458e+01	  -1.6116943e+02	
   3.5000000e-01	  -5.0000000e+00	  -2.5159359e+01	  -1.6325684e+02	
   3.6000000e-01	  -5.0000000e+00	  -2.5305984e+01	  -1.6288330e+02	
   3.7000000e-01	  -5.0000000e+00	  -2.6645161e+01	  -1.6650879e+02	
   3.8000000e-01	  -5.0000000e+00	  -2.6742911e+01	  -1.6905762e+02	
   3.9000000e-01	  -5.0000000e+00	  -2.7065486e+01	  -1.7026611e+02	
   4.0000000e-01	  -5.0000000e+00	  -2.7935462e+01	  -1.7101318e+02	
   4.1000000e-01	  -5.0000000e+00	  -2.8258037e+01	  -1.7274902e+02	
   4.2000000e-01	  -5.0000000e+00	  -2.8482862e+01	  -1.7162842e+02	
   4.3000000e-01	  -5.0000000e+00	  -2.9822039e+01	  -1.7716553e+02	
   4.4000000e-01	  -5.0000000e+00	  -2.9734063e+01	  -1.7885742e+02	
   4.5000000e-01	  -5.0000000e+00	  -2.9910014e+01	  -1.8000000e+02	
   4.6000000e-01	  -5.0000000e+00	  -3.0633364e+01	  -1.8000000e+02	
   4.7000000e-01	  -5.0000000e+00	  -3.0701789e+01	  -1.8000000e+02	
   4.8000000e-01	  -5.0000000e+00	  -3.1904115e+01	  -1.8000000e+02	
   4.9000000e-01	  -5.0000000e+00	  -3.2461291e+01	  -1.8000000e+02	
   5.0000000e-01	  -5.0000000e+00	  -3.2783866e+01	  -1.8000000e+02	
   5.1000000e-01	  -5.0000000e+00	  -3.2686116e+01	  -1.1843262e+01	
   5.2000000e-01	  -5.0000000e+00	  -3.3184642e+01	  -1.1997070e+01	
   5.3000000e-01	  -5.0000000e+00	  -3.3341042e+01	   1.7081543e+02	
   5.4000000e-01	  -5.0000000e+00	  -3.3927542e+01	   1.7626465e+02	
   5.5000000e-01	  -5.0000000e+00	  -3.3849342e+01	   1.7127686e+02	
   5.6000000e-01	  -5.0000000e+00	  -3.4953918e+01	   1.7479248e+02	
   5.7000000e-01	  -5.0000000e+00	  -3.5423119e+01	   1.7868164e+02	
   5.8000000e-01	  -5.0000000e+00	  -3.6224669e+01	   1.7325439e+02	
   5.9000000e-01	  -5.0000000e+00	  -3.5745694e+01	   1.7081543e+02	
   6.0000000e-01	  -5.0000000e+00	  -3.6195344e+01	   1.6490479e+02	
   6.1000000e-01	  -5.0000000e+00	  -3.6860045e+01	   1.6595947e+02	
   6.2000000e-01	  -5.0000000e+00	  -3.7221720e+01	   1.6321289e+02	
   6.3000000e-01	  -5.0000000e+00	  -3.7964621e+01	   1.6057617e+02	
   6.4000000e-01	  -5.0000000e+00	  -3.6977345e+01	   1.5886230e+02	
   6.5000000e-01	  -5.0000000e+00	  -3.8746622e+01	   1.5453369e+02	
   6.6000000e-01	  -5.0000000e+00	  -3.8433821e+01	   1.5448975e+02	
   6.7000000e-01	  -5.0000000e+00	  -3.8619547e+01	   1.5299561e+02	
   6.8000000e-01	  -5.0000000e+00	  -3.9450422e+01	   1.4651367e+02	
   6.9000000e-01	  -5.0000000e+00	  -3.9245147e+01	   1.4662354e+02	
   7.0000000e-01	  -5.0000000e+00	  -3.8971447e+01	   1.4416260e+02	
   7.1000000e-01	  -5.0000000e+00	  -3.9733898e+01	   1.3754883e+02	
   7.2000000e-01	  -5.0000000e+00	  -3.9909848e+01	   1.3704346e+02	
   7.3000000e-01	  -5.0000000e+00	  -3.9948948e+01	   1.3163818e+02	
   7.4000000e-01	  -5.0000000e+00	  -4.0799374e+01	   1.3001221e+02	
   7.5000000e-01	  -5.0000000e+00	  -4.0985099e+01	   1.2937500e+02	
   7.6000000e-01	  -5.0000000e+00	  -4.0828699e+01	   1.2845215e+02	
   7.7000000e-01	  -5.0000000e+00	  -4.1376099e+01	   1.2080566e+02	
   7.8000000e-01	  -5.0000000e+00	  -4.2050575e+01	   1.1948730e+02	
   7.9000000e-01	  -5.0000000e+00	  -4.2255850e+01	   1.1858643e+02	
   8.0000000e-01	  -5.0000000e+00	  -4.1806200e+01	   1.1384033e+02	
   8.1000000e-01	  -5.0000000e+00	  -4.2197200e+01	   1.1685059e+02	
   8.2000000e-01	  -5.0000000e+00	  -4.2871676e+01	   1.0979736e+02	
   8.3000000e-01	  -5.0000000e+00	  -4.2685950e+01	   1.0555664e+02	
   8.4000000e-01	  -5.0000000e+00	  -4.3311551e+01	   1.0311768e+02	
   8.5000000e-01	  -5.0000000e+00	  -4.3174701e+01	   1.0619385e+02	
   8.6000000e-01	  -5.0000000e+00	  -4.3116051e+01	   9.9514160e+01	
   8.7000000e-01	  -5.0000000e+00	  -4.3213801e+01	   9.8415527e+01	
   8.8000000e-01	  -5.0000000e+00	  -4.3233351e+01	   9.3054199e+01	
   8.9000000e-01	  -5.0000000e+00	  -4.3321326e+01	   9.2790527e+01	
   9.0000000e-01	  -5.0000000e+00	  -4.4406352e+01	   8.9824219e+01	
   9.1000000e-01	  -5.0000000e+00	  -4.3722101e+01	   8.6484375e+01	
   9.2000000e-01	  -5.0000000e+00	  -4.4005577e+01	   8.1936035e+01	
   9.3000000e-01	  -5.0000000e+00	  -4.4826677e+01	   7.8376465e+01	
   9.4000000e-01	  -5.0000000e+00	  -4.4826677e+01	   7.5959473e+01	
   9.5000000e-01	  -5.0000000e+00	  -4.5383853e+01	   7.4729004e+01	
   9.6000000e-01	  -5.0000000e+00	  -4.5462053e+01	   7.4135742e+01	
   9.7000000e-01	  -5.0000000e+00	  -4.5462053e+01	   7.1059570e+01	
   9.8000000e-01	  -5.0000000e+00	  -4.5667328e+01	   6.3874512e+01	
   9.9000000e-01	  -5.0000000e+00	  -4.5745528e+01	   6.4160156e+01	
   1.0000000e+00	  -5.0000000e+00	  -4.5794403e+01	   5.7832031e+01	
   1.0100000e+00	  -5.0000000e+00	  -4.6048553e+01	   5.7919922e+01	
   1.0200000e+00	  -5.0000000e+00	  -4.6126754e+01	   5.4272461e+01	
   1.0300000e+00	  -5.0000000e+00	  -4.5813953e+01	   5.1987305e+01	
   1.0400000e+00	  -5.0000000e+00	  -4.6126754e+01	   4.9855957e+01	
   1.0500000e+00	  -5.0000000e+00	  -4.6107204e+01	   4.4230957e+01	
   1.0600000e+00	  -5.0000000e+00	  -4.6420004e+01	   4.2187500e+01	
   1.0700000e+00	  -5.0000000e+00	  -4.6302704e+01	   3.8583984e+01	
   1.0800000e+00	  -5.0000000e+00	  -4.6468879e+01	   3.6738281e+01	
   1.0900000e+00	  -5.0000000e+00	  -4.7114029e+01	   3.3706055e+01	
   1.1000000e+00	  -5.0000000e+00	  -4.6859879e+01	   3.1684570e+01	
   1.1100000e+00	  -5.0000000e+00	  -4.7162905e+01	   2.4477539e+01	
   1.1200000e+00	  -5.0000000e+00	  -4.7055379e+01	   2.3334961e+01	
   1.1300000e+00	  -5.0000000e+00	  -4.7172680e+01	   2.3378906e+01	
   1.1400000e+00	  -5.0000000e+00	  -4.7211780e+01	   1.8984375e+01	
   1.1500000e+00	  -5.0000000e+00	  -4.7250880e+01	   1.2480469e+01	
   1.1600000e+00	  -5.0000000e+00	  -4.7162905e+01	   1.2897949e+01	
   1.1700000e+00	  -5.0000000e+00	  -4.7329080e+01	   9.6899414e+00	
   1.1800000e+00	  -5.0000000e+00	  -4.7377955e+01	   6.8334961e+00	
   1.1900000e+00	  -5.0000000e+00	  -4.7426830e+01	   4.8779297e+00	
   1.2000000e+00	  -5.0000000e+00	  -4.7544130e+01	  -1.4282227e+00	
   1.2100000e+00	  -5.0000000e+00	  -4.7485480e+01	  -2.4609375e+00	
   1.2200000e+00	  -5.0000000e+00	  -4.7250880e+01	  -4.5922852e+00	
   1.2300000e+00	  -5.0000000e+00	  -4.7417055e+01	  -6.4160156e+00	
   1.2400000e+00	  -5.0000000e+00	  -4.7446380e+01	  -1.0700684e+01	
   1.2500000e+00	  -5.0000000e+00	  -4.7573455e+01	  -1.2194824e+01	
   1.2600000e+00	  -5.0000000e+00	  -4.7788505e+01	  -1.3996582e+01	
   1.2700000e+00	  -5.0000000e+00	  -4.7886255e+01	  -2.0083008e+01	
   1.2800000e+00	  -5.0000000e+00	  -4.7827605e+01	  -1.9577637e+01	
   1.2900000e+00	  -5.0000000e+00	  -4.7768955e+01	  -2.3488770e+01	
   1.3000000e+00	  -5.0000000e+00	  -4.8404331e+01	  -2.7465820e+01	
   1.3100000e+00	  -5.0000000e+00	  -4.7944905e+01	  -3.0498047e+01	
   1.3200000e+00	  -5.0000000e+00	  -4.9254756e+01	  -3.2958984e+01	
   1.3300000e+00	  -5.0000000e+00	  -4.8433656e+01	  -3.7639160e+01	
   1.3400000e+00	  -5.0000000e+00	  -4.8951731e+01	  -3.9770508e+01	
   1.3500000e+00	  -5.0000000e+00	  -4.8247931e+01	  -4.2868652e+01	
   1.3600000e+00	  -5.0000000e+00	  -4.8345681e+01	  -4.5549316e+01	
   1.3700000e+00	  -5.0000000e+00	  -4.8345681e+01	  -4.9482422e+01	
   1.3800000e+00	  -5.0000000e+00	  -4.8511856e+01	  -5.1943359e+01	
   1.3900000e+00	  -5.0000000e+00	  -4.8277256e+01	  -5.3767090e+01	
   1.4000000e+00	  -5.0000000e+00	  -4.8404331e+01	  -5.7216797e+01	
   1.4100000e+00	  -5.0000000e+00	  -4.8932181e+01	  -5.9941406e+01	
   1.4200000e+00	  -5.0000000e+00	  -4.8883306e+01	  -6.2358398e+01	
   1.4300000e+00	  -5.0000000e+00	  -4.9528457e+01	  -6.5720215e+01	
   1.4400000e+00	  -5.0000000e+00	  -4.8893081e+01	  -6.8334961e+01	
   1.4500000e+00	  -5.0000000e+00	  -4.9440482e+01	  -7.1279297e+01	
   1.4600000e+00	  -5.0000000e+00	  -4.8795331e+01	  -7.3059082e+01	
   1.4700000e+00	  -5.0000000e+00	  -4.8443431e+01	  -7.6728516e+01	
   1.4800000e+00	  -5.0000000e+00	  -4.8453206e+01	  -7.9694824e+01	
   1.4900000e+00	  -5.0000000e+00	  -4.8883306e+01	  -8.3100586e+01	
   1.5000000e+00	  -5.0000000e+00	  -4.9313406e+01	  -8.5649414e+01	
   1.5100000e+00	  -5.0000000e+00	  -4.8766006e+01	  -8.8176270e+01	
   1.5200000e+00	  -5.0000000e+00	  -4.9147231e+01	  -9.1691895e+01	
   1.5300000e+00	  -5.0000000e+00	  -4.8550956e+01	  -9.4636230e+01	
   1.5400000e+00	  -5.0000000e+00	  -4.9010381e+01	  -9.7250977e+01	
   1.5500000e+00	  -5.0000000e+00	  -4.9460032e+01	  -9.9536133e+01	
   1.5600000e+00	  -5.0000000e+00	  -4.9215656e+01	  -1.0294189e+02	
   1.5700000e+00	  -5.0000000e+00	  -4.9460032e+01	  -1.0718262e+02	
   1.5800000e+00	  -5.0000000e+00	  -4.8981056e+01	  -1.1006104e+02	
   1.5900000e+00	  -5.0000000e+00	  -4.9088581e+01	  -1.1315918e+02	
   1.6000000e+00	  -5.0000000e+00	  -4.9616432e+01	  -1.1388428e+02	
   1.6100000e+00	  -5.0000000e+00	  -4.8981056e+01	  -1.1964111e+02	
   1.6200000e+00	  -5.0000000e+00	  -4.9293856e+01	  -1.2049805e+02	
   1.6300000e+00	  -5.0000000e+00	  -4.9440482e+01	  -1.2361816e+02	
   1.6400000e+00	  -5.0000000e+00	  -4.9147231e+01	  -1.2702393e+02	
   1.6500000e+00	  -5.0000000e+00	  -4.9684857e+01	  -1.2941895e+02	
   1.6600000e+00	  -5.0000000e+00	  -4.9039706e+01	  -1.3396729e+02	
   1.6700000e+00	  -5.0000000e+00	  -4.9264531e+01	  -1.3489014e+02	
   1.6800000e+00	  -5.0000000e+00	  -4.8795331e+01	  -1.4145996e+02	
   1.6900000e+00	  -5.0000000e+00	  -4.8922406e+01	  -1.4291016e+02	
   1.7000000e+00	  -5.0000000e+00	  -4.9137456e+01	  -1.4451416e+02	
   1.7100000e+00	  -5.0000000e+00	  -4.8717131e+01	  -1.4835938e+02	
   1.7200000e+00	  -5.0000000e+00	  -4.9313406e+01	  -1.5145752e+02	
   1.7300000e+00	  -5.0000000e+00	  -4.8785556e+01	  -1.5233643e+02	
   1.7400000e+00	  -5.0000000e+00	  -4.9587107e+01	  -1.5916992e+02	
   1.7500000e+00	  -5.0000000e+00	  -4.8863756e+01	  -1.5835693e+02	
   1.7600000e+00	  -5.0000000e+00	  -4.9127681e+01	  -1.6541016e+02	
   1.7700000e+00	  -5.0000000e+00	  -4.9117906e+01	  -1.6762939e+02	
   1.7800000e+00	  -5.0000000e+00	  -4.9518682e+01	  -1.6872803e+02	
   1.7900000e+00	  -5.0000000e+00	  -4.8961506e+01	  -1.7424316e+02	
   1.8000000e+00	  -5.0000000e+00	  -4.9078806e+01	  -1.7863770e+02	
   1.8100000e+00	  -5.0000000e+00	  -4.9117906e+01	  -1.8000000e+02	
   1.8200000e+00	  -5.0000000e+00	  -4.9020156e+01	  -1.8000000e+02	
   1.8300000e+00	  -5.0000000e+00	  -4.9078806e+01	  -1.8000000e+02	
   1.8400000e+00	  -5.0000000e+00	  -4.8619381e+01	  -1.8000000e+02	
   1.8500000e+00	  -5.0000000e+00	  -4.9372057e+01	  -1.1425781e+01	
   1.8600000e+00	  -5.0000000e+00	  -4.8717131e+01	  -1.2436523e+01	
   1.8700000e+00	  -5.0000000e+00	  -4.9763057e+01	   1.7411133e+02	
   1.8800000e+00	  -5.0000000e+00	  -4.8971281e+01	   1.7780273e+02	
   1.8900000e+00	  -5.0000000e+00	  -4.9587107e+01	   1.7428711e+02	
   1.9000000e+00	  -5.0000000e+00	  -4.9899907e+01	   1.7525391e+02	
   1.9100000e+00	  -5.0000000e+00	  -4.9479582e+01	   1.7063965e+02	
   1.9200000e+00	  -5.0000000e+00	  -4.9088581e+01	   1.6681641e+02	
   1.9300000e+00	  -5.0000000e+00	  -4.9694632e+01	   1.6393799e+02	
   1.9400000e+00	  -5.0000000e+00	  -4.9332957e+01	   1.5886230e+02	
   1.9500000e+00	  -5.0000000e+00	  -5.0036757e+01	   1.5624756e+02	
   1.9600000e+00	  -5.0000000e+00	  -4.9029931e+01	   1.5242432e+02	
   1.9700000e+00	  -5.0000000e+00	  -5.0173607e+01	   1.5110596e+02	
   1.9800000e+00	  -5.0000000e+00	  -4.9665307e+01	   1.4708496e+02	
   1.9900000e+00	  -5.0000000e+00	  -4.9352507e+01	   1.4284424e+02	
   2.0000000e+00	   5.0000000e+00	  -4.9157006e+01	   1.3673584e+02	
   2.0100000e+00	   5.0000000e+00	  -4.9205881e+01	   1.3735107e+02	
   2.0200000e+00	   5.0000000e+00	  -4.7544130e+01	   1.3234131e+02	
   2.0300000e+00	   5.0000000e+00	  -4.6879429e+01	   1.2851807e+02	
   2.0400000e+00	   5.0000000e+00	  -4.5481603e+01	   1.2911133e+02	
   2.0500000e+00	   5.0000000e+00	  -4.4152202e+01	   1.2533203e+02	
   2.0600000e+00	   5.0000000e+00	  -4.2001700e+01	   1.1948730e+02	
   2.0700000e+00	   5.0000000e+00	  -4.0838474e+01	   1.2049805e+02	
   2.0800000e+00	   5.0000000e+00	  -3.9235372e+01	   1.1794922e+02	
   2.0900000e+00	   5.0000000e+00	  -3.8179671e+01	   1.1478516e+02	
   2.1000000e+00	   5.0000000e+00	  -3.5999844e+01	   1.1232422e+02	
   2.1100000e+00	   5.0000000e+00	  -3.4298993e+01	   1.1381836e+02	
   2.1200000e+00	   5.0000000e+00	  -3.3047792e+01	   1.0984131e+02	
   2.1300000e+00	   5.0000000e+00	  -3.0584489e+01	   1.0781982e+02	
   2.1400000e+00	   5.0000000e+00	  -2.9108463e+01	   1.0808350e+02	
   2.1500000e+00	   5.0000000e+00	  -2.6430110e+01	   1.0439209e+02	
   2.1600000e+00	   5.0000000e+00	  -2.5257109e+01	   1.0296387e+02	
   2.1700000e+00	   5.0000000e+00	  -2.2236632e+01	   9.7426758e+01	
   2.1800000e+00	   5.0000000e+00	  -2.0076355e+01	   9.9536133e+01	
   2.1900000e+00	   5.0000000e+00	  -1.6840827e+01	   9.8964844e+01	
   2.2000000e+00	   5.0000000e+00	  -1.7319802e+01	   1.0184326e+02	
   2.2100000e+00	   5.0000000e+00	  -1.4367749e+01	   9.7888184e+01	
   2.2200000e+00	   5.0000000e+00	  -1.3918099e+01	   9.7119141e+01	
   2.2300000e+00	   5.0000000e+00	  -9.8810202e+00	   9.8371582e+01	
   2.2400000e+00	   5.0000000e+00	  -1.0447971e+01	   9.5778809e+01	
   2.2500000e+00	   5.0000000e+00	  -8.8839692e+00	   9.4724121e+01	
   2.2600000e+00	   5.0000000e+00	  -7.2613177e+00	   9.3867188e+01	
   2.2700000e+00	   5.0000000e+00	  -4.8175655e+00	   9.6328125e+01	
   2.2800000e+00	   5.0000000e+00	  -4.1235398e+00	   9.5163574e+01	
   2.2900000e+00	   5.0000000e+00	  -2.0610129e+00	   9.3471680e+01	
   2.3000000e+00	   5.0000000e+00	  -1.1519371e+00	   9.6855469e+01	
   2.3100000e+00	   5.0000000e+00	  -3.3083635e-01	   9.5009766e+01	
   2.3200000e+00	   5.0000000e+00	   4.7071439e-01	   9.3999023e+01	
   2.3300000e+00	   5.0000000e+00	   2.1813410e+00	   9.9052734e+01	
   2.3400000e+00	   5.0000000e+00	   2.1911160e+00	   9.2944336e+01	
   2.3500000e+00	   5.0000000e+00	   3.0513168e+00	   9.6745605e+01	
   2.3600000e+00	   5.0000000e+00	   4.9965436e+00	   9.9096680e+01	
   2.3700000e+00	   5.0000000e+00	   5.2506938e+00	   1.0083252e+02	
   2.3800000e+00	   5.0000000e+00	   7.4989459e+00	   9.6877441e+01	
   2.3900000e+00	   5.0000000e+00	   8.5839719e+00	   9.8261719e+01	
   2.4000000e+00	   5.0000000e+00	   8.0658964e+00	   9.8613281e+01	
   2.4100000e+00	   5.0000000e+00	   9.2584475e+00	   9.8854980e+01	
   2.4200000e+00	   5.0000000e+00	   9.9915732e+00	   9.7910156e+01	
   2.4300000e+00	   5.0000000e+00	   1.0754024e+01	   9.7294922e+01	
   2.4400000e+00	   5.0000000e+00	   1.1614225e+01	   1.0004150e+02	
   2.4500000e+00	   5.0000000e+00	   1.4644477e+01	   1.0265625e+02	
   2.4600000e+00	   5.0000000e+00	   1.3412826e+01	   1.0426025e+02	
   2.4700000e+00	   5.0000000e+00	   1.6198704e+01	   1.0456787e+02	
   2.4800000e+00	   5.0000000e+00	   1.5318953e+01	   1.0621582e+02	
   2.4900000e+00	   5.0000000e+00	   1.5602428e+01	   1.0505127e+02	
   2.5000000e+00	   5.0000000e+00	   1.6648354e+01	   1.0937988e+02	
   2.5100000e+00	   5.0000000e+00	   1.6961155e+01	   1.0740234e+02	
   2.5200000e+00	   5.0000000e+00	   1.9307157e+01	   1.0781982e+02	
   2.5300000e+00	   5.0000000e+00	   2.0098932e+01	   1.1030273e+02	
   2.5400000e+00	   5.0000000e+00	   1.9492882e+01	   1.1199463e+02	
   2.5500000e+00	   5.0000000e+00	   2.1741134e+01	   1.1293945e+02	
   2.5600000e+00	   5.0000000e+00	   2.2630660e+01	   1.1557617e+02	
   2.5700000e+00	   5.0000000e+00	   2.2327635e+01	   1.1342285e+02	
   2.5800000e+00	   5.0000000e+00	   2.0978683e+01	   1.1724609e+02	
   2.5900000e+00	   5.0000000e+00	   2.2122359e+01	   1.1832275e+02	
   2.6000000e+00	   5.0000000e+00	   2.4008936e+01	   1.2150879e+02	
   2.6100000e+00	   5.0000000e+00	   2.3911186e+01	   1.2289307e+02	
   2.6200000e+00	   5.0000000e+00	   2.5602263e+01	   1.2208008e+02	
   2.6300000e+00	   5.0000000e+00	   2.3872086e+01	   1.2423340e+02	
   2.6400000e+00	   5.0000000e+00	   2.6892564e+01	   1.2999023e+02	
   2.6500000e+00	   5.0000000e+00	   2.5357887e+01	   1.2851807e+02	
   2.6600000e+00	   5.0000000e+00	   2.7557264e+01	   1.2961670e+02	
   2.6700000e+00	   5.0000000e+00	   2.9091941e+01	   1.3489014e+02	
   2.6800000e+00	   5.0000000e+00	   2.9131041e+01	   1.3491211e+02	
   2.6900000e+00	   5.0000000e+00	   2.9883716e+01	   1.3937256e+02	
   2.7000000e+00	   5.0000000e+00	   2.9717541e+01	   1.3787842e+02	
   2.7100000e+00	   5.0000000e+00	   2.9952142e+01	   1.4304199e+02	
   2.7200000e+00	   5.0000000e+00	   3.1809393e+01	   1.4754639e+02	
   2.7300000e+00	   5.0000000e+00	   3.1946243e+01	   1.4565674e+02	
   2.7400000e+00	   5.0000000e+00	   3.1301093e+01	   1.4915039e+02	
   2.7500000e+00	   5.0000000e+00	   3.1144693e+01	   1.5141357e+02	
   2.7600000e+00	   5.0000000e+00	   3.2493644e+01	   1.5110596e+02	
   2.7700000e+00	   5.0000000e+00	   3.4429096e+01	   1.5556641e+02	
   2.7800000e+00	   5.0000000e+00	   3.3539570e+01	   1.6000488e+02	
   2.7900000e+00	   5.0000000e+00	   3.2669594e+01	   1.5958740e+02	
   2.8000000e+00	   5.0000000e+00	   3.3383170e+01	   1.6253174e+02	
   2.8100000e+00	   5.0000000e+00	   3.5738947e+01	   1.6277344e+02	
   2.8200000e+00	   5.0000000e+00	   3.4937396e+01	   1.6798096e+02	
   2.8300000e+00	   5.0000000e+00	   3.5797597e+01	   1.7143066e+02	
   2.8400000e+00	   5.0000000e+00	   3.5132896e+01	   1.7314453e+02	
   2.8500000e+00	   5.0000000e+00	   3.7039023e+01	   1.7527588e+02	
   2.8600000e+00	   5.0000000e+00	   3.7840574e+01	   1.7696777e+02	
   2.8700000e+00	   5.0000000e+00	   3.7439798e+01	   1.7162842e+02	
   2.8800000e+00	   5.0000000e+00	   3.8133824e+01	   1.7602295e+02	
   2.8900000e+00	   5.0000000e+00	   3.7586424e+01	   1.7771484e+02	
   2.9000000e+00	   5.0000000e+00	   3.6696898e+01	  -1.2260742e+01	
   2.9100000e+00	   5.0000000e+00	   3.8475949e+01	  -1.7938477e+02	
   2.9200000e+00	   5.0000000e+00	   4.0782852e+01	  -1.8000000e+02	
   2.9300000e+00	   5.0000000e+00	   3.9482775e+01	  -1.8000000e+02	
   2.9400000e+00	   5.0000000e+00	   3.9541425e+01	  -1.8000000e+02	
   2.9500000e+00	   5.0000000e+00	   3.9668501e+01	  -1.8000000e+02	
   2.9600000e+00	   5.0000000e+00	   4.0841502e+01	  -1.7751709e+02	
   2.9700000e+00	   5.0000000e+00	   3.9512100e+01	  -1.7734131e+02	
   2.9800000e+00	   5.0000000e+00	   3.9394800e+01	  -1.7488037e+02	
   2.9900000e+00	   5.0000000e+00	   4.1603952e+01	  -1.6697021e+02	
   3.0000000e+00	   5.0000000e+00	   4.1124977e+01	  -1.6721191e+02	
   3.0100000e+00	   5.0000000e+00	   4.1437777e+01	  -1.6705811e+02	
   3.0200000e+00	   5.0000000e+00	   4.2024278e+01	  -1.6220215e+02	
   3.0300000e+00	   5.0000000e+00	   4.2297978e+01	  -1.5695068e+02	
   3.0400000e+00	   5.0000000e+00	   4.1633277e+01	  -1.5692871e+02	
   3.0500000e+00	   5.0000000e+00	   4.0440726e+01	  -1.5264404e+02	
   3.0600000e+00	   5.0000000e+00	   4.2923579e+01	  -1.4866699e+02	
   3.0700000e+00	   5.0000000e+00	   4.3422104e+01	  -1.4739258e+02	
   3.0800000e+00	   5.0000000e+00	   4.3177729e+01	  -1.4605225e+02	
   3.0900000e+00	   5.0000000e+00	   4.3158179e+01	  -1.4495361e+02	
   3.1000000e+00	   5.0000000e+00	   4.3353679e+01	  -1.3994385e+02	
   3.1100000e+00	   5.0000000e+00	   4.4086805e+01	  -1.3783447e+02	
   3.1200000e+00	   5.0000000e+00	   4.2610778e+01	  -1.3526367e+02	
   3.1300000e+00	   5.0000000e+00	   4.3031104e+01	  -1.3385742e+02	
   3.1400000e+00	   5.0000000e+00	   4.3177729e+01	  -1.3150635e+02	
   3.1500000e+00	   5.0000000e+00	   4.4536455e+01	  -1.2544189e+02	
   3.1600000e+00	   5.0000000e+00	   4.4145455e+01	  -1.2401367e+02	
   3.1700000e+00	   5.0000000e+00	   4.3832654e+01	  -1.2416748e+02	
   3.1800000e+00	   5.0000000e+00	   4.5093631e+01	  -1.1794922e+02	
   3.1900000e+00	   5.0000000e+00	   4.4683080e+01	  -1.1742188e+02	
   3.2000000e+00	   5.0000000e+00	   4.5298906e+01	  -1.1280762e+02	
   3.2100000e+00	   5.0000000e+00	   4.5474856e+01	  -1.0975342e+02	
   3.2200000e+00	   5.0000000e+00	   4.4370280e+01	  -1.0834717e+02	
   3.2300000e+00	   5.0000000e+00	   4.5856081e+01	  -1.0584229e+02	
   3.2400000e+00	   5.0000000e+00	   4.3705579e+01	  -1.0285400e+02	
   3.2500000e+00	   5.0000000e+00	   4.5944056e+01	  -9.8635254e+01	
   3.2600000e+00	   5.0000000e+00	   4.6530557e+01	  -9.6350098e+01	
   3.2700000e+00	   5.0000000e+00	   4.5553056e+01	  -9.4548340e+01	
   3.2800000e+00	   5.0000000e+00	   4.5748556e+01	  -9.0087891e+01	
   3.2900000e+00	   5.0000000e+00	   4.5455306e+01	  -8.8813477e+01	
   3.3000000e+00	   5.0000000e+00	   4.6726057e+01	  -8.6418457e+01	
   3.3100000e+00	   5.0000000e+00	   4.5357556e+01	  -8.3144531e+01	
   3.3200000e+00	   5.0000000e+00	   4.4917680e+01	  -8.0859375e+01	
   3.3300000e+00	   5.0000000e+00	   4.5465081e+01	  -7.6245117e+01	
   3.3400000e+00	   5.0000000e+00	   4.5445531e+01	  -7.5168457e+01	
   3.3500000e+00	   5.0000000e+00	   4.4790605e+01	  -7.3542480e+01	
   3.3600000e+00	   5.0000000e+00	   4.5074080e+01	  -7.0334473e+01	
   3.3700000e+00	   5.0000000e+00	   4.5934281e+01	  -6.5170898e+01	
   3.3800000e+00	   5.0000000e+00	   4.6315507e+01	  -6.3852539e+01	
   3.3900000e+00	   5.0000000e+00	   4.6501232e+01	  -6.0446777e+01	
   3.4000000e+00	   5.0000000e+00	   4.5738781e+01	  -5.9150391e+01	
   3.4100000e+00	   5.0000000e+00	   4.4937230e+01	  -5.4755859e+01	
   3.4200000e+00	   5.0000000e+00	   4.7977258e+01	  -5.3789063e+01	
   3.4300000e+00	   5.0000000e+00	   4.6814032e+01	  -4.8251953e+01	
   3.4400000e+00	   5.0000000e+00	   4.7205032e+01	  -4.6911621e+01	
   3.4500000e+00	   5.0000000e+00	   4.6540332e+01	  -4.3857422e+01	
   3.4600000e+00	   5.0000000e+00	   4.7684008e+01	  -4.0429688e+01	
   3.4700000e+00	   5.0000000e+00	   4.6618532e+01	  -3.5354004e+01	
   3.4800000e+00	   5.0000000e+00	   4.7879508e+01	  -3.7177734e+01	
   3.4900000e+00	   5.0000000e+00	   4.6774932e+01	  -3.2124023e+01	
   3.5000000e+00	   5.0000000e+00	   4.6628307e+01	  -3.1201172e+01	
   3.5100000e+00	   5.0000000e+00	   4.7517833e+01	  -2.6608887e+01	
   3.5200000e+00	   5.0000000e+00	   4.5680131e+01	  -2.6301270e+01	
   3.5300000e+00	   5.0000000e+00	   4.7556933e+01	  -2.1599121e+01	
   3.5400000e+00	   5.0000000e+00	   4.6442582e+01	  -1.8522949e+01	
   3.5500000e+00	   5.0000000e+00	   4.7234357e+01	  -1.1711426e+01	
   3.5600000e+00	   5.0000000e+00	   4.6931332e+01	  -1.3007813e+01	
   3.5700000e+00	   5.0000000e+00	   4.6227532e+01	  -7.5146484e+00	
   3.5800000e+00	   5.0000000e+00	   4.6911782e+01	  -4.7460938e+00	
   3.5900000e+00	   5.0000000e+00	   4.7576483e+01	  -3.9990234e+00	
   3.6000000e+00	   5.0000000e+00	   4.8632184e+01	   1.0327148e+00	
   3.6100000e+00	   5.0000000e+00	   4.7439633e+01	   4.3725586e+00	
   3.6200000e+00	   5.0000000e+00	   4.6462132e+01	   5.5151367e+00	
   3.6300000e+00	   5.0000000e+00	   4.6110231e+01	   1.0085449e+01	
   3.6400000e+00	   5.0000000e+00	   4.5856081e+01	   9.1186523e+00	
   3.6500000e+00	   5.0000000e+00	   4.7654683e+01	   1.3227539e+01	
   3.6600000e+00	   5.0000000e+00	   4.7302783e+01	   1.6369629e+01	
   3.6700000e+00	   5.0000000e+00	   4.5944056e+01	   2.1291504e+01	
   3.6800000e+00	   5.0000000e+00	   4.7811083e+01	   2.1071777e+01	
   3.6900000e+00	   5.0000000e+00	   4.7908833e+01	   2.4982910e+01	
   3.7000000e+00	   5.0000000e+00	   4.8661509e+01	   2.7180176e+01	
   3.7100000e+00	   5.0000000e+00	   4.7596033e+01	   3.5332031e+01	
   3.7200000e+00	   5.0000000e+00	   4.8055458e+01	   3.5815430e+01	
   3.7300000e+00	   5.0000000e+00	   4.7967483e+01	   3.7199707e+01	
   3.7400000e+00	   5.0000000e+00	   4.7723108e+01	   4.4956055e+01	
   3.7500000e+00	   5.0000000e+00	   4.7674233e+01	   4.5021973e+01	
   3.7600000e+00	   5.0000000e+00	   4.7811083e+01	   4.5966797e+01	
   3.7700000e+00	   5.0000000e+00	   4.7322333e+01	   4.9921875e+01	
   3.7800000e+00	   5.0000000e+00	   4.6950882e+01	   5.2954102e+01	
   3.7900000e+00	   5.0000000e+00	   4.6227532e+01	   5.6557617e+01	
   3.8000000e+00	   5.0000000e+00	   4.8114108e+01	   6.1127930e+01	
   3.8100000e+00	   5.0000000e+00	   5.0098435e+01	   6.0622559e+01	
   3.8200000e+00	   5.0000000e+00	   4.8172758e+01	   6.4731445e+01	
   3.8300000e+00	   5.0000000e+00	   4.7498283e+01	   6.7412109e+01	
   3.8400000e+00	   5.0000000e+00	   4.8202083e+01	   6.7983398e+01	
   3.8500000e+00	   5.0000000e+00	   4.7146382e+01	   7.4707031e+01	
   3.8600000e+00	   5.0000000e+00	   4.7263683e+01	   7.7255859e+01	
   3.8700000e+00	   5.0000000e+00	   4.8593084e+01	   8.2089844e+01	
   3.8800000e+00	   5.0000000e+00	   4.7664458e+01	   8.7714844e+01	
   3.8900000e+00	   5.0000000e+00	   4.9609685e+01	   8.5429688e+01	
   3.9000000e+00	   5.0000000e+00	   4.9052509e+01	   8.7363281e+01	
   3.9100000e+00	   5.0000000e+00	   4.7635133e+01	   9.3999023e+01	
   3.9200000e+00	   5.0000000e+00	   4.7879508e+01	   9.5163574e+01	
   3.9300000e+00	   5.0000000e+00	   4.9277334e+01	   1.0010742e+02	
   3.9400000e+00	   5.0000000e+00	   4.8055458e+01	   1.0140381e+02	
   3.9500000e+00	   5.0000000e+00	   5.0284160e+01	   1.0560059e+02	
   3.9600000e+00	   5.0000000e+00	   4.8778809e+01	   1.0990723e+02	
   3.9700000e+00	   5.0000000e+00	   5.0567636e+01	   1.1432373e+02	
   3.9800000e+00	   5.0000000e+00	   4.8426909e+01	   1.1511475e+02	
   3.9900000e+00	   5.0000000e+00	   4.9404409e+01	   1.1948730e+02	
   4.0000000e+00	   5.0000000e+00	   4.8641959e+01	   1.1917969e+02	
   4.0100000e+00	   5.0000000e+00	   4.7361433e+01	   1.2623291e+02	
   4.0200000e+00	   5.0000000e+00	   4.8065233e+01	   1.2763916e+02	
   4.0300000e+00	   5.0000000e+00	   5.0137535e+01	   1.3016602e+02	
   4.0400000e+00	   5.0000000e+00	   4.8299833e+01	   1.3559326e+02	
   4.0500000e+00	   5.0000000e+00	   5.0186410e+01	   1.3557129e+02	
   4.0600000e+00	   5.0000000e+00	   4.8788584e+01	   1.4286621e+02	
   4.0700000e+00	   5.0000000e+00	   4.8055458e+01	   1.4545898e+02	
   4.0800000e+00	   5.0000000e+00	   4.8681059e+01	   1.4532715e+02	
   4.0900000e+00	   5.0000000e+00	   4.8026133e+01	   1.5007324e+02	
   4.1000000e+00	   5.0000000e+00	   4.6716282e+01	   1.5350098e+02	
   4.1100000e+00	   5.0000000e+00	   4.8641959e+01	   1.5345703e+02	
   4.1200000e+00	   5.0000000e+00	   4.9375084e+01	   1.6130127e+02	
   4.1300000e+00	   5.0000000e+00	   5.0000685e+01	   1.6723389e+02	
   4.1400000e+00	   5.0000000e+00	   4.7771983e+01	   1.6679443e+02	
   4.1500000e+00	   5.0000000e+00	   4.9394634e+01	   1.7147461e+02	
   4.1600000e+00	   5.0000000e+00	   4.8886334e+01	   1.7301270e+02	
   4.1700000e+00	   5.0000000e+00	   4.9287109e+01	   1.7661621e+02	
   4.1800000e+00	   5.0000000e+00	   4.8729934e+01	   1.7879150e+02	
   4.1900000e+00	   5.0000000e+00	   4.8270508e+01	   1.7378174e+02	
   4.2000000e+00	   5.0000000e+00	   4.8524659e+01	  -1.5468750e+01	
   4.2100000e+00	   5.0000000e+00	   4.7830633e+01	  -1.6310303e+02	
   4.2200000e+00	   5.0000000e+00	   4.9169809e+01	  -1.8000000e+02	
   4.2300000e+00	   5.0000000e+00	   4.6931332e+01	  -1.8000000e+02	
   4.2400000e+00	   5.0000000e+00	   4.8573534e+01	  -1.8000000e+02	
   4.2500000e+00	   5.0000000e+00	   4.9120934e+01	  -1.7909912e+02	
   4.2600000e+00	   5.0000000e+00	   4.8769034e+01	  -1.7490234e+02	
   4.2700000e+00	   5.0000000e+00	   4.8358484e+01	  -1.7371582e+02	
   4.2800000e+00	   5.0000000e+00	   4.9111159e+01	  -1.7158447e+02	
   4.2900000e+00	   5.0000000e+00	   4.7087732e+01	  -1.6503662e+02	
   4.3000000e+00	   5.0000000e+00	   4.9560810e+01	  -1.6336670e+02	
   4.3100000e+00	   5.0000000e+00	   4.7742658e+01	  -1.6020264e+02	
   4.3200000e+00	   5.0000000e+00	   4.8172758e+01	  -1.5675293e+02	
   4.3300000e+00	   5.0000000e+00	   4.8690834e+01	  -1.5286377e+02	
   4.3400000e+00	   5.0000000e+00	   4.7869733e+01	  -1.5132568e+02	
   4.3500000e+00	   5.0000000e+00	   5.0049560e+01	  -1.4633789e+02	
   4.3600000e+00	   5.0000000e+00	   4.9228459e+01	  -1.4453613e+02	
   4.3700000e+00	   5.0000000e+00	   4.9052509e+01	  -1.4370117e+02	
   4.3800000e+00	   5.0000000e+00	   4.9042734e+01	  -1.3851563e+02	
   4.3900000e+00	   5.0000000e+00	   4.7371208e+01	  -1.3405518e+02	
   4.4000000e+00	   5.0000000e+00	   4.9013409e+01	  -1.3385742e+02	
   4.4100000e+00	   5.0000000e+00	   4.9189359e+01	  -1.2952881e+02	
   4.4200000e+00	   5.0000000e+00	   4.8094558e+01	  -1.2667236e+02	
   4.4300000e+00	   5.0000000e+00	   4.9218684e+01	  -1.2254150e+02	
   4.4400000e+00	   5.0000000e+00	   4.8583309e+01	  -1.1909180e+02	
   4.4500000e+00	   5.0000000e+00	   4.8397584e+01	  -1.1482910e+02	
   4.4600000e+00	   5.0000000e+00	   4.9453285e+01	  -1.1408203e+02	
   4.4700000e+00	   5.0000000e+00	   4.8260733e+01	  -1.1115967e+02	
   4.4800000e+00	   5.0000000e+00	   4.7791533e+01	  -1.0766602e+02	
   4.4900000e+00	   5.0000000e+00	   4.8993859e+01	  -1.0516113e+02	
   4.5000000e+00	   5.0000000e+00	   4.9687885e+01	  -1.0140381e+02	
   4.5100000e+00	   5.0000000e+00	   4.9296884e+01	  -9.8459473e+01	
   4.5200000e+00	   5.0000000e+00	   4.9042734e+01	  -9.6701660e+01	
   4.5300000e+00	   5.0000000e+00	   4.9863835e+01	  -9.2856445e+01	
   4.5400000e+00	   5.0000000e+00	   4.9248009e+01	  -9.0791016e+01	
   4.5500000e+00	   5.0000000e+00	   5.0802236e+01	  -8.7692871e+01	
   4.5600000e+00	   5.0000000e+00	   4.8495334e+01	  -8.4858398e+01	
   4.5700000e+00	   5.0000000e+00	   4.8857009e+01	  -8.2353516e+01	
   4.5800000e+00	   5.0000000e+00	   5.0313485e+01	  -7.8706055e+01	
   4.5900000e+00	   5.0000000e+00	   4.8661509e+01	  -7.5146484e+01	
   4.6000000e+00	   5.0000000e+00	   4.7693783e+01	  -7.3037109e+01	
   4.6100000e+00	   5.0000000e+00	   4.7596033e+01	  -7.0751953e+01	
   4.6200000e+00	   5.0000000e+00	   4.9296884e+01	  -6.6972656e+01	
   4.6300000e+00	   5.0000000e+00	   4.8622409e+01	  -6.3544922e+01	
   4.6400000e+00	   5.0000000e+00	   4.9062284e+01	  -6.0402832e+01	
   4.6500000e+00	   5.0000000e+00	   4.7009532e+01	  -5.8776855e+01	
   4.6600000e+00	   5.0000000e+00	   5.0235285e+01	  -5.5041504e+01	
   4.6700000e+00	   5.0000000e+00	   4.8622409e+01	  -5.0866699e+01	
   4.6800000e+00	   5.0000000e+00	   4.8456234e+01	  -4.9328613e+01	
   4.6900000e+00	   5.0000000e+00	   4.8690834e+01	  -4.6296387e+01	
   4.7000000e+00	   5.0000000e+00	   4.9648785e+01	  -4.2802734e+01	
   4.7100000e+00	   5.0000000e+00	   4.7859958e+01	  -4.1682129e+01	
   4.7200000e+00	   5.0000000e+00	   4.8593084e+01	  -3.8100586e+01	
   4.7300000e+00	   5.0000000e+00	   4.9013409e+01	  -3.1618652e+01	
   4.7400000e+00	   5.0000000e+00	   4.7771983e+01	  -3.1618652e+01	
   4.7500000e+00	   5.0000000e+00	   4.8720159e+01	  -2.5334473e+01	
   4.7600000e+00	   5.0000000e+00	   4.9023184e+01	  -2.3269043e+01	
   4.7700000e+00	   5.0000000e+00	   4.9081834e+01	  -2.0676270e+01	
   4.7800000e+00	   5.0000000e+00	   5.0557861e+01	  -1.8720703e+01	
   4.7900000e+00	   5.0000000e+00	   4.8896109e+01	  -1.3425293e+01	
   4.8000000e+00	   5.0000000e+00	   4.9766085e+01	  -1.3249512e+01	
   4.8100000e+00	   5.0000000e+00	   5.1320311e+01	  -8.1298828e+00	
   4.8200000e+00	   5.0000000e+00	   4.8505109e+01	  -8.7670898e+00	
   4.8300000e+00	   5.0000000e+00	   4.9668335e+01	  -3.6474609e+00	
   4.8400000e+00	   5.0000000e+00	   4.9599910e+01	  -1.0766602e+00	
   4.8500000e+00	   5.0000000e+00	   4.8681059e+01	   4.5263672e+00	
   4.8600000e+00	   5.0000000e+00	   4.9199134e+01	   6.2841797e+00	
   4.8700000e+00	   5.0000000e+00	   4.8524659e+01	   5.4052734e+00	
   4.8800000e+00	   5.0000000e+00	   4.8593084e+01	   1.0656738e+01	
   4.8900000e+00	   5.0000000e+00	   4.7312558e+01	   1.5139160e+01	
   4.9000000e+00	   5.0000000e+00	   4.8446459e+01	   1.9819336e+01	
   4.9100000e+00	   5.0000000e+00	   4.9423960e+01	   1.8742676e+01	
   4.9200000e+00	   5.0000000e+00	   4.8514884e+01	   2.4499512e+01	
   4.9300000e+00	   5.0000000e+00	   4.9472835e+01	   2.6564941e+01	
   4.9400000e+00	   5.0000000e+00	   4.8026133e+01	   2.7333984e+01	
   4.9500000e+00	   5.0000000e+00	   4.8407359e+01	   3.1398926e+01	
   4.9600000e+00	   5.0000000e+00	   4.9248009e+01	   3.4189453e+01	
   4.9700000e+00	   5.0000000e+00	   5.0117985e+01	   3.6606445e+01	
   4.9800000e+00	   5.0000000e+00	   4.9863835e+01	   4.1484375e+01	
   4.9900000e+00	   5.0000000e+00	   5.0225510e+01	   4.5351563e+01	
   5.0000000e+00	   5.0000000e+00	   4.8886334e+01	   4.5373535e+01	
   5.0100000e+00	   5.0000000e+00	   4.9345759e+01	   5.1064453e+01	
   5.0200000e+00	   5.0000000e+00	   4.9687885e+01	   5.2426758e+01	
   5.0300000e+00	   5.0000000e+00	   4.8466009e+01	   5.5590820e+01	
   5.0400000e+00	   5.0000000e+00	   4.8632184e+01	   6.0336914e+01	
   5.0500000e+00	   5.0000000e+00	   4.8944984e+01	   6.4687500e+01	
   5.0600000e+00	   5.0000000e+00	   4.9052509e+01	   6.6137695e+01	
   5.0700000e+00	   5.0000000e+00	   4.7371208e+01	   6.9411621e+01	
   5.0800000e+00	   5.0000000e+00	   4.8817909e+01	   7.0642090e+01	
   5.0900000e+00	   5.0000000e+00	   4.8720159e+01	   7.3059082e+01	
   5.1000000e+00	   5.0000000e+00	   4.8495334e+01	   7.8178711e+01	
   5.1100000e+00	   5.0000000e+00	   4.9404409e+01	   8.1760254e+01	
   5.1200000e+00	   5.0000000e+00	   4.8397584e+01	   8.6022949e+01	
   5.1300000e+00	   5.0000000e+00	   4.8524659e+01	   8.9318848e+01	
   5.1400000e+00	   5.0000000e+00	   4.9971360e+01	   9.1889648e+01	
   5.1500000e+00	   5.0000000e+00	   4.9218684e+01	   9.1472168e+01	
   5.1600000e+00	   5.0000000e+00	   4.8202083e+01	   9.7229004e+01	
   5.1700000e+00	   5.0000000e+00	   4.9736760e+01	   1.0144775e+02	
   5.1800000e+00	   5.0000000e+00	   4.9335984e+01	   1.0410645e+02	
   5.1900000e+00	   5.0000000e+00	   4.8749484e+01	   1.0447998e+02	
   5.2000000e+00	   5.0000000e+00	   4.9795410e+01	   1.1247803e+02	
   5.2100000e+00	   5.0000000e+00	   4.8290058e+01	   1.1478516e+02	
   5.2200000e+00	   5.0000000e+00	   4.7195257e+01	   1.1454346e+02	
   5.2300000e+00	   5.0000000e+00	   4.8729934e+01	   1.2199219e+02	
   5.2400000e+00	   5.0000000e+00	   4.7449408e+01	   1.2278320e+02	
   5.2500000e+00	   5.0000000e+00	   5.0528536e+01	   1.2364014e+02	
   5.2600000e+00	   5.0000000e+00	   4.8270508e+01	   1.2673828e+02	
   5.2700000e+00	   5.0000000e+00	   4.8847234e+01	   1.3124268e+02	
   5.2800000e+00	   5.0000000e+00	   5.0616511e+01	   1.3576904e+02	
   5.2900000e+00	   5.0000000e+00	   4.9785635e+01	   1.3932861e+02	
   5.3000000e+00	   5.0000000e+00	   4.9560810e+01	   1.4029541e+02	
   5.3100000e+00	   5.0000000e+00	   4.9169809e+01	   1.4400879e+02	
   5.3200000e+00	   5.0000000e+00	   4.8964534e+01	   1.5281982e+02	
   5.3300000e+00	   5.0000000e+00	   4.7068182e+01	   1.5154541e+02	
   5.3400000e+00	   5.0000000e+00	   4.8778809e+01	   1.5921387e+02	
   5.3500000e+00	   5.0000000e+00	   4.8016358e+01	   1.5771973e+02	
   5.3600000e+00	   5.0000000e+00	   4.8778809e+01	   1.5811523e+02	
   5.3700000e+00	   5.0000000e+00	   4.9394634e+01	   1.6505859e+02	
   5.3800000e+00	   5.0000000e+00	   4.7723108e+01	   1.6782715e+02	
   5.3900000e+00	   5.0000000e+00	   4.9609685e+01	   1.7235352e+02	
   5.4000000e+00	   5.0000000e+00	   4.7077957e+01	   1.7369385e+02	
   5.4100000e+00	   5.0000000e+00	   4.9678110e+01	   1.7720947e+02	
   5.4200000e+00	   5.0000000e+00	   4.8211858e+01	   1.7505615e+02	
   5.4300000e+00	   5.0000000e+00	   4.9257784e+01	   1.7446289e+02	
   5.4400000e+00	   5.0000000e+00	   4.7224582e+01	  -1.2041016e+01	
   5.4500000e+00	   5.0000000e+00	   4.8622409e+01	  -1.8000000e+02	
   5.4600000e+00	   5.0000000e+00	   4.9306659e+01	  -1.8000000e+02	
   5.4700000e+00	   5.0000000e+00	   4.8671284e+01	  -1.8000000e+02	
   5.4800000e+00	   5.0000000e+00	   5.0274385e+01	  -1.8000000e+02	
   5.4900000e+00	   5.0000000e+00	   4.8651734e+01	  -1.8000000e+02	
   5.5000000e+00	   5.0000000e+00	   4.7654683e+01	  -1.7507813e+02	
   5.5100000e+00	   5.0000000e+00	   4.7459183e+01	  -1.7283691e+02	
   5.5200000e+00	   5.0000000e+00	   4.9824735e+01	  -1.7033203e+02	
   5.5300000e+00	   5.0000000e+00	   4.8729934e+01	  -1.6448730e+02	
   5.5400000e+00	   5.0000000e+00	   4.9932260e+01	  -1.6428955e+02	
   5.5500000e+00	   5.0000000e+00	   4.8456234e+01	  -1.5730225e+02	
   5.5600000e+00	   5.0000000e+00	   4.9766085e+01	  -1.5644531e+02	
   5.5700000e+00	   5.0000000e+00	   4.8583309e+01	  -1.5389648e+02	
   5.5800000e+00	   5.0000000e+00	   4.8241183e+01	  -1.4989746e+02	
   5.5900000e+00	   5.0000000e+00	   5.1017286e+01	  -1.4475586e+02	
   5.6000000e+00	   5.0000000e+00	   4.8436684e+01	  -1.4104248e+02	
   5.6100000e+00	   5.0000000e+00	   4.7635133e+01	  -1.4156982e+02	
   5.6200000e+00	   5.0000000e+00	   4.6921557e+01	  -1.3807617e+02	
   5.6300000e+00	   5.0000000e+00	   4.8133658e+01	  -1.3526367e+02	
   5.6400000e+00	   5.0000000e+00	   4.9678110e+01	  -1.3201172e+02	
   5.6500000e+00	   5.0000000e+00	   4.9384859e+01	  -1.3036377e+02	
   5.6600000e+00	   5.0000000e+00	   4.8309608e+01	  -1.2891357e+02	
   5.6700000e+00	   5.0000000e+00	   4.7175707e+01	  -1.2403564e+02	
   5.6800000e+00	   5.0000000e+00	   4.9081834e+01	  -1.1808105e+02	
   5.6900000e+00	   5.0000000e+00	   4.8788584e+01	  -1.1590576e+02	
   5.7000000e+00	   5.0000000e+00	   4.7811083e+01	  -1.1335693e+02	
   5.7100000e+00	   5.0000000e+00	   5.0714261e+01	  -1.0988525e+02	
   5.7200000e+00	   5.0000000e+00	   4.9072059e+01	  -1.0687500e+02	
   5.7300000e+00	   5.0000000e+00	   4.7801308e+01	  -1.0320557e+02	
   5.7400000e+00	   5.0000000e+00	   4.9023184e+01	  -1.0232666e+02	
   5.7500000e+00	   5.0000000e+00	   4.9463060e+01	  -9.6591797e+01	
   5.7600000e+00	   5.0000000e+00	   4.8426909e+01	  -9.5954590e+01	
   5.7700000e+00	   5.0000000e+00	   4.8788584e+01	  -9.3801270e+01	
   5.7800000e+00	   5.0000000e+00	   4.7136607e+01	  -8.9274902e+01	
   5.7900000e+00	   5.0000000e+00	   4.8426909e+01	  -8.6220703e+01	
   5.8000000e+00	   5.0000000e+00	   4.7205032e+01	  -8.3715820e+01	
   5.8100000e+00	   5.0000000e+00	   4.8847234e+01	  -8.0024414e+01	
   5.8200000e+00	   5.0000000e+00	   4.8299833e+01	  -7.7409668e+01	
   5.8300000e+00	   5.0000000e+00	   5.0587186e+01	  -7.5585938e+01	
   5.8400000e+00	   5.0000000e+00	   4.8094558e+01	  -7.1257324e+01	
   5.8500000e+00	   5.0000000e+00	   4.7879508e+01	  -6.8884277e+01	
   5.8600000e+00	   5.0000000e+00	   4.7439633e+01	  -6.6752930e+01	
   5.8700000e+00	   5.0000000e+00	   4.7185482e+01	  -6.1984863e+01	
   5.8800000e+00	   5.0000000e+00	   4.7791533e+01	  -6.0336914e+01	
   5.8900000e+00	   5.0000000e+00	   4.9619460e+01	  -5.7634277e+01	
   5.9000000e+00	   5.0000000e+00	   4.8935209e+01	  -5.4448242e+01	
   5.9100000e+00	   5.0000000e+00	   5.0166860e+01	  -5.0976563e+01	
   5.9200000e+00	   5.0000000e+00	   4.7859958e+01	  -4.8911133e+01	
   5.9300000e+00	   5.0000000e+00	   4.8524659e+01	  -4.5900879e+01	
   5.9400000e+00	   5.0000000e+00	   4.9179584e+01	  -4.1506348e+01	
   5.9500000e+00	   5.0000000e+00	   4.8495334e+01	  -3.6782227e+01	
   5.9600000e+00	   5.0000000e+00	   4.9150259e+01	  -3.5595703e+01	
   5.9700000e+00	   5.0000000e+00	   4.8524659e+01	  -3.3881836e+01	
   5.9800000e+00	   5.0000000e+00	   4.9238234e+01	  -3.0454102e+01	
   5.9900000e+00	   5.0000000e+00	   4.8847234e+01	  -2.8630371e+01	
   6.0000000e+00	   5.0000000e+00	   4.9042734e+01	  -2.5070801e+01	
