   0.0000000e+00	  -3.0000000e+00	   0.0000000e+00	   0.0000000e+00	
   1.0000000e-01	  -3.0000000e+00	  -5.4380768e+00	  -1.6857696e+00	
   2.0000000e-01	  -3.0000000e+00	  -9.8903976e+00	  -6.3288071e+00	
   3.0000000e-01	  -3.0000000e+00	  -1.3535650e+01	  -1.3393051e+01	
   4.0000000e-01	  -3.0000000e+00	  -1.6520130e+01	  -2.2439611e+01	
   5.0000000e-01	  -3.0000000e+00	  -1.8963615e+01	  -3.3109154e+01	
   6.0000000e-01	  -3.0000000e+00	  -2.0964172e+01	  -4.5107483e+01	
   7.0000000e-01	  -3.0000000e+00	  -2.2602090e+01	  -5.8193731e+01	
   8.0000000e-01	  -3.0000000e+00	  -2.3943103e+01	  -7.2170690e+01	
   9.0000000e-01	  -3.0000000e+00	  -2.5041032e+01	  -8.6876903e+01	
   1.0000000e+00	  -3.0000000e+00	  -2.5939940e+01	  -1.0218018e+02	
   1.1000000e+00	  -3.0000000e+00	  -2.6675904e+01	  -1.1797229e+02	
   1.2000000e+00	  -3.0000000e+00	  -2.7278461e+01	  -1.3416462e+02	
   1.3000000e+00	  -3.0000000e+00	  -2.7771792e+01	  -1.5068462e+02	
   1.4000000e+00	  -3.0000000e+00	  -2.8175697e+01	  -1.6747291e+02	
   1.5000000e+00	  -3.0000000e+00	  -2.8506387e+01	   1.7551916e+02	
   1.6000000e+00	  -3.0000000e+00	  -2.8777133e+01	   1.5833140e+02	
   1.7000000e+00	  -3.0000000e+00	  -2.8998801e+01	   1.4099640e+02	
   1.8000000e+00	  -3.0000000e+00	  -2.9180288e+01	   1.2354086e+02	
   1.9000000e+00	  -3.0000000e+00	  -2.9328877e+01	   1.0598663e+02	
   2.0000000e+00	  -3.0000000e+00	  -2.9450531e+01	   8.8351592e+01	
   2.1000000e+00	  -3.0000000e+00	  -2.9550132e+01	   7.0650397e+01	
   2.2000000e+00	  -3.0000000e+00	  -2.9631680e+01	   5.2895039e+01	
   2.3000000e+00	  -3.0000000e+00	  -2.9698445e+01	   3.5095334e+01	
   2.4000000e+00	  -3.0000000e+00	  -2.9753107e+01	   1.7259322e+01	
   2.5000000e+00	  -3.0000000e+00	  -2.9797861e+01	  -6.0641560e-01	
   2.6000000e+00	  -3.0000000e+00	  -2.9834503e+01	  -1.8496491e+01	
   2.7000000e+00	  -3.0000000e+00	  -2.9864502e+01	  -3.6406493e+01	
   2.8000000e+00	  -3.0000000e+00	  -2.9889064e+01	  -5.4332808e+01	
   2.9000000e+00	  -3.0000000e+00	  -2.9909173e+01	  -7.2272480e+01	
   3.0000000e+00	   5.0000000e+00	  -2.7830399e+01	  -9.0223088e+01	
   3.1000000e+00	   5.0000000e+00	  -1.3722143e+01	  -1.0254786e+02	
   3.2000000e+00	   5.0000000e+00	  -2.1712794e+00	  -1.0720045e+02	
   3.3000000e+00	   5.0000000e+00	   7.2857681e+00	  -1.0557159e+02	
   3.4000000e+00	   5.0000000e+00	   1.5028544e+01	  -9.8799917e+01	
   3.5000000e+00	   5.0000000e+00	   2.1367793e+01	  -8.7817664e+01	
   3.6000000e+00	   5.0000000e+00	   2.6557931e+01	  -7.3388078e+01	
   3.7000000e+00	   5.0000000e+00	   3.0807257e+01	  -5.6136055e+01	
   3.8000000e+00	   5.0000000e+00	   3.4286310e+01	  -3.6573217e+01	
   3.9000000e+00	   5.0000000e+00	   3.7134719e+01	  -1.5118442e+01	
   4.0000000e+00	   5.0000000e+00	   3.9466798e+01	   7.8853195e+00	
   4.1000000e+00	   5.0000000e+00	   4.1376144e+01	   3.2157283e+01	
   4.2000000e+00	   5.0000000e+00	   4.2939383e+01	   5.7467564e+01	
   4.3000000e+00	   5.0000000e+00	   4.4219256e+01	   8.3627947e+01	
   4.4000000e+00	   5.0000000e+00	   4.5267127e+01	   1.1048433e+02	
   4.5000000e+00	   5.0000000e+00	   4.6125051e+01	   1.3791056e+02	
   4.6000000e+00	   5.0000000e+00	   4.6827460e+01	   1.6580333e+02	
   4.7000000e+00	   5.0000000e+00	   4.7402544e+01	  -1.6592192e+02	
   4.8000000e+00	   5.0000000e+00	   4.7873383e+01	  -1.3733443e+02	
   4.9000000e+00	   5.0000000e+00	   4.8258873e+01	  -1.0849090e+02	
   5.0000000e+00	   5.0000000e+00	   4.8574486e+01	  -7.9437743e+01	
   5.1000000e+00	   5.0000000e+00	   4.8832888e+01	  -5.0212949e+01	
   5.2000000e+00	   5.0000000e+00	   4.9044449e+01	  -2.0847633e+01	
   5.3000000e+00	   5.0000000e+00	   4.9217661e+01	   8.6327308e+00	
   5.4000000e+00	   5.0000000e+00	   4.9359475e+01	   3.8207289e+01	
   5.5000000e+00	   5.0000000e+00	   4.9475583e+01	   6.7858967e+01	
   5.6000000e+00	   5.0000000e+00	   4.9570643e+01	   9.7573784e+01	
   5.7000000e+00	   5.0000000e+00	   4.9648472e+01	   1.2734030e+02	
   5.8000000e+00	   5.0000000e+00	   4.9712194e+01	   1.5714913e+02	
   5.9000000e+00	   5.0000000e+00	   4.9764364e+01	  -1.7300738e+02	
   6.0000000e+00	   5.0000000e+00	   4.9807078e+01	  -1.4313552e+02	
   6.1000000e+00	   5.0000000e+00	   4.9842048e+01	  -1.1324043e+02	
   6.2000000e+00	   5.0000000e+00	   4.9870680e+01	  -8.3326326e+01	
   6.3000000e+00	   5.0000000e+00	   4.9894122e+01	  -5.3396651e+01	
   6.4000000e+00	   5.0000000e+00	   4.9913314e+01	  -2.3454229e+01	
   6.5000000e+00	   5.0000000e+00	   4.9929028e+01	   6.4986309e+00	
   6.6000000e+00	   5.0000000e+00	   4.9941893e+01	   3.6460036e+01	
   6.7000000e+00	   5.0000000e+00	   4.9952426e+01	   6.6428437e+01	
   6.8000000e+00	   5.0000000e+00	   4.9961050e+01	   9.6402565e+01	
   6.9000000e+00	   5.0000000e+00	   4.9968110e+01	   1.2638138e+02	
   7.0000000e+00	   5.0000000e+00	   4.9973891e+01	   1.5636404e+02	
   7.1000000e+00	   5.0000000e+00	   4.9978624e+01	  -1.7365016e+02	
   7.2000000e+00	   5.0000000e+00	   4.9982498e+01	  -1.4366178e+02	
   7.3000000e+00	   5.0000000e+00	   4.9985671e+01	  -1.1367130e+02	
   7.4000000e+00	   5.0000000e+00	   4.9988268e+01	  -8.3679091e+01	
   7.5000000e+00	   5.0000000e+00	   4.9990395e+01	  -5.3685471e+01	
   7.6000000e+00	   5.0000000e+00	   4.9992136e+01	  -2.3690694e+01	
   7.7000000e+00	   5.0000000e+00	   4.9993562e+01	   6.3050296e+00	
   7.8000000e+00	   5.0000000e+00	   4.9994729e+01	   3.6301528e+01	
   7.9000000e+00	   5.0000000e+00	   4.9995684e+01	   6.6298662e+01	
   8.0000000e+00	   5.0000000e+00	   4.9996467e+01	   9.6296315e+01	
   8.1000000e+00	   5.0000000e+00	   4.9997107e+01	   1.2629439e+02	
   8.2000000e+00	   5.0000000e+00	   4.9997631e+01	   1.5629282e+02	
   8.3000000e+00	   5.0000000e+00	   4.9998061e+01	  -1.7370847e+02	
   8.4000000e+00	   5.0000000e+00	   4.9998412e+01	  -1.4370952e+02	
   8.5000000e+00	   5.0000000e+00	   4.9998700e+01	  -1.1371039e+02	
   8.6000000e+00	   5.0000000e+00	   4.9998936e+01	  -8.3711093e+01	
   8.7000000e+00	   5.0000000e+00	   4.9999129e+01	  -5.3711672e+01	
   8.8000000e+00	   5.0000000e+00	   4.9999287e+01	  -2.3712146e+01	
   8.9000000e+00	   5.0000000e+00	   4.9999416e+01	   6.2874665e+00	
   9.0000000e+00	   5.0000000e+00	   4.9999522e+01	   3.6287149e+01	
   9.1000000e+00	   5.0000000e+00	   4.9999608e+01	   6.6286889e+01	
   9.2000000e+00	   5.0000000e+00	   4.9999679e+01	   9.6286676e+01	
   9.3000000e+00	   5.0000000e+00	   4.9999738e+01	   1.2628650e+02	
   9.4000000e+00	   5.0000000e+00	   4.9999785e+01	   1.5628636e+02	
   9.5000000e+00	   5.0000000e+00	   4.9999824e+01	  -1.7371376e+02	
   9.6000000e+00	   5.0000000e+00	   4.9999856e+01	  -1.4371385e+02	
   9.7000000e+00	   5.0000000e+00	   4.9999882e+01	  -1.1371393e+02	
   9.8000000e+00	   5.0000000e+00	   4.9999903e+01	  -8.3713996e+01	
   9.9000000e+00	   5.0000000e+00	   4.9999921e+01	  -5.3714049e+01	
   1.0000000e+01	   5.0000000e+00	   4.9999935e+01	  -2.3714092e+01	
