   0.0000000e+00	  -5.0000000e+01	   0.0000000e+00	  -5.0000000e+00	   0.0000000e+00	   0.0000000e+00	   0.0000000e+00	  -5.0000000e-01	
   5.0000000e-01	  -5.0000000e+01	  -5.5250000e+00	  -4.4475000e+00	  -3.1583333e+00	  -3.1583333e+00	  -9.2505442e-01	  -1.2891667e-01	
   1.0000000e+00	  -5.0000000e+01	  -1.2934571e+01	  -3.7065429e+00	  -1.9776431e+00	  -1.9776431e+00	  -2.4293471e+00	  -1.7288999e-01	
   1.5000000e+00	  -5.0000000e+01	  -1.8592639e+01	  -3.1407361e+00	  -1.8205203e+00	  -1.8205203e+00	  -2.4580347e+00	  -1.3202159e-01	
   2.0000000e+00	  -5.0000000e+01	  -2.3501363e+01	  -2.6498637e+00	  -1.5044946e+00	  -1.5044946e+00	  -1.6695205e+00	  -1.1453690e-01	
   2.5000000e+00	  -5.0000000e+01	  -2.7618013e+01	  -2.2381987e+00	  -1.2776470e+00	  -1.2776470e+00	  -1.3670127e+00	  -9.6055170e-02	
   3.0000000e+00	  -5.0000000e+01	  -3.1100564e+01	  -1.8899436e+00	  -1.0773485e+00	  -1.0773485e+00	  -1.2181882e+00	  -8.1259515e-02	
   3.5000000e+00	  -5.0000000e+01	  -3.4040057e+01	  -1.5959943e+00	  -9.1011262e-01	  -9.1011262e-01	  -1.0373338e+00	  -6.8588169e-02	
   4.0000000e+00	  -5.0000000e+01	  -3.6522620e+01	  -1.3477380e+00	  -7.6847342e-01	  -7.6847342e-01	  -8.6475229e-01	  -5.7926462e-02	
   4.5000000e+00	  -5.0000000e+01	  -3.8618964e+01	  -1.1381036e+00	  -6.4895653e-01	  -6.4895653e-01	  -7.2882375e-01	  -4.8914706e-02	
   5.0000000e+00	   5.0000000e+01	  -4.0389244e+01	   9.0389244e+00	  -5.4801021e-01	  -5.4801021e-01	  -6.1737102e-01	   9.5869346e-01	
   5.5000000e+00	   5.0000000e+01	  -3.0834161e+01	   8.0834161e+00	   5.8538966e+00	   5.8538966e+00	   1.3285211e+00	   2.2295195e-01	
   6.0000000e+00	   5.0000000e+01	  -1.7277408e+01	   6.7277408e+00	   3.5644984e+00	   3.5644984e+00	   4.4185663e+00	   3.1632424e-01	
   6.5000000e+00	   5.0000000e+01	  -7.0273005e+00	   5.7027300e+00	   3.3110383e+00	   3.3110383e+00	   4.5444439e+00	   2.3916917e-01	
   7.0000000e+00	   5.0000000e+01	   1.8899365e+00	   4.8110063e+00	   2.7303177e+00	   2.7303177e+00	   3.0251642e+00	   2.0806886e-01	
   7.5000000e+00	   5.0000000e+01	   9.3630495e+00	   4.0636950e+00	   2.3199687e+00	   2.3199687e+00	   2.4689635e+00	   1.7437264e-01	
   8.0000000e+00	   5.0000000e+01	   1.5686208e+01	   3.4313792e+00	   1.9559756e+00	   1.9559756e+00	   2.2125536e+00	   1.4754036e-01	
   8.5000000e+00	   5.0000000e+01	   2.1023103e+01	   2.8976897e+00	   1.6524143e+00	   1.6524143e+00	   1.8856608e+00	   1.2452754e-01	
   9.0000000e+00	   5.0000000e+01	   2.5530457e+01	   2.4469543e+00	   1.3952383e+00	   1.3952383e+00	   1.5698955e+00	   1.0517160e-01	
   9.5000000e+00	   5.0000000e+01	   2.9336580e+01	   2.0663420e+00	   1.1782467e+00	   1.1782467e+00	   1.3228648e+00	   8.8809530e-02	
   1.0000000e+01	   5.0000000e+01	   3.2550703e+01	   1.7449297e+00	   9.9496774e-01	   9.9496774e-01	   1.1209246e+00	   7.4996200e-02	
