   0.0000000e+00	   0.0000000e+00	   9.9264043e-02	  -1.8000000e+02	
   1.0000000e-02	   0.0000000e+00	  -9.7598695e-01	  -1.8000000e+02	
   2.0000000e-02	   0.0000000e+00	  -9.3688691e-01	  -1.8000000e+02	
   3.0000000e-02	   0.0000000e+00	  -6.0453661e-01	  -1.8000000e+02	
   4.0000000e-02	   0.0000000e+00	   3.6318929e-01	  -1.8000000e+02	
   5.0000000e-02	   0.0000000e+00	  -1.2105872e+00	  -1.8000000e+02	
   6.0000000e-02	   0.0000000e+00	  -2.8196131e-01	  -1.8000000e+02	
   7.0000000e-02	   0.0000000e+00	   5.0981442e-01	  -1.8000000e+02	
   8.0000000e-02	   0.0000000e+00	  -1.6113625e+00	  -1.8000000e+02	
   9.0000000e-02	   0.0000000e+00	   1.4813909e-01	  -1.8000000e+02	
   1.0000000e-01	   0.0000000e+00	   2.7521421e-01	  -1.8000000e+02	
   1.1000000e-01	   0.0000000e+00	   5.3913945e-01	  -1.8000000e+02	
   1.2000000e-01	   0.0000000e+00	  -4.5791147e-01	  -1.8000000e+02	
   1.3000000e-01	   0.0000000e+00	  -7.6686119e-02	  -1.8000000e+02	
   1.4000000e-01	   0.0000000e+00	  -1.2594622e+00	  -1.8000000e+02	
   1.5000000e-01	   0.0000000e+00	   1.0903905e-01	  -1.8000000e+02	
   1.6000000e-01	   0.0000000e+00	  -1.5820375e+00	  -1.8000000e+02	
   1.7000000e-01	   0.0000000e+00	  -5.4588655e-01	  -1.8000000e+02	
   1.8000000e-01	   0.0000000e+00	  -7.3161172e-01	  -1.8000000e+02	
   1.9000000e-01	   0.0000000e+00	  -6.2408662e-01	  -1.8000000e+02	
   2.0000000e-01	   0.0000000e+00	   7.3463963e-01	  -1.8000000e+02	
   2.1000000e-01	   0.0000000e+00	  -6.2408662e-01	  -1.8000000e+02	
   2.2000000e-01	   0.0000000e+00	  -1.2556116e-01	  -1.8000000e+02	
   2.3000000e-01	   0.0000000e+00	  -6.1431161e-01	  -1.8000000e+02	
   2.4000000e-01	   0.0000000e+00	   2.8498921e-01	  -1.8000000e+02	
   2.5000000e-01	   0.0000000e+00	  -7.0228670e-01	  -1.8000000e+02	
   2.6000000e-01	   0.0000000e+00	   8.1283970e-01	  -1.8000000e+02	
   2.7000000e-01	   0.0000000e+00	  -2.7218630e-01	  -1.8000000e+02	
   2.8000000e-01	   0.0000000e+00	  -4.6768648e-01	  -1.8000000e+02	
   2.9000000e-01	   0.0000000e+00	  -7.9026178e-01	  -1.8000000e+02	
   3.0000000e-01	   0.0000000e+00	  -1.2887872e+00	  -1.8000000e+02	
   3.1000000e-01	   0.0000000e+00	  -9.6236137e-02	  -1.8000000e+02	
   3.2000000e-01	   0.0000000e+00	   9.7901485e-01	  -1.8000000e+02	
   3.3000000e-01	   0.0000000e+00	  -1.2105872e+00	  -1.7997803e+02	
   3.4000000e-01	   0.0000000e+00	  -3.6016138e-01	  -1.8000000e+02	
   3.5000000e-01	   0.0000000e+00	   1.1842900e+00	  -1.8000000e+02	
   3.6000000e-01	   0.0000000e+00	   2.7521421e-01	  -1.8000000e+02	
   3.7000000e-01	   0.0000000e+00	  -8.0003679e-01	  -1.8000000e+02	
   3.8000000e-01	   0.0000000e+00	  -1.1578615e-01	  -1.8000000e+02	
   3.9000000e-01	   0.0000000e+00	   1.1881406e-01	  -1.8000000e+02	
   4.0000000e-01	   0.0000000e+00	  -4.7746149e-01	  -1.8000000e+02	
   4.1000000e-01	   0.0000000e+00	   1.7512406e+00	  -1.8000000e+02	
   4.2000000e-01	   0.0000000e+00	   1.2233901e+00	  -1.8000000e+02	
   4.3000000e-01	   0.0000000e+00	   6.9939016e-02	  -1.8000000e+02	
   4.4000000e-01	   0.0000000e+00	   1.3836408e-01	  -1.8000000e+02	
   4.5000000e-01	   0.0000000e+00	   1.7746412e-01	  -1.8000000e+02	
   4.6000000e-01	   0.0000000e+00	  -4.9701151e-01	  -1.8000000e+02	
   4.7000000e-01	   0.0000000e+00	  -7.2183671e-01	  -1.8000000e+02	
   4.8000000e-01	   0.0000000e+00	   2.8498921e-01	  -1.8000000e+02	
   4.9000000e-01	   0.0000000e+00	  -1.0601115e-01	  -1.8000000e+02	
   5.0000000e-01	   0.0000000e+00	  -5.4588655e-01	  -1.8000000e+02	
   5.1000000e-01	   0.0000000e+00	   4.5116437e-01	  -1.8000000e+02	
   5.2000000e-01	   0.0000000e+00	  -7.2183671e-01	  -1.8000000e+02	
   5.3000000e-01	   0.0000000e+00	  -8.8801187e-01	  -1.8000000e+02	
   5.4000000e-01	   0.0000000e+00	   1.3602402e+00	  -1.8000000e+02	
   5.5000000e-01	   0.0000000e+00	   5.0003941e-01	  -1.8000000e+02	
   5.6000000e-01	   0.0000000e+00	   1.2858907e-01	  -1.8000000e+02	
   5.7000000e-01	   0.0000000e+00	  -7.9026178e-01	  -1.8000000e+02	
   5.8000000e-01	   0.0000000e+00	  -2.1353624e-01	  -1.8000000e+02	
   5.9000000e-01	   0.0000000e+00	   2.5566419e-01	  -1.8000000e+02	
   6.0000000e-01	   0.0000000e+00	   1.3700152e+00	  -1.8000000e+02	
   6.1000000e-01	   0.0000000e+00	   2.7521421e-01	  -1.8000000e+02	
   6.2000000e-01	   0.0000000e+00	   3.6318929e-01	  -1.8000000e+02	
   6.3000000e-01	   0.0000000e+00	  -1.0150870e+00	  -1.8000000e+02	
   6.4000000e-01	   0.0000000e+00	   2.7521421e-01	  -1.8000000e+02	
   6.5000000e-01	   0.0000000e+00	  -3.6016138e-01	  -1.8000000e+02	
   6.6000000e-01	   0.0000000e+00	   1.2722651e+00	  -1.8000000e+02	
   6.7000000e-01	   0.0000000e+00	   8.1283970e-01	  -1.8000000e+02	
   6.8000000e-01	   0.0000000e+00	   4.3161435e-01	  -1.8000000e+02	
   6.9000000e-01	   0.0000000e+00	   1.1451900e+00	  -1.8000000e+02	
   7.0000000e-01	   0.0000000e+00	  -6.4363664e-01	  -1.8000000e+02	
   7.1000000e-01	   0.0000000e+00	  -3.6016138e-01	  -1.8000000e+02	
   7.2000000e-01	   0.0000000e+00	   8.5193974e-01	  -1.8000000e+02	
   7.3000000e-01	   0.0000000e+00	   1.1288962e-02	  -1.8000000e+02	
   7.4000000e-01	   0.0000000e+00	  -3.1128633e-01	  -1.8000000e+02	
   7.5000000e-01	   0.0000000e+00	  -4.5791147e-01	  -1.8000000e+02	
   7.6000000e-01	   0.0000000e+00	   1.2858907e-01	  -1.8000000e+02	
   7.7000000e-01	   0.0000000e+00	   3.4363927e-01	  -1.8000000e+02	
   7.8000000e-01	   0.0000000e+00	   7.5418965e-01	  -1.8000000e+02	
   7.9000000e-01	   0.0000000e+00	   5.3913945e-01	  -1.8000000e+02	
   8.0000000e-01	   0.0000000e+00	  -8.6461128e-02	  -1.8000000e+02	
   8.1000000e-01	   0.0000000e+00	  -6.7296167e-01	  -1.8000000e+02	
   8.2000000e-01	   0.0000000e+00	   6.4666455e-01	  -1.8000000e+02	
   8.3000000e-01	   0.0000000e+00	   7.9714025e-02	  -1.8000000e+02	
   8.4000000e-01	   0.0000000e+00	   3.6318929e-01	  -1.8000000e+02	
   8.5000000e-01	   0.0000000e+00	   3.6318929e-01	  -1.8000000e+02	
   8.6000000e-01	   0.0000000e+00	   1.5139534e-03	  -1.8000000e+02	
   8.7000000e-01	   0.0000000e+00	  -8.2936181e-01	  -1.8000000e+02	
   8.8000000e-01	   0.0000000e+00	   9.3013981e-01	  -1.8000000e+02	
   8.9000000e-01	   0.0000000e+00	   5.9778950e-01	  -1.8000000e+02	
   9.0000000e-01	   0.0000000e+00	  -5.6543657e-01	  -1.8000000e+02	
   9.1000000e-01	   0.0000000e+00	  -2.7218630e-01	  -1.8000000e+02	
   9.2000000e-01	   0.0000000e+00	   4.1206433e-01	  -1.8000000e+02	
   9.3000000e-01	   0.0000000e+00	   6.5643956e-01	  -1.8000000e+02	
   9.4000000e-01	   0.0000000e+00	   9.8878986e-01	  -1.8000000e+02	
   9.5000000e-01	   0.0000000e+00	   6.0164007e-02	  -1.8000000e+02	
   9.6000000e-01	   0.0000000e+00	   3.0838980e-02	  -1.8000000e+02	
   9.7000000e-01	   0.0000000e+00	  -1.2556116e-01	  -1.8000000e+02	
   9.8000000e-01	   0.0000000e+00	   4.7071439e-01	  -1.8000000e+02	
   9.9000000e-01	   0.0000000e+00	   1.1288962e-02	  -1.8000000e+02	
   1.0000000e+00	   0.0000000e+00	  -1.5488619e-01	  -1.8000000e+02	
   1.0100000e+00	   0.0000000e+00	  -1.3533617e-01	  -1.8000000e+02	
   1.0200000e+00	   0.0000000e+00	   1.1288962e-02	  -1.8000000e+02	
   1.0300000e+00	   0.0000000e+00	   2.6543920e-01	  -1.8000000e+02	
   1.0400000e+00	   0.0000000e+00	   4.0613989e-02	  -1.8000000e+02	
   1.0500000e+00	   0.0000000e+00	  -6.0453661e-01	  -1.8000000e+02	
   1.0600000e+00	   0.0000000e+00	   3.6318929e-01	  -1.8000000e+02	
   1.0700000e+00	   0.0000000e+00	   1.3836408e-01	  -1.8000000e+02	
   1.0800000e+00	   0.0000000e+00	   3.4363927e-01	  -1.8000000e+02	
   1.0900000e+00	   0.0000000e+00	   5.3913945e-01	  -1.8000000e+02	
   1.1000000e+00	   0.0000000e+00	   5.0388998e-02	  -1.8000000e+02	
   1.1100000e+00	   0.0000000e+00	   8.4216473e-01	  -1.8000000e+02	
   1.1200000e+00	   0.0000000e+00	   1.0669899e+00	  -1.8000000e+02	
   1.1300000e+00	   0.0000000e+00	  -7.1206170e-01	  -1.8000000e+02	
   1.1400000e+00	   0.0000000e+00	  -5.8498659e-01	  -1.8000000e+02	
   1.1500000e+00	   0.0000000e+00	   7.2486462e-01	  -1.8000000e+02	
   1.1600000e+00	   0.0000000e+00	  -7.7071176e-01	  -1.8000000e+02	
   1.1700000e+00	   0.0000000e+00	   2.6543920e-01	  -1.8000000e+02	
   1.1800000e+00	   0.0000000e+00	   3.6318929e-01	  -1.8000000e+02	
   1.1900000e+00	   0.0000000e+00	   9.9264043e-02	  -1.8000000e+02	
   1.2000000e+00	   0.0000000e+00	  -8.2610556e-03	  -1.8000000e+02	
   1.2100000e+00	   0.0000000e+00	  -9.3688691e-01	  -1.8000000e+02	
   1.2200000e+00	   0.0000000e+00	   1.2233901e+00	  -1.8000000e+02	
   1.2300000e+00	   0.0000000e+00	   6.1733952e-01	  -1.8000000e+02	
   1.2400000e+00	   0.0000000e+00	   7.9714025e-02	  -1.8000000e+02	
   1.2500000e+00	   0.0000000e+00	  -2.3308626e-01	  -1.8000000e+02	
   1.2600000e+00	   0.0000000e+00	   8.9489034e-02	  -1.8000000e+02	
   1.2700000e+00	   0.0000000e+00	  -1.1578615e-01	  -1.8000000e+02	
   1.2800000e+00	   0.0000000e+00	   1.5752904e+00	  -1.8000000e+02	
   1.2900000e+00	   0.0000000e+00	  -2.6241129e-01	  -1.8000000e+02	
   1.3000000e+00	   0.0000000e+00	   2.1063971e-02	  -1.8000000e+02	
   1.3100000e+00	   0.0000000e+00	  -4.5791147e-01	  -1.8000000e+02	
   1.3200000e+00	   0.0000000e+00	  -1.1578615e-01	  -1.8000000e+02	
   1.3300000e+00	   0.0000000e+00	  -7.7071176e-01	  -1.8000000e+02	
   1.3400000e+00	   0.0000000e+00	   6.2711453e-01	  -1.8000000e+02	
   1.3500000e+00	   0.0000000e+00	   1.4384403e+00	  -1.8000000e+02	
   1.3600000e+00	   0.0000000e+00	   1.0474399e+00	  -1.8000000e+02	
   1.3700000e+00	   0.0000000e+00	   2.2633916e-01	  -1.8000000e+02	
   1.3800000e+00	   0.0000000e+00	  -8.2936181e-01	  -1.8000000e+02	
   1.3900000e+00	   0.0000000e+00	  -2.1353624e-01	  -1.8000000e+02	
   1.4000000e+00	   0.0000000e+00	   1.1288962e-02	  -1.8000000e+02	
   1.4100000e+00	   0.0000000e+00	  -2.7811074e-02	  -1.8000000e+02	
   1.4200000e+00	   0.0000000e+00	   1.2624901e+00	  -1.8000000e+02	
   1.4300000e+00	   0.0000000e+00	  -3.3083635e-01	  -1.8000000e+02	
   1.4400000e+00	   0.0000000e+00	  -4.0903642e-01	  -1.8000000e+02	
   1.4500000e+00	   0.0000000e+00	  -8.2936181e-01	  -1.8000000e+02	
   1.4600000e+00	   0.0000000e+00	  -1.1910371e+00	  -1.8000000e+02	
   1.4700000e+00	   0.0000000e+00	   3.5341428e-01	  -1.8000000e+02	
   1.4800000e+00	   0.0000000e+00	   3.6318929e-01	  -1.8000000e+02	
   1.4900000e+00	   0.0000000e+00	  -8.0003679e-01	  -1.8000000e+02	
   1.5000000e+00	   0.0000000e+00	  -3.9926142e-01	  -1.8000000e+02	
   1.5100000e+00	   0.0000000e+00	  -5.5566156e-01	  -1.8000000e+02	
   1.5200000e+00	   0.0000000e+00	   3.3386426e-01	  -1.8000000e+02	
   1.5300000e+00	   0.0000000e+00	  -4.8723650e-01	  -1.8000000e+02	
   1.5400000e+00	   0.0000000e+00	  -4.1881143e-01	  -1.8000000e+02	
   1.5500000e+00	   0.0000000e+00	  -1.6466120e-01	  -1.8000000e+02	
   1.5600000e+00	   0.0000000e+00	  -4.3836145e-01	  -1.8000000e+02	
   1.5700000e+00	   0.0000000e+00	  -1.2008122e+00	  -1.8000000e+02	
   1.5800000e+00	   0.0000000e+00	  -1.3533617e-01	  -1.8000000e+02	
   1.5900000e+00	   0.0000000e+00	   5.4891446e-01	  -1.8000000e+02	
   1.6000000e+00	   0.0000000e+00	  -9.6621194e-01	  -1.8000000e+02	
   1.6100000e+00	   0.0000000e+00	   5.0388998e-02	  -1.8000000e+02	
   1.6200000e+00	   0.0000000e+00	  -7.6093675e-01	  -1.8000000e+02	
   1.6300000e+00	   0.0000000e+00	   2.7521421e-01	  -1.8000000e+02	
   1.6400000e+00	   0.0000000e+00	   5.0003941e-01	  -1.8000000e+02	
   1.6500000e+00	   0.0000000e+00	  -7.6686119e-02	  -1.8000000e+02	
   1.6600000e+00	   0.0000000e+00	  -1.3083373e+00	  -1.8000000e+02	
   1.6700000e+00	   0.0000000e+00	  -3.6993639e-01	  -1.8000000e+02	
   1.6800000e+00	   0.0000000e+00	  -7.6093675e-01	  -1.8000000e+02	
   1.6900000e+00	   0.0000000e+00	  -9.6621194e-01	  -1.8000000e+02	
   1.7000000e+00	   0.0000000e+00	   9.3991482e-01	  -1.8000000e+02	
   1.7100000e+00	   0.0000000e+00	  -2.7811074e-02	  -1.8000000e+02	
   1.7200000e+00	   0.0000000e+00	  -2.7811074e-02	  -1.8000000e+02	
   1.7300000e+00	   0.0000000e+00	   4.7071439e-01	  -1.8000000e+02	
   1.7400000e+00	   0.0000000e+00	  -1.0248620e+00	  -1.8000000e+02	
   1.7500000e+00	   0.0000000e+00	   3.3386426e-01	  -1.8000000e+02	
   1.7600000e+00	   0.0000000e+00	   7.5418965e-01	  -1.8000000e+02	
   1.7700000e+00	   0.0000000e+00	   1.4813909e-01	  -1.8000000e+02	
   1.7800000e+00	   0.0000000e+00	  -3.9926142e-01	  -1.8000000e+02	
   1.7900000e+00	   0.0000000e+00	   8.8126476e-01	  -1.8000000e+02	
   1.8000000e+00	   0.0000000e+00	   2.6543920e-01	  -1.8000000e+02	
   1.8100000e+00	   0.0000000e+00	  -1.8036065e-02	  -1.8000000e+02	
   1.8200000e+00	   0.0000000e+00	  -5.9476160e-01	  -1.8000000e+02	
   1.8300000e+00	   0.0000000e+00	  -6.0453661e-01	  -1.8000000e+02	
   1.8400000e+00	   0.0000000e+00	  -2.0376124e-01	  -1.8000000e+02	
   1.8500000e+00	   0.0000000e+00	  -4.3836145e-01	  -1.8000000e+02	
   1.8600000e+00	   0.0000000e+00	  -7.3161172e-01	  -1.8000000e+02	
   1.8700000e+00	   0.0000000e+00	   1.5068653e+00	  -1.8000000e+02	
   1.8800000e+00	   0.0000000e+00	   1.0572149e+00	  -1.8000000e+02	
   1.8900000e+00	   0.0000000e+00	  -9.6621194e-01	  -1.8000000e+02	
   1.9000000e+00	   0.0000000e+00	   3.5341428e-01	  -1.8000000e+02	
   1.9100000e+00	   0.0000000e+00	  -3.7586083e-02	  -1.8000000e+02	
   1.9200000e+00	   0.0000000e+00	  -5.1656152e-01	  -1.8000000e+02	
   1.9300000e+00	   0.0000000e+00	  -6.6911110e-02	  -1.8000000e+02	
   1.9400000e+00	   0.0000000e+00	   9.5946484e-01	  -1.8000000e+02	
   1.9500000e+00	   0.0000000e+00	  -3.6993639e-01	  -1.8000000e+02	
   1.9600000e+00	   0.0000000e+00	   5.1958943e-01	  -1.8000000e+02	
   1.9700000e+00	   0.0000000e+00	   1.1288962e-02	  -1.8000000e+02	
   1.9800000e+00	   0.0000000e+00	   2.1129159e+00	  -1.8000000e+02	
   1.9900000e+00	   0.0000000e+00	  -4.5791147e-01	  -1.8000000e+02	
   2.0000000e+00	   2.0000000e+00	  -2.4286127e-01	  -1.8000000e+02	
   2.0100000e+00	   2.0000000e+00	   2.1656415e-01	  -1.8000000e+02	
   2.0200000e+00	   2.0000000e+00	  -3.7971140e-01	  -1.8000000e+02	
   2.0300000e+00	   2.0000000e+00	   6.3688954e-01	  -1.8000000e+02	
   2.0400000e+00	   2.0000000e+00	   8.8126476e-01	  -1.8000000e+02	
   2.0500000e+00	   2.0000000e+00	   1.3797902e+00	  -1.8000000e+02	
   2.0600000e+00	   2.0000000e+00	   1.1451900e+00	  -1.7956055e+02	
   2.0700000e+00	   2.0000000e+00	   2.6896414e+00	  -1.8000000e+02	
   2.0800000e+00	   2.0000000e+00	   1.4873153e+00	  -1.8000000e+02	
   2.0900000e+00	   2.0000000e+00	   2.4843662e+00	  -1.7995605e+02	
   2.1000000e+00	   2.0000000e+00	   3.6573673e+00	  -1.8000000e+02	
   2.1100000e+00	   2.0000000e+00	   2.6896414e+00	  -1.8000000e+02	
   2.1200000e+00	   2.0000000e+00	   2.9437917e+00	  -1.8000000e+02	
   2.1300000e+00	   2.0000000e+00	   2.6896414e+00	  -1.8000000e+02	
   2.1400000e+00	   2.0000000e+00	   5.5439441e+00	  -1.8000000e+02	
   2.1500000e+00	   2.0000000e+00	   4.9965436e+00	  -1.8000000e+02	
   2.1600000e+00	   2.0000000e+00	   4.6935183e+00	  -1.8000000e+02	
   2.1700000e+00	   2.0000000e+00	   4.0288177e+00	  -1.8000000e+02	
   2.1800000e+00	   2.0000000e+00	   5.7003442e+00	  -1.8000000e+02	
   2.1900000e+00	   2.0000000e+00	   5.3582189e+00	  -1.8000000e+02	
   2.2000000e+00	   2.0000000e+00	   7.4598458e+00	  -1.8000000e+02	
   2.2100000e+00	   2.0000000e+00	   5.2409188e+00	  -1.8000000e+02	
   2.2200000e+00	   2.0000000e+00	   5.5830441e+00	  -1.8000000e+02	
   2.2300000e+00	   2.0000000e+00	   6.3650448e+00	  -1.8000000e+02	
   2.2400000e+00	   2.0000000e+00	   5.7687693e+00	  -1.8000000e+02	
   2.2500000e+00	   2.0000000e+00	   6.4823449e+00	  -1.8000000e+02	
   2.2600000e+00	   2.0000000e+00	   6.8831203e+00	  -1.8000000e+02	
   2.2700000e+00	   2.0000000e+00	   7.2350206e+00	  -1.8000000e+02	
   2.2800000e+00	   2.0000000e+00	   9.2584475e+00	  -1.7925293e+02	
   2.2900000e+00	   2.0000000e+00	   9.6787729e+00	  -1.7795654e+02	
   2.3000000e+00	   2.0000000e+00	   8.6719469e+00	  -1.8000000e+02	
   2.3100000e+00	   2.0000000e+00	   9.0336223e+00	  -1.7927490e+02	
   2.3200000e+00	   2.0000000e+00	   9.8449480e+00	  -1.7648438e+02	
   2.3300000e+00	   2.0000000e+00	   9.3268725e+00	  -1.7956055e+02	
   2.3400000e+00	   2.0000000e+00	   9.4050726e+00	  -1.8000000e+02	
   2.3500000e+00	   2.0000000e+00	   9.6689979e+00	  -1.7692383e+02	
   2.3600000e+00	   2.0000000e+00	   1.1252549e+01	  -1.7830811e+02	
   2.3700000e+00	   2.0000000e+00	   1.2542851e+01	  -1.7685791e+02	
   2.3800000e+00	   2.0000000e+00	   1.2611276e+01	  -1.7542969e+02	
   2.3900000e+00	   2.0000000e+00	   1.1008174e+01	  -1.7470459e+02	
   2.4000000e+00	   2.0000000e+00	   1.2102975e+01	  -1.7151855e+02	
   2.4100000e+00	   2.0000000e+00	   1.2063875e+01	  -1.7154053e+02	
   2.4200000e+00	   2.0000000e+00	   1.2161625e+01	  -1.7237549e+02	
   2.4300000e+00	   2.0000000e+00	   1.2562401e+01	  -1.7321045e+02	
   2.4400000e+00	   2.0000000e+00	   1.2396225e+01	  -1.6995850e+02	
   2.4500000e+00	   2.0000000e+00	   1.2337575e+01	  -1.6943115e+02	
   2.4600000e+00	   2.0000000e+00	   1.2220275e+01	  -1.6842041e+02	
   2.4700000e+00	   2.0000000e+00	   1.2005225e+01	  -1.6657471e+02	
   2.4800000e+00	   2.0000000e+00	   1.2738351e+01	  -1.6776123e+02	
   2.4900000e+00	   2.0000000e+00	   1.4693352e+01	  -1.6734375e+02	
   2.5000000e+00	   2.0000000e+00	   1.3168451e+01	  -1.6584961e+02	
   2.5100000e+00	   2.0000000e+00	   1.4263252e+01	  -1.6450928e+02	
   2.5200000e+00	   2.0000000e+00	   1.3491026e+01	  -1.6444336e+02	
   2.5300000e+00	   2.0000000e+00	   1.2630826e+01	  -1.6400391e+02	
   2.5400000e+00	   2.0000000e+00	   1.3109801e+01	  -1.6292725e+02	
   2.5500000e+00	   2.0000000e+00	   1.3412826e+01	  -1.6125732e+02	
   2.5600000e+00	   2.0000000e+00	   1.5172328e+01	  -1.6077393e+02	
   2.5700000e+00	   2.0000000e+00	   1.4986603e+01	  -1.5732422e+02	
   2.5800000e+00	   2.0000000e+00	   1.3960227e+01	  -1.5993896e+02	
   2.5900000e+00	   2.0000000e+00	   1.6443079e+01	  -1.5725830e+02	
   2.6000000e+00	   2.0000000e+00	   1.5651303e+01	  -1.5710449e+02	
   2.6100000e+00	   2.0000000e+00	   1.3999327e+01	  -1.5317139e+02	
   2.6200000e+00	   2.0000000e+00	   1.4126402e+01	  -1.5310547e+02	
   2.6300000e+00	   2.0000000e+00	   1.6843854e+01	  -1.5147949e+02	
   2.6400000e+00	   2.0000000e+00	   1.5279853e+01	  -1.5341309e+02	
   2.6500000e+00	   2.0000000e+00	   1.6316004e+01	  -1.4908447e+02	
   2.6600000e+00	   2.0000000e+00	   1.5250528e+01	  -1.5141357e+02	
   2.6700000e+00	   2.0000000e+00	   1.6970930e+01	  -1.4864502e+02	
   2.6800000e+00	   2.0000000e+00	   1.5103903e+01	  -1.4675537e+02	
   2.6900000e+00	   2.0000000e+00	   1.7254405e+01	  -1.4684326e+02	
   2.7000000e+00	   2.0000000e+00	   1.7821355e+01	  -1.4341553e+02	
   2.7100000e+00	   2.0000000e+00	   1.6961155e+01	  -1.4222900e+02	
   2.7200000e+00	   2.0000000e+00	   1.7107780e+01	  -1.4458008e+02	
   2.7300000e+00	   2.0000000e+00	   1.7704055e+01	  -1.4130615e+02	
   2.7400000e+00	   2.0000000e+00	   1.5905454e+01	  -1.4033936e+02	
   2.7500000e+00	   2.0000000e+00	   1.7537880e+01	  -1.4148193e+02	
   2.7600000e+00	   2.0000000e+00	   1.5739278e+01	  -1.3946045e+02	
   2.7700000e+00	   2.0000000e+00	   1.7870230e+01	  -1.3634033e+02	
   2.7800000e+00	   2.0000000e+00	   1.6843854e+01	  -1.3640625e+02	
   2.7900000e+00	   2.0000000e+00	   1.7704055e+01	  -1.3445068e+02	
   2.8000000e+00	   2.0000000e+00	   1.7459680e+01	  -1.3390137e+02	
   2.8100000e+00	   2.0000000e+00	   1.7137105e+01	  -1.3486816e+02	
   2.8200000e+00	   2.0000000e+00	   1.7342380e+01	  -1.3126465e+02	
   2.8300000e+00	   2.0000000e+00	   1.8143931e+01	  -1.2994629e+02	
   2.8400000e+00	   2.0000000e+00	   1.8231906e+01	  -1.2966064e+02	
   2.8500000e+00	   2.0000000e+00	   1.8505606e+01	  -1.2843018e+02	
   2.8600000e+00	   2.0000000e+00	   1.7215305e+01	  -1.2816650e+02	
   2.8700000e+00	   2.0000000e+00	   1.8446956e+01	  -1.2917725e+02	
   2.8800000e+00	   2.0000000e+00	   1.7899555e+01	  -1.2832031e+02	
   2.8900000e+00	   2.0000000e+00	   1.8192806e+01	  -1.2467285e+02	
   2.9000000e+00	   2.0000000e+00	   1.8837956e+01	  -1.2214600e+02	
   2.9100000e+00	   2.0000000e+00	   1.7371705e+01	  -1.2229980e+02	
   2.9200000e+00	   2.0000000e+00	   1.9258282e+01	  -1.1975098e+02	
   2.9300000e+00	   2.0000000e+00	   1.9092107e+01	  -1.1797119e+02	
   2.9400000e+00	   2.0000000e+00	   1.7459680e+01	  -1.1803711e+02	
   2.9500000e+00	   2.0000000e+00	   1.9678607e+01	  -1.1577393e+02	
   2.9600000e+00	   2.0000000e+00	   1.9463557e+01	  -1.1515869e+02	
   2.9700000e+00	   2.0000000e+00	   1.9307157e+01	  -1.1724609e+02	
   2.9800000e+00	   2.0000000e+00	   2.0587683e+01	  -1.1184082e+02	
   2.9900000e+00	   2.0000000e+00	   1.8515381e+01	  -1.1212646e+02	
   3.0000000e+00	   2.0000000e+00	   1.8202581e+01	  -1.1166504e+02	
   3.0100000e+00	   2.0000000e+00	   1.7987531e+01	  -1.1109375e+02	
   3.0200000e+00	   2.0000000e+00	   1.9082332e+01	  -1.0762207e+02	
   3.0300000e+00	   2.0000000e+00	   1.8319881e+01	  -1.0472168e+02	
   3.0400000e+00	   2.0000000e+00	   2.0108707e+01	  -1.0661133e+02	
   3.0500000e+00	   2.0000000e+00	   1.9444007e+01	  -1.0450195e+02	
   3.0600000e+00	   2.0000000e+00	   1.8495831e+01	  -1.0316162e+02	
   3.0700000e+00	   2.0000000e+00	   1.9541757e+01	  -1.0278809e+02	
   3.0800000e+00	   2.0000000e+00	   2.0118482e+01	  -1.0083252e+02	
   3.0900000e+00	   2.0000000e+00	   1.8388306e+01	  -9.9448242e+01	
   3.1000000e+00	   2.0000000e+00	   1.9365807e+01	  -9.7932129e+01	
   3.1100000e+00	   2.0000000e+00	   2.0274883e+01	  -9.6372070e+01	
   3.1200000e+00	   2.0000000e+00	   1.8681556e+01	  -9.6372070e+01	
   3.1300000e+00	   2.0000000e+00	   2.0001182e+01	  -9.6152344e+01	
   3.1400000e+00	   2.0000000e+00	   1.9346257e+01	  -9.4416504e+01	
   3.1500000e+00	   2.0000000e+00	   2.0392183e+01	  -9.3581543e+01	
   3.1600000e+00	   2.0000000e+00	   1.9756807e+01	  -9.2592773e+01	
   3.1700000e+00	   2.0000000e+00	   2.0753858e+01	  -8.9978027e+01	
   3.1800000e+00	   2.0000000e+00	   1.9922982e+01	  -8.9472656e+01	
   3.1900000e+00	   2.0000000e+00	   2.0421508e+01	  -8.8022461e+01	
   3.2000000e+00	   2.0000000e+00	   1.9307157e+01	  -8.7231445e+01	
   3.2100000e+00	   2.0000000e+00	   2.0079382e+01	  -8.5275879e+01	
   3.2200000e+00	   2.0000000e+00	   2.0265108e+01	  -8.4462891e+01	
   3.2300000e+00	   2.0000000e+00	   2.0001182e+01	  -8.2375488e+01	
   3.2400000e+00	   2.0000000e+00	   2.0509483e+01	  -8.0244141e+01	
   3.2500000e+00	   2.0000000e+00	   2.0196683e+01	  -8.0266113e+01	
   3.2600000e+00	   2.0000000e+00	   1.9659057e+01	  -8.0046387e+01	
   3.2700000e+00	   2.0000000e+00	   1.9874107e+01	  -7.8859863e+01	
   3.2800000e+00	   2.0000000e+00	   2.0138033e+01	  -7.7387695e+01	
   3.2900000e+00	   2.0000000e+00	   2.0147808e+01	  -7.5168457e+01	
   3.3000000e+00	   2.0000000e+00	   2.0245558e+01	  -7.4091797e+01	
   3.3100000e+00	   2.0000000e+00	   2.0431283e+01	  -7.2312012e+01	
   3.3200000e+00	   2.0000000e+00	   1.9248507e+01	  -7.2443848e+01	
   3.3300000e+00	   2.0000000e+00	   2.0216233e+01	  -7.1367188e+01	
   3.3400000e+00	   2.0000000e+00	   2.0098932e+01	  -6.9829102e+01	
   3.3500000e+00	   2.0000000e+00	   2.1340359e+01	  -6.8488770e+01	
   3.3600000e+00	   2.0000000e+00	   2.1907309e+01	  -6.6906738e+01	
   3.3700000e+00	   2.0000000e+00	   1.9766582e+01	  -6.5500488e+01	
   3.3800000e+00	   2.0000000e+00	   1.8740206e+01	  -6.4709473e+01	
   3.3900000e+00	   2.0000000e+00	   2.0235783e+01	  -6.3830566e+01	
   3.4000000e+00	   2.0000000e+00	   1.9043232e+01	  -6.1940918e+01	
   3.4100000e+00	   2.0000000e+00	   2.1496759e+01	  -5.9348145e+01	
   3.4200000e+00	   2.0000000e+00	   2.0529033e+01	  -5.8579102e+01	
   3.4300000e+00	   2.0000000e+00	   2.0226008e+01	  -5.8732910e+01	
   3.4400000e+00	   2.0000000e+00	   2.1183958e+01	  -5.6425781e+01	
   3.4500000e+00	   2.0000000e+00	   2.2151684e+01	  -5.6118164e+01	
   3.4600000e+00	   2.0000000e+00	   1.9698157e+01	  -5.2668457e+01	
   3.4700000e+00	   2.0000000e+00	   2.2327635e+01	  -5.3547363e+01	
   3.4800000e+00	   2.0000000e+00	   2.1672709e+01	  -5.0998535e+01	
   3.4900000e+00	   2.0000000e+00	   2.1516309e+01	  -5.0383301e+01	
   3.5000000e+00	   2.0000000e+00	   2.0460608e+01	  -4.9768066e+01	
   3.5100000e+00	   2.0000000e+00	   2.0783183e+01	  -4.9020996e+01	
   3.5200000e+00	   2.0000000e+00	   2.1408784e+01	  -4.6318359e+01	
   3.5300000e+00	   2.0000000e+00	   2.0812508e+01	  -4.6230469e+01	
   3.5400000e+00	   2.0000000e+00	   2.2190784e+01	  -4.3000488e+01	
   3.5500000e+00	   2.0000000e+00	   2.0890708e+01	  -4.3747559e+01	
   3.5600000e+00	   2.0000000e+00	   2.2024609e+01	  -4.0957031e+01	
   3.5700000e+00	   2.0000000e+00	   2.0226008e+01	  -4.1726074e+01	
   3.5800000e+00	   2.0000000e+00	   2.0284658e+01	  -4.0056152e+01	
   3.5900000e+00	   2.0000000e+00	   2.0753858e+01	  -3.8540039e+01	
   3.6000000e+00	   2.0000000e+00	   2.1262159e+01	  -3.5815430e+01	
   3.6100000e+00	   2.0000000e+00	   2.1819334e+01	  -3.5134277e+01	
   3.6200000e+00	   2.0000000e+00	   2.3226935e+01	  -3.2607422e+01	
   3.6300000e+00	   2.0000000e+00	   2.0519258e+01	  -3.1486816e+01	
   3.6400000e+00	   2.0000000e+00	   2.0744083e+01	  -2.9333496e+01	
   3.6500000e+00	   2.0000000e+00	   2.0861383e+01	  -2.9421387e+01	
   3.6600000e+00	   2.0000000e+00	   2.0685433e+01	  -2.7795410e+01	
   3.6700000e+00	   2.0000000e+00	   2.2972785e+01	  -2.5905762e+01	
   3.6800000e+00	   2.0000000e+00	   2.1066658e+01	  -2.6103516e+01	
   3.6900000e+00	   2.0000000e+00	   2.1741134e+01	  -2.6169434e+01	
   3.7000000e+00	   2.0000000e+00	   1.9365807e+01	  -2.3686523e+01	
   3.7100000e+00	   2.0000000e+00	   2.2268984e+01	  -2.3774414e+01	
   3.7200000e+00	   2.0000000e+00	   1.9727482e+01	  -2.1884766e+01	
   3.7300000e+00	   2.0000000e+00	   2.0597458e+01	  -2.0104980e+01	
   3.7400000e+00	   2.0000000e+00	   2.0108707e+01	  -1.9489746e+01	
   3.7500000e+00	   2.0000000e+00	   2.0822283e+01	  -1.4479980e+01	
   3.7600000e+00	   2.0000000e+00	   2.0714758e+01	  -1.3601074e+01	
   3.7700000e+00	   2.0000000e+00	   2.1672709e+01	  -1.2436523e+01	
   3.7800000e+00	   2.0000000e+00	   2.1086208e+01	  -1.1535645e+01	
   3.7900000e+00	   2.0000000e+00	   2.0617008e+01	  -1.1601563e+01	
   3.8000000e+00	   2.0000000e+00	   2.2034384e+01	  -1.0063477e+01	
   3.8100000e+00	   2.0000000e+00	   2.1692259e+01	  -1.0217285e+01	
   3.8200000e+00	   2.0000000e+00	   2.0724533e+01	  -7.7343750e+00	
   3.8300000e+00	   2.0000000e+00	   2.0118482e+01	  -7.0532227e+00	
   3.8400000e+00	   2.0000000e+00	   2.1399009e+01	  -6.0424805e+00	
   3.8500000e+00	   2.0000000e+00	   2.1389234e+01	  -3.5156250e+00	
   3.8600000e+00	   2.0000000e+00	   2.2464485e+01	  -5.3393555e+00	
   3.8700000e+00	   2.0000000e+00	   2.0929808e+01	  -5.8227539e+00	
   3.8800000e+00	   2.0000000e+00	   2.1565184e+01	  -2.7246094e+00	
   3.8900000e+00	   2.0000000e+00	   2.0470383e+01	  -6.8115234e-01	
   3.9000000e+00	   2.0000000e+00	   2.1340359e+01	   1.1865234e+00	
   3.9100000e+00	   2.0000000e+00	   2.0079382e+01	   1.6918945e+00	
   3.9200000e+00	   2.0000000e+00	   2.1692259e+01	   3.7573242e+00	
   3.9300000e+00	   2.0000000e+00	   2.0538808e+01	   4.4165039e+00	
   3.9400000e+00	   2.0000000e+00	   2.1008008e+01	   5.6909180e+00	
   3.9500000e+00	   2.0000000e+00	   2.0704983e+01	   1.1513672e+01	
   3.9600000e+00	   2.0000000e+00	   2.0401958e+01	   7.9321289e+00	
   3.9700000e+00	   2.0000000e+00	   2.2044159e+01	   8.2617188e+00	
   3.9800000e+00	   2.0000000e+00	   2.0577908e+01	   1.1843262e+01	
   3.9900000e+00	   2.0000000e+00	   2.0841833e+01	   1.1162109e+01	
   4.0000000e+00	   2.0000000e+00	   2.1486984e+01	   1.4633789e+01	
   4.0100000e+00	   2.0000000e+00	   2.0050057e+01	   1.5007324e+01	
   4.0200000e+00	   2.0000000e+00	   2.1516309e+01	   1.6062012e+01	
   4.0300000e+00	   2.0000000e+00	   2.0128258e+01	   1.7687988e+01	
   4.0400000e+00	   2.0000000e+00	   2.1359909e+01	   2.0346680e+01	
   4.0500000e+00	   2.0000000e+00	   2.0411733e+01	   2.1599121e+01	
   4.0600000e+00	   2.0000000e+00	   2.0832058e+01	   2.1796875e+01	
   4.0700000e+00	   2.0000000e+00	   1.9854557e+01	   2.2434082e+01	
   4.0800000e+00	   2.0000000e+00	   2.1271934e+01	   2.7905273e+01	
   4.0900000e+00	   2.0000000e+00	   2.1868209e+01	   2.8103027e+01	
   4.1000000e+00	   2.0000000e+00	   2.2816385e+01	   2.9179688e+01	
   4.1100000e+00	   2.0000000e+00	   2.0744083e+01	   3.0476074e+01	
   4.1200000e+00	   2.0000000e+00	   2.0587683e+01	   3.2497559e+01	
   4.1300000e+00	   2.0000000e+00	   2.0753858e+01	   3.4409180e+01	
   4.1400000e+00	   2.0000000e+00	   1.9571082e+01	   3.2365723e+01	
   4.1500000e+00	   2.0000000e+00	   2.0509483e+01	   3.3684082e+01	
   4.1600000e+00	   2.0000000e+00	   2.1066658e+01	   3.7309570e+01	
   4.1700000e+00	   2.0000000e+00	   2.1047108e+01	   3.9265137e+01	
   4.1800000e+00	   2.0000000e+00	   2.1379459e+01	   4.0627441e+01	
   4.1900000e+00	   2.0000000e+00	   2.1995284e+01	   4.2033691e+01	
   4.2000000e+00	   2.0000000e+00	   2.2904360e+01	   4.3395996e+01	
   4.2100000e+00	   2.0000000e+00	   2.0998233e+01	   4.2758789e+01	
   4.2200000e+00	   2.0000000e+00	   2.0714758e+01	   4.3000488e+01	
   4.2300000e+00	   2.0000000e+00	   2.1809559e+01	   4.4516602e+01	
   4.2400000e+00	   2.0000000e+00	   1.9991407e+01	   4.3769531e+01	
   4.2500000e+00	   2.0000000e+00	   2.0704983e+01	   4.9877930e+01	
   4.2600000e+00	   2.0000000e+00	   2.0245558e+01	   4.6230469e+01	
   4.2700000e+00	   2.0000000e+00	   2.0519258e+01	   4.9768066e+01	
   4.2800000e+00	   2.0000000e+00	   2.0020732e+01	   4.9855957e+01	
   4.2900000e+00	   2.0000000e+00	   2.1711809e+01	   5.3459473e+01	
   4.3000000e+00	   2.0000000e+00	   1.9561307e+01	   5.4074707e+01	
   4.3100000e+00	   2.0000000e+00	   1.9883882e+01	   5.6975098e+01	
   4.3200000e+00	   2.0000000e+00	   2.0988458e+01	   5.7019043e+01	
   4.3300000e+00	   2.0000000e+00	   2.1262159e+01	   5.8249512e+01	
   4.3400000e+00	   2.0000000e+00	   2.0343308e+01	   5.9216309e+01	
   4.3500000e+00	   2.0000000e+00	   2.0939583e+01	   6.1501465e+01	
   4.3600000e+00	   2.0000000e+00	   1.9864332e+01	   6.5017090e+01	
   4.3700000e+00	   2.0000000e+00	   2.0255333e+01	   6.3940430e+01	
   4.3800000e+00	   2.0000000e+00	   2.1623834e+01	   6.5895996e+01	
   4.3900000e+00	   2.0000000e+00	   1.9854557e+01	   6.6708984e+01	
   4.4000000e+00	   2.0000000e+00	   2.1975734e+01	   6.6950684e+01	
   4.4100000e+00	   2.0000000e+00	   1.9805682e+01	   6.9763184e+01	
   4.4200000e+00	   2.0000000e+00	   2.0529033e+01	   7.0949707e+01	
   4.4300000e+00	   2.0000000e+00	   1.9815457e+01	   7.0598145e+01	
   4.4400000e+00	   2.0000000e+00	   2.0792958e+01	   7.3806152e+01	
   4.4500000e+00	   2.0000000e+00	   2.0822283e+01	   7.5607910e+01	
   4.4600000e+00	   2.0000000e+00	   2.1389234e+01	   7.6794434e+01	
   4.4700000e+00	   2.0000000e+00	   2.0929808e+01	   7.9409180e+01	
   4.4800000e+00	   2.0000000e+00	   2.0401958e+01	   7.9189453e+01	
   4.4900000e+00	   2.0000000e+00	   2.2620885e+01	   8.1738281e+01	
   4.5000000e+00	   2.0000000e+00	   1.9991407e+01	   8.2397461e+01	
   4.5100000e+00	   2.0000000e+00	   2.1535859e+01	   8.4770508e+01	
   4.5200000e+00	   2.0000000e+00	   2.1369684e+01	   8.3540039e+01	
   4.5300000e+00	   2.0000000e+00	   2.0665883e+01	   8.5935059e+01	
   4.5400000e+00	   2.0000000e+00	   2.2444935e+01	   8.8088379e+01	
   4.5500000e+00	   2.0000000e+00	   2.1223059e+01	   8.4638672e+01	
   4.5600000e+00	   2.0000000e+00	   2.0841833e+01	   8.7956543e+01	
   4.5700000e+00	   2.0000000e+00	   2.1213284e+01	   9.1406250e+01	
   4.5800000e+00	   2.0000000e+00	   2.1105758e+01	   9.0087891e+01	
   4.5900000e+00	   2.0000000e+00	   2.1047108e+01	   9.7185059e+01	
   4.6000000e+00	   2.0000000e+00	   2.1154633e+01	   9.7932129e+01	
   4.6100000e+00	   2.0000000e+00	   2.3011885e+01	   9.7976074e+01	
   4.6200000e+00	   2.0000000e+00	   2.1164408e+01	   9.8305664e+01	
   4.6300000e+00	   2.0000000e+00	   2.0646333e+01	   9.9821777e+01	
   4.6400000e+00	   2.0000000e+00	   2.2513360e+01	   1.0272217e+02	
   4.6500000e+00	   2.0000000e+00	   2.1418559e+01	   1.0428223e+02	
   4.6600000e+00	   2.0000000e+00	   2.1076433e+01	   1.0362305e+02	
   4.6700000e+00	   2.0000000e+00	   2.1125308e+01	   1.0560059e+02	
   4.6800000e+00	   2.0000000e+00	   2.1262159e+01	   1.0729248e+02	
   4.6900000e+00	   2.0000000e+00	   2.2386285e+01	   1.1054443e+02	
   4.7000000e+00	   2.0000000e+00	   2.0832058e+01	   1.0984131e+02	
   4.7100000e+00	   2.0000000e+00	   2.2855485e+01	   1.1212646e+02	
   4.7200000e+00	   2.0000000e+00	   2.1995284e+01	   1.1337891e+02	
   4.7300000e+00	   2.0000000e+00	   1.9805682e+01	   1.1247803e+02	
   4.7400000e+00	   2.0000000e+00	   2.0235783e+01	   1.1186279e+02	
   4.7500000e+00	   2.0000000e+00	   2.1193733e+01	   1.1493896e+02	
   4.7600000e+00	   2.0000000e+00	   2.1809559e+01	   1.1819092e+02	
   4.7700000e+00	   2.0000000e+00	   2.1047108e+01	   1.2515625e+02	
   4.7800000e+00	   2.0000000e+00	   2.0489933e+01	   1.1770752e+02	
   4.7900000e+00	   2.0000000e+00	   2.0851608e+01	   1.1832275e+02	
   4.8000000e+00	   2.0000000e+00	   2.0304208e+01	   1.2258545e+02	
   4.8100000e+00	   2.0000000e+00	   2.1965959e+01	   1.2407959e+02	
   4.8200000e+00	   2.0000000e+00	   1.9356032e+01	   1.2713379e+02	
   4.8300000e+00	   2.0000000e+00	   2.0118482e+01	   1.2803467e+02	
   4.8400000e+00	   2.0000000e+00	   2.1027558e+01	   1.2988037e+02	
   4.8500000e+00	   2.0000000e+00	   2.1995284e+01	   1.3247314e+02	
   4.8600000e+00	   2.0000000e+00	   2.0392183e+01	   1.3449463e+02	
   4.8700000e+00	   2.0000000e+00	   2.1838884e+01	   1.3374756e+02	
   4.8800000e+00	   2.0000000e+00	   2.0255333e+01	   1.3618652e+02	
   4.8900000e+00	   2.0000000e+00	   2.1115533e+01	   1.3684570e+02	
   4.9000000e+00	   2.0000000e+00	   2.0216233e+01	   1.3752686e+02	
   4.9100000e+00	   2.0000000e+00	   2.2992335e+01	   1.4047119e+02	
   4.9200000e+00	   2.0000000e+00	   2.2513360e+01	   1.4042725e+02	
   4.9300000e+00	   2.0000000e+00	   2.2151684e+01	   1.4225098e+02	
   4.9400000e+00	   2.0000000e+00	   2.1574959e+01	   1.4343750e+02	
   4.9500000e+00	   2.0000000e+00	   2.2386285e+01	   1.4730469e+02	
   4.9600000e+00	   2.0000000e+00	   2.1702034e+01	   1.4811768e+02	
   4.9700000e+00	   2.0000000e+00	   2.1438109e+01	   1.4717285e+02	
   4.9800000e+00	   2.0000000e+00	   2.1095983e+01	   1.5024902e+02	
   4.9900000e+00	   2.0000000e+00	   2.1526084e+01	   1.5466553e+02	
   5.0000000e+00	   2.0000000e+00	   2.1037333e+01	   1.5446777e+02	
   5.0100000e+00	   2.0000000e+00	   1.9922982e+01	   1.5517090e+02	
   5.0200000e+00	   2.0000000e+00	   2.1154633e+01	   1.5523682e+02	
   5.0300000e+00	   2.0000000e+00	   2.0832058e+01	   1.5629150e+02	
   5.0400000e+00	   2.0000000e+00	   2.1741134e+01	   1.6024658e+02	
   5.0500000e+00	   2.0000000e+00	   2.2699085e+01	   1.6105957e+02	
   5.0600000e+00	   2.0000000e+00	   2.1545634e+01	   1.6149902e+02	
   5.0700000e+00	   2.0000000e+00	   2.1008008e+01	   1.6345459e+02	
   5.0800000e+00	   2.0000000e+00	   2.2884810e+01	   1.6264160e+02	
   5.0900000e+00	   2.0000000e+00	   2.2327635e+01	   1.6795898e+02	
   5.1000000e+00	   2.0000000e+00	   2.1995284e+01	   1.6446533e+02	
   5.1100000e+00	   2.0000000e+00	   2.1008008e+01	   1.6771729e+02	
   5.1200000e+00	   2.0000000e+00	   2.2435160e+01	   1.7255127e+02	
   5.1300000e+00	   2.0000000e+00	   2.2581785e+01	   1.7169434e+02	
   5.1400000e+00	   2.0000000e+00	   2.2200559e+01	   1.7417725e+02	
   5.1500000e+00	   2.0000000e+00	   2.2210334e+01	   1.7006836e+02	
   5.1600000e+00	   2.0000000e+00	   2.1105758e+01	   1.7804443e+02	
   5.1700000e+00	   2.0000000e+00	   2.1125308e+01	   1.7786865e+02	
   5.1800000e+00	   2.0000000e+00	   2.0138033e+01	   1.7501221e+02	
   5.1900000e+00	   2.0000000e+00	   2.1086208e+01	   1.7615479e+02	
   5.2000000e+00	   2.0000000e+00	   2.1741134e+01	   1.7670410e+02	
   5.2100000e+00	   2.0000000e+00	   2.1868209e+01	   1.7727539e+02	
   5.2200000e+00	   2.0000000e+00	   1.9629732e+01	   1.7457275e+02	
   5.2300000e+00	   2.0000000e+00	   2.1027558e+01	   1.7400146e+02	
   5.2400000e+00	   2.0000000e+00	   2.0226008e+01	  -1.3447266e+01	
   5.2500000e+00	   2.0000000e+00	   2.2835935e+01	  -1.0480957e+01	
   5.2600000e+00	   2.0000000e+00	   2.2337410e+01	  -1.1667480e+01	
   5.2700000e+00	   2.0000000e+00	   2.1115533e+01	  -1.8000000e+02	
   5.2800000e+00	   2.0000000e+00	   2.0587683e+01	  -1.8000000e+02	
   5.2900000e+00	   2.0000000e+00	   2.1545634e+01	  -1.8000000e+02	
   5.3000000e+00	   2.0000000e+00	   2.1135083e+01	  -1.8000000e+02	
   5.3100000e+00	   2.0000000e+00	   2.0734308e+01	  -1.8000000e+02	
   5.3200000e+00	   2.0000000e+00	   2.0802733e+01	  -1.8000000e+02	
   5.3300000e+00	   2.0000000e+00	   2.1702034e+01	  -1.8000000e+02	
   5.3400000e+00	   2.0000000e+00	   2.0929808e+01	  -1.8000000e+02	
   5.3500000e+00	   2.0000000e+00	   2.3109635e+01	  -1.8000000e+02	
   5.3600000e+00	   2.0000000e+00	   2.2337410e+01	  -1.7846191e+02	
   5.3700000e+00	   2.0000000e+00	   2.0499708e+01	  -1.7786865e+02	
   5.3800000e+00	   2.0000000e+00	   2.0900483e+01	  -1.7896729e+02	
   5.3900000e+00	   2.0000000e+00	   2.0568133e+01	  -1.7488037e+02	
   5.4000000e+00	   2.0000000e+00	   2.1076433e+01	  -1.7224365e+02	
   5.4100000e+00	   2.0000000e+00	   2.0949358e+01	  -1.7433105e+02	
   5.4200000e+00	   2.0000000e+00	   2.1887759e+01	  -1.7149658e+02	
   5.4300000e+00	   2.0000000e+00	   2.2024609e+01	  -1.7083740e+02	
   5.4400000e+00	   2.0000000e+00	   2.2689310e+01	  -1.6628906e+02	
   5.4500000e+00	   2.0000000e+00	   2.0147808e+01	  -1.6576172e+02	
   5.4600000e+00	   2.0000000e+00	   2.2044159e+01	  -1.6428955e+02	
   5.4700000e+00	   2.0000000e+00	   2.2063709e+01	  -1.6385010e+02	
   5.4800000e+00	   2.0000000e+00	   2.0313983e+01	  -1.6299316e+02	
   5.4900000e+00	   2.0000000e+00	   1.9238732e+01	  -1.6358643e+02	
   5.5000000e+00	   2.0000000e+00	   1.9610182e+01	  -1.6147705e+02	
   5.5100000e+00	   2.0000000e+00	   2.0226008e+01	  -1.5949951e+02	
   5.5200000e+00	   2.0000000e+00	   1.9756807e+01	  -1.5833496e+02	
   5.5300000e+00	   2.0000000e+00	   2.1965959e+01	  -1.5308350e+02	
   5.5400000e+00	   2.0000000e+00	   2.0617008e+01	  -1.5556641e+02	
   5.5500000e+00	   2.0000000e+00	   1.9942532e+01	  -1.5361084e+02	
   5.5600000e+00	   2.0000000e+00	   2.1604284e+01	  -1.5117188e+02	
   5.5700000e+00	   2.0000000e+00	   2.2386285e+01	  -1.4743652e+02	
   5.5800000e+00	   2.0000000e+00	   2.1975734e+01	  -1.4767822e+02	
   5.5900000e+00	   2.0000000e+00	   2.0998233e+01	  -1.4816162e+02	
   5.6000000e+00	   2.0000000e+00	   2.0998233e+01	  -1.4767822e+02	
   5.6100000e+00	   2.0000000e+00	   2.2034384e+01	  -1.4550293e+02	
   5.6200000e+00	   2.0000000e+00	   2.1320809e+01	  -1.4207520e+02	
   5.6300000e+00	   2.0000000e+00	   2.1164408e+01	  -1.4242676e+02	
   5.6400000e+00	   2.0000000e+00	   2.0265108e+01	  -1.4376709e+02	
   5.6500000e+00	   2.0000000e+00	   2.0040282e+01	  -1.3987793e+02	
   5.6600000e+00	   2.0000000e+00	   1.9385357e+01	  -1.3965820e+02	
   5.6700000e+00	   2.0000000e+00	   2.0353083e+01	  -1.3818604e+02	
   5.6800000e+00	   2.0000000e+00	   2.0773408e+01	  -1.3653809e+02	
   5.6900000e+00	   2.0000000e+00	   2.1125308e+01	  -1.3368164e+02	
   5.7000000e+00	   2.0000000e+00	   2.0294433e+01	  -1.3379150e+02	
   5.7100000e+00	   2.0000000e+00	   2.0128258e+01	  -1.3148438e+02	
   5.7200000e+00	   2.0000000e+00	   2.1262159e+01	  -1.3086914e+02	
   5.7300000e+00	   2.0000000e+00	   2.1301259e+01	  -1.2930908e+02	
   5.7400000e+00	   2.0000000e+00	   2.2102809e+01	  -1.2640869e+02	
   5.7500000e+00	   2.0000000e+00	   2.2249434e+01	  -1.2590332e+02	
   5.7600000e+00	   2.0000000e+00	   2.1672709e+01	  -1.2480469e+02	
   5.7700000e+00	   2.0000000e+00	   2.0265108e+01	  -1.2403564e+02	
   5.7800000e+00	   2.0000000e+00	   1.9004131e+01	  -1.2443115e+02	
   5.7900000e+00	   2.0000000e+00	   1.9473332e+01	  -1.2267334e+02	
   5.8000000e+00	   2.0000000e+00	   1.9893657e+01	  -1.1944336e+02	
   5.8100000e+00	   2.0000000e+00	   2.0548583e+01	  -1.1887207e+02	
   5.8200000e+00	   2.0000000e+00	   2.0255333e+01	  -1.1720215e+02	
   5.8300000e+00	   2.0000000e+00	   2.1115533e+01	  -1.1671875e+02	
   5.8400000e+00	   2.0000000e+00	   2.0255333e+01	  -1.1410400e+02	
   5.8500000e+00	   2.0000000e+00	   2.0421508e+01	  -1.1460938e+02	
   5.8600000e+00	   2.0000000e+00	   1.9962082e+01	  -1.1201660e+02	
   5.8700000e+00	   2.0000000e+00	   2.1369684e+01	  -1.1177490e+02	
   5.8800000e+00	   2.0000000e+00	   2.1086208e+01	  -1.1017090e+02	
   5.8900000e+00	   2.0000000e+00	   2.0509483e+01	  -1.0920410e+02	
   5.9000000e+00	   2.0000000e+00	   2.1144858e+01	  -1.0650146e+02	
   5.9100000e+00	   2.0000000e+00	   2.1633609e+01	  -1.0494141e+02	
   5.9200000e+00	   2.0000000e+00	   2.0773408e+01	  -1.0366699e+02	
   5.9300000e+00	   2.0000000e+00	   2.1790009e+01	  -1.0267822e+02	
   5.9400000e+00	   2.0000000e+00	   2.0675658e+01	  -1.0210693e+02	
   5.9500000e+00	   2.0000000e+00	   2.1917084e+01	  -9.9997559e+01	
   5.9600000e+00	   2.0000000e+00	   2.0050057e+01	  -9.9953613e+01	
   5.9700000e+00	   2.0000000e+00	   2.0529033e+01	  -9.7294922e+01	
   5.9800000e+00	   2.0000000e+00	   2.0138033e+01	  -9.6350098e+01	
   5.9900000e+00	   2.0000000e+00	   2.1125308e+01	  -9.5075684e+01	
   6.0000000e+00	   2.0000000e+00	   2.0617008e+01	  -9.4042969e+01	
