   0.0000000e+00	  -5.0000000e+01	   5.3876953e+01	   8.3327666e-01	  -1.0000000e+01	  -5.1938477e+02	  -5.1938477e+02	   0.0000000e+00	  -0.0000000e+00	
   5.0000000e-02	  -5.0000000e+01	   4.6230469e+01	   2.3557918e+00	  -1.0000000e+01	  -4.8374927e+02	  -4.8115234e+02	  -2.5969238e+00	  -0.0000000e+00	
   1.0000000e-01	  -5.0000000e+01	   4.6296387e+01	   3.7139684e+00	  -1.0000000e+01	  -4.8648462e+02	  -4.8148193e+02	  -5.0026855e+00	  -0.0000000e+00	
   1.5000000e-01	  -5.0000000e+01	   3.8100586e+01	   4.9043939e+00	  -1.0000000e+01	  -4.4791302e+02	  -4.4050293e+02	  -7.4100952e+00	  -0.0000000e+00	
   2.0000000e-01	  -5.0000000e+01	   2.7773438e+01	   5.7715152e+00	  -1.0000000e+01	  -3.9847980e+02	  -3.8886719e+02	  -9.6126099e+00	  -0.0000000e+00	
   2.5000000e-01	  -5.0000000e+01	   1.8017578e+01	   6.3012045e+00	  -1.0000000e+01	  -3.5164484e+02	  -3.4008789e+02	  -1.1556946e+01	  -0.0000000e+00	
   3.0000000e-01	  -5.0000000e+01	   6.7675781e+00	   6.4896264e+00	  -1.0000000e+01	  -2.9709528e+02	  -2.8383789e+02	  -1.3257385e+01	  -0.0000000e+00	
   3.5000000e-01	  -5.0000000e+01	  -4.9877930e+00	   6.3164122e+00	  -1.0000000e+01	  -2.3973761e+02	  -2.2506104e+02	  -1.4676575e+01	  -0.0000000e+00	
   4.0000000e-01	  -5.0000000e+01	  -2.3291016e+01	   5.6836610e+00	  -1.0000000e+01	  -1.4934680e+02	  -1.3354492e+02	  -1.5801880e+01	  -0.0000000e+00	
   4.5000000e-01	  -5.0000000e+01	  -4.0341797e+01	   4.5236870e+00	  -1.0000000e+01	  -6.4760620e+01	  -4.8291016e+01	  -1.6469604e+01	  -0.0000000e+00	
   5.0000000e-01	  -5.0000000e+01	  -6.0644531e+01	   2.8218737e+00	   1.0000000e+01	   3.6511597e+01	   5.3222656e+01	  -1.6711060e+01	   0.0000000e+00	
   5.5000000e-01	  -5.0000000e+01	  -7.6772461e+01	   6.0925465e-01	   1.0000000e+01	   1.1741736e+02	   1.3386230e+02	  -1.6444946e+01	   0.0000000e+00	
   6.0000000e-01	  -5.0000000e+01	  -8.9165039e+01	  -1.9760289e+00	   1.0000000e+01	   1.8004956e+02	   1.9582520e+02	  -1.5775635e+01	   0.0000000e+00	
   6.5000000e-01	  -5.0000000e+01	  -9.9096680e+01	  -4.8266158e+00	   1.0000000e+01	   2.3068689e+02	   2.4548340e+02	  -1.4796509e+01	   0.0000000e+00	
   7.0000000e-01	  -5.0000000e+01	  -1.0254639e+02	  -7.7959866e+00	   1.0000000e+01	   2.4916284e+02	   2.6273193e+02	  -1.3569092e+01	   0.0000000e+00	
   7.5000000e-01	  -5.0000000e+01	  -1.0463379e+02	  -1.0759146e+01	   1.0000000e+01	   2.6091351e+02	   2.7316895e+02	  -1.2255432e+01	   0.0000000e+00	
   8.0000000e-01	  -5.0000000e+01	  -1.0283203e+02	  -1.3635064e+01	   1.0000000e+01	   2.5327057e+02	   2.6416016e+02	  -1.0889587e+01	   0.0000000e+00	
   8.5000000e-01	  -5.0000000e+01	  -9.6745605e+01	  -1.6300022e+01	   1.0000000e+01	   2.2415924e+02	   2.3372803e+02	  -9.5687866e+00	   0.0000000e+00	
   9.0000000e-01	  -5.0000000e+01	  -8.9846191e+01	  -1.8681704e+01	   1.0000000e+01	   1.9083081e+02	   1.9923096e+02	  -8.4001465e+00	   0.0000000e+00	
   9.5000000e-01	  -5.0000000e+01	  -7.9497070e+01	  -2.0722943e+01	   1.0000000e+01	   1.4008136e+02	   1.4748535e+02	  -7.4039917e+00	   0.0000000e+00	
   1.0000000e+00	  -5.0000000e+01	  -6.8334961e+01	  -2.2368342e+01	   1.0000000e+01	   8.5008240e+01	   9.1674805e+01	  -6.6665649e+00	   0.0000000e+00	
   1.0500000e+00	  -5.0000000e+01	  -5.4645996e+01	  -2.3578490e+01	   1.0000000e+01	   1.7021790e+01	   2.3229980e+01	  -6.2081909e+00	   0.0000000e+00	
   1.1000000e+00	  -5.0000000e+01	  -3.8759766e+01	  -2.4293788e+01	  -1.0000000e+01	  -6.2293213e+01	  -5.6201172e+01	  -6.0920410e+00	  -0.0000000e+00	
   1.1500000e+00	  -5.0000000e+01	  -2.6740723e+01	  -2.4555368e+01	  -1.0000000e+01	  -1.2266943e+02	  -1.1629639e+02	  -6.3730469e+00	  -0.0000000e+00	
   1.2000000e+00	  -5.0000000e+01	  -1.3996582e+01	  -2.4425862e+01	  -1.0000000e+01	  -1.8697162e+02	  -1.8001709e+02	  -6.9545288e+00	  -0.0000000e+00	
   1.2500000e+00	  -5.0000000e+01	  -7.3828125e+00	  -2.4000967e+01	  -1.0000000e+01	  -2.2094055e+02	  -2.1308594e+02	  -7.8546143e+00	  -0.0000000e+00	
   1.3000000e+00	  -5.0000000e+01	  -6.9653320e+00	  -2.3480467e+01	  -1.0000000e+01	  -2.2409338e+02	  -2.1517334e+02	  -8.9200439e+00	  -0.0000000e+00	
   1.3500000e+00	  -5.0000000e+01	  -5.4931641e+00	  -2.2946843e+01	  -1.0000000e+01	  -2.3253009e+02	  -2.2253418e+02	  -9.9959106e+00	  -0.0000000e+00	
   1.4000000e+00	  -5.0000000e+01	  -7.2070313e+00	  -2.2433462e+01	  -1.0000000e+01	  -2.2507343e+02	  -2.1396484e+02	  -1.1108582e+01	  -0.0000000e+00	
   1.4500000e+00	  -5.0000000e+01	  -1.6018066e+01	  -2.2098744e+01	  -1.0000000e+01	  -1.8208807e+02	  -1.6990967e+02	  -1.2178406e+01	  -0.0000000e+00	
   1.5000000e+00	  -5.0000000e+01	  -2.5334473e+01	  -2.2054743e+01	  -1.0000000e+01	  -1.3635559e+02	  -1.2332764e+02	  -1.3027954e+01	  -0.0000000e+00	
   1.5500000e+00	  -5.0000000e+01	  -3.5178223e+01	  -2.2308440e+01	  -1.0000000e+01	  -8.7753479e+01	  -7.4108887e+01	  -1.3644592e+01	  -0.0000000e+00	
   1.6000000e+00	  -5.0000000e+01	  -4.8251953e+01	  -2.2908737e+01	  -1.0000000e+01	  -2.2755371e+01	  -8.7402344e+00	  -1.4015137e+01	  -0.0000000e+00	
   1.6500000e+00	  -5.0000000e+01	  -6.2292480e+01	  -2.3909823e+01	   1.0000000e+01	   4.7403564e+01	   6.1462402e+01	  -1.4058838e+01	   0.0000000e+00	
   1.7000000e+00	  -5.0000000e+01	  -7.4619141e+01	  -2.5287746e+01	   1.0000000e+01	   1.0934418e+02	   1.2309570e+02	  -1.3751526e+01	   0.0000000e+00	
   1.7500000e+00	  -5.0000000e+01	  -8.3935547e+01	  -2.6957783e+01	   1.0000000e+01	   1.5654169e+02	   1.6967773e+02	  -1.3136047e+01	   0.0000000e+00	
   1.8000000e+00	  -5.0000000e+01	  -8.8439941e+01	  -2.8789919e+01	   1.0000000e+01	   1.7991205e+02	   1.9219971e+02	  -1.2287659e+01	   0.0000000e+00	
   1.8500000e+00	  -5.0000000e+01	  -8.9384766e+01	  -3.0649661e+01	   1.0000000e+01	   1.8559717e+02	   1.9692383e+02	  -1.1326660e+01	   0.0000000e+00	
   1.9000000e+00	  -5.0000000e+01	  -8.7846680e+01	  -3.2442701e+01	   1.0000000e+01	   1.7889136e+02	   1.8923340e+02	  -1.0342041e+01	   0.0000000e+00	
   1.9500000e+00	  -5.0000000e+01	  -8.5319824e+01	  -3.4117408e+01	   1.0000000e+01	   1.6720325e+02	   1.7659912e+02	  -9.3958740e+00	   0.0000000e+00	
   2.0000000e+00	  -5.0000000e+01	  -7.9255371e+01	  -3.5607437e+01	   1.0000000e+01	   1.3776398e+02	   1.4627686e+02	  -8.5128784e+00	   0.0000000e+00	
   2.0500000e+00	  -5.0000000e+01	  -7.1279297e+01	  -3.6834220e+01	   1.0000000e+01	   9.8614990e+01	   1.0639648e+02	  -7.7814941e+00	   0.0000000e+00	
   2.1000000e+00	  -5.0000000e+01	  -6.0512695e+01	  -3.7733176e+01	   1.0000000e+01	   4.5313965e+01	   5.2563477e+01	  -7.2495117e+00	   0.0000000e+00	
   2.1500000e+00	  -5.0000000e+01	  -4.6911621e+01	  -3.8227447e+01	  -1.0000000e+01	  -2.2428589e+01	  -1.5441895e+01	  -6.9866943e+00	  -0.0000000e+00	
   2.2000000e+00	  -5.0000000e+01	  -3.5837402e+01	  -3.8324794e+01	  -1.0000000e+01	  -7.7876892e+01	  -7.0812988e+01	  -7.0639038e+00	  -0.0000000e+00	
   2.2500000e+00	  -5.0000000e+01	  -3.0937500e+01	  -3.8172069e+01	  -1.0000000e+01	  -1.0273047e+02	  -9.5312500e+01	  -7.4179688e+00	  -0.0000000e+00	
   2.3000000e+00	  -5.0000000e+01	  -2.4873047e+01	  -3.7854490e+01	  -1.0000000e+01	  -1.3352930e+02	  -1.2563477e+02	  -7.8945313e+00	  -0.0000000e+00	
   2.3500000e+00	  -5.0000000e+01	  -2.5048828e+01	  -3.7455660e+01	  -1.0000000e+01	  -1.3327856e+02	  -1.2475586e+02	  -8.5227051e+00	  -0.0000000e+00	
   2.4000000e+00	  -5.0000000e+01	  -2.7971191e+01	  -3.7117082e+01	  -1.0000000e+01	  -1.1929053e+02	  -1.1014404e+02	  -9.1464844e+00	  -0.0000000e+00	
   2.4500000e+00	  -5.0000000e+01	  -2.7224121e+01	  -3.6822622e+01	  -1.0000000e+01	  -1.2357660e+02	  -1.1387939e+02	  -9.6972046e+00	  -0.0000000e+00	
   2.5000000e+00	  -5.0000000e+01	  -3.6716309e+01	  -3.6672524e+01	  -1.0000000e+01	  -7.6685059e+01	  -6.6418457e+01	  -1.0266602e+01	  -0.0000000e+00	
   2.5500000e+00	  -5.0000000e+01	  -4.7878418e+01	  -3.6846515e+01	  -1.0000000e+01	  -2.1206604e+01	  -1.0607910e+01	  -1.0598694e+01	  -0.0000000e+00	
   2.6000000e+00	  -5.0000000e+01	  -5.4624023e+01	  -3.7292090e+01	   1.0000000e+01	   1.2468384e+01	   2.3120117e+01	  -1.0651733e+01	   0.0000000e+00	
   2.6500000e+00	  -5.0000000e+01	  -6.7917480e+01	  -3.8033812e+01	   1.0000000e+01	   7.9051270e+01	   8.9587402e+01	  -1.0536133e+01	   0.0000000e+00	
   2.7000000e+00	  -5.0000000e+01	  -7.3300781e+01	  -3.9041451e+01	   1.0000000e+01	   1.0641571e+02	   1.1650391e+02	  -1.0088196e+01	   0.0000000e+00	
   2.7500000e+00	  -5.0000000e+01	  -7.5498047e+01	  -4.0135164e+01	   1.0000000e+01	   1.1798456e+02	   1.2749023e+02	  -9.5056763e+00	   0.0000000e+00	
   2.8000000e+00	  -5.0000000e+01	  -7.2685547e+01	  -4.1185530e+01	   1.0000000e+01	   1.0455951e+02	   1.1342773e+02	  -8.8682251e+00	   0.0000000e+00	
   2.8500000e+00	  -5.0000000e+01	  -7.3125000e+01	  -4.2166704e+01	   1.0000000e+01	   1.0732391e+02	   1.1562500e+02	  -8.3010864e+00	   0.0000000e+00	
   2.9000000e+00	  -5.0000000e+01	  -6.6730957e+01	  -4.3025432e+01	   1.0000000e+01	   7.5931824e+01	   8.3654785e+01	  -7.7229614e+00	   0.0000000e+00	
   2.9500000e+00	  -5.0000000e+01	  -5.9831543e+01	  -4.3651996e+01	   1.0000000e+01	   4.1853027e+01	   4.9157715e+01	  -7.3046875e+00	   0.0000000e+00	
   3.0000000e+00	  -5.0000000e+01	  -4.8032227e+01	  -4.3969980e+01	  -1.0000000e+01	  -1.6897766e+01	  -9.8388672e+00	  -7.0588989e+00	  -0.0000000e+00	
   3.0500000e+00	  -5.0000000e+01	  -4.1857910e+01	  -4.4000142e+01	  -1.0000000e+01	  -4.7818542e+01	  -4.0710449e+01	  -7.1080933e+00	  -0.0000000e+00	
   3.1000000e+00	  -5.0000000e+01	  -3.5507813e+01	  -4.3835665e+01	  -1.0000000e+01	  -7.9772583e+01	  -7.2460938e+01	  -7.3116455e+00	  -0.0000000e+00	
   3.1500000e+00	  -5.0000000e+01	  -3.3398438e+01	  -4.3545439e+01	  -1.0000000e+01	  -9.0681763e+01	  -8.3007813e+01	  -7.6739502e+00	  -0.0000000e+00	
   3.2000000e+00	  -5.0000000e+01	  -3.7551270e+01	  -4.3295794e+01	  -1.0000000e+01	  -7.0332642e+01	  -6.2243652e+01	  -8.0889893e+00	  -0.0000000e+00	
   3.2500000e+00	  -5.0000000e+01	  -4.0847168e+01	  -4.3169077e+01	  -1.0000000e+01	  -5.4164368e+01	  -4.5764160e+01	  -8.4002075e+00	  -0.0000000e+00	
   3.3000000e+00	  -5.0000000e+01	  -4.5351563e+01	  -4.3166920e+01	  -1.0000000e+01	  -3.1871216e+01	  -2.3242188e+01	  -8.6290283e+00	  -0.0000000e+00	
   3.3500000e+00	  -5.0000000e+01	  -5.2888184e+01	  -4.3351061e+01	   5.6956787e+00	   5.6956787e+00	   1.4440918e+01	  -8.7452393e+00	   0.0000000e+00	
   3.4000000e+00	  -5.0000000e+01	  -6.2907715e+01	  -4.3801033e+01	   1.0000000e+01	   5.5865540e+01	   6.4538574e+01	  -8.6730347e+00	   0.0000000e+00	
   3.4500000e+00	  -5.0000000e+01	  -6.7302246e+01	  -4.4460020e+01	   1.0000000e+01	   7.8160889e+01	   8.6511230e+01	  -8.3503418e+00	   0.0000000e+00	
   3.5000000e+00	  -5.0000000e+01	  -6.9301758e+01	  -4.5197514e+01	   1.0000000e+01	   8.8591003e+01	   9.6508789e+01	  -7.9177856e+00	   0.0000000e+00	
   3.5500000e+00	  -5.0000000e+01	  -6.7939453e+01	  -4.5922050e+01	   1.0000000e+01	   8.2262024e+01	   8.9697266e+01	  -7.4352417e+00	   0.0000000e+00	
   3.6000000e+00	  -5.0000000e+01	  -6.4775391e+01	  -4.6554169e+01	   1.0000000e+01	   6.6890198e+01	   7.3876953e+01	  -6.9867554e+00	   0.0000000e+00	
   3.6500000e+00	  -5.0000000e+01	  -5.8842773e+01	  -4.7026043e+01	   1.0000000e+01	   3.7596497e+01	   4.4213867e+01	  -6.6173706e+00	   0.0000000e+00	
   3.7000000e+00	  -5.0000000e+01	  -4.7658691e+01	  -4.7218589e+01	  -1.0000000e+01	  -1.8102844e+01	  -1.1706543e+01	  -6.3963013e+00	  -0.0000000e+00	
   3.7500000e+00	  -5.0000000e+01	  -4.4230957e+01	  -4.7179188e+01	  -1.0000000e+01	  -3.5300049e+01	  -2.8845215e+01	  -6.4548340e+00	  -0.0000000e+00	
   3.8000000e+00	  -5.0000000e+01	  -3.8408203e+01	  -4.6997935e+01	  -1.0000000e+01	  -6.4558044e+01	  -5.7958984e+01	  -6.5990601e+00	  -0.0000000e+00	
   3.8500000e+00	  -5.0000000e+01	  -3.8452148e+01	  -4.6732912e+01	  -1.0000000e+01	  -6.4628113e+01	  -5.7739258e+01	  -6.8888550e+00	  -0.0000000e+00	
   3.9000000e+00	  -5.0000000e+01	  -3.8518066e+01	  -4.6477786e+01	  -1.0000000e+01	  -6.4587219e+01	  -5.7409668e+01	  -7.1775513e+00	  -0.0000000e+00	
   3.9500000e+00	  -5.0000000e+01	  -4.5351563e+01	  -4.6337260e+01	  -1.0000000e+01	  -3.0706787e+01	  -2.3242188e+01	  -7.4645996e+00	  -0.0000000e+00	
   4.0000000e+00	  -5.0000000e+01	  -5.1196289e+01	  -4.6397167e+01	  -1.5993652e+00	  -1.5993652e+00	   5.9814453e+00	  -7.5808105e+00	   0.0000000e+00	
   4.0500000e+00	  -5.0000000e+01	  -6.1105957e+01	  -4.6698882e+01	   1.0000000e+01	   4.7978882e+01	   5.5529785e+01	  -7.5509033e+00	   0.0000000e+00	
   4.1000000e+00	  -5.0000000e+01	  -6.5500488e+01	  -4.7212497e+01	   1.0000000e+01	   7.0229187e+01	   7.7502441e+01	  -7.2732544e+00	   0.0000000e+00	
   4.1500000e+00	  -5.0000000e+01	  -6.8247070e+01	  -4.7820671e+01	   1.0000000e+01	   8.4349609e+01	   9.1235352e+01	  -6.8857422e+00	   0.0000000e+00	
   4.2000000e+00	  -5.0000000e+01	  -6.6511230e+01	  -4.8425665e+01	   1.0000000e+01	   7.6126587e+01	   8.2556152e+01	  -6.4295654e+00	   0.0000000e+00	
   4.2500000e+00	  -5.0000000e+01	  -6.3281250e+01	  -4.8935143e+01	   1.0000000e+01	   6.0389465e+01	   6.6406250e+01	  -6.0167847e+00	   0.0000000e+00	
   4.3000000e+00	  -5.0000000e+01	  -5.6865234e+01	  -4.9279673e+01	   1.0000000e+01	   2.8641418e+01	   3.4326172e+01	  -5.6847534e+00	   0.0000000e+00	
   4.3500000e+00	  -5.0000000e+01	  -5.1987305e+01	  -4.9438870e+01	   4.4234009e+00	   4.4234009e+00	   9.9365234e+00	  -5.5131226e+00	   0.0000000e+00	
   4.4000000e+00	  -5.0000000e+01	  -4.0781250e+01	  -4.9344384e+01	  -1.0000000e+01	  -5.1557190e+01	  -4.6093750e+01	  -5.4634399e+00	  -0.0000000e+00	
   4.4500000e+00	  -5.0000000e+01	  -3.4541016e+01	  -4.8982991e+01	  -1.0000000e+01	  -8.2988831e+01	  -7.7294922e+01	  -5.6939087e+00	  -0.0000000e+00	
   4.5000000e+00	  -5.0000000e+01	  -2.8652344e+01	  -4.8445187e+01	  -1.0000000e+01	  -1.1281866e+02	  -1.0673828e+02	  -6.0803833e+00	  -0.0000000e+00	
   4.5500000e+00	  -5.0000000e+01	  -2.7180176e+01	  -4.7810175e+01	  -1.0000000e+01	  -1.2071320e+02	  -1.1409912e+02	  -6.6140747e+00	  -0.0000000e+00	
   4.6000000e+00	  -5.0000000e+01	  -3.1618652e+01	  -4.7240682e+01	  -1.0000000e+01	  -9.9091309e+01	  -9.1906738e+01	  -7.1845703e+00	  -0.0000000e+00	
   4.6500000e+00	  -5.0000000e+01	  -3.9001465e+01	  -4.6871637e+01	  -1.0000000e+01	  -6.2636780e+01	  -5.4992676e+01	  -7.6441040e+00	  -0.0000000e+00	
   4.7000000e+00	  -5.0000000e+01	  -4.2714844e+01	  -4.6685625e+01	  -1.0000000e+01	  -4.4344849e+01	  -3.6425781e+01	  -7.9190674e+00	  -0.0000000e+00	
   4.7500000e+00	  -5.0000000e+01	  -5.1635742e+01	  -4.6700771e+01	   7.7514648e-02	   7.7514648e-02	   8.1787109e+00	  -8.1011963e+00	   0.0000000e+00	
   4.8000000e+00	  -5.0000000e+01	  -6.2863770e+01	  -4.7027079e+01	   1.0000000e+01	   5.6258545e+01	   6.4318848e+01	  -8.0603027e+00	   0.0000000e+00	
   4.8500000e+00	  -5.0000000e+01	  -7.0158691e+01	  -4.7629774e+01	   1.0000000e+01	   9.3054749e+01	   1.0079346e+02	  -7.7387085e+00	   0.0000000e+00	
   4.9000000e+00	  -5.0000000e+01	  -7.3740234e+01	  -4.8382045e+01	   1.0000000e+01	   1.1146643e+02	   1.1870117e+02	  -7.2347412e+00	   0.0000000e+00	
   4.9500000e+00	  -5.0000000e+01	  -7.4531250e+01	  -4.9178673e+01	   1.0000000e+01	   1.1601501e+02	   1.2265625e+02	  -6.6412354e+00	   0.0000000e+00	
   5.0000000e+00	   5.0000000e+01	  -7.1323242e+01	  -4.9913278e+01	   1.0000000e+01	   6.0058826e+02	   6.0661621e+02	  -6.0279541e+00	   0.0000000e+00	
   5.0500000e+00	   5.0000000e+01	  -6.7214355e+01	  -5.0511994e+01	   1.0000000e+01	   5.8307690e+02	   5.8607178e+02	  -2.9948730e+00	   0.0000000e+00	
   5.1000000e+00	   5.0000000e+01	  -6.1589355e+01	  -5.0941643e+01	   1.0000000e+01	   5.5788226e+02	   5.5794678e+02	  -6.4514160e-02	   0.0000000e+00	
   5.1500000e+00	   5.0000000e+01	  -5.0449219e+01	  -5.1098708e+01	   1.0000000e+01	   5.0497131e+02	   5.0224609e+02	   2.7252197e+00	   0.0000000e+00	
   5.2000000e+00	   5.0000000e+01	  -4.0275879e+01	  -5.0921274e+01	   1.0000000e+01	   4.5661584e+02	   4.5137939e+02	   5.2364502e+00	   0.0000000e+00	
   5.2500000e+00	   5.0000000e+01	  -2.7355957e+01	  -5.0392161e+01	   1.0000000e+01	   3.9427313e+02	   3.8677979e+02	   7.4933472e+00	   0.0000000e+00	
   5.3000000e+00	   5.0000000e+01	  -1.0700684e+01	  -4.9421996e+01	   1.0000000e+01	   3.1293066e+02	   3.0350342e+02	   9.4272461e+00	   0.0000000e+00	
   5.3500000e+00	   5.0000000e+01	   7.0312500e+00	  -4.7949999e+01	   1.0000000e+01	   2.2578851e+02	   2.1484375e+02	   1.0944763e+01	   0.0000000e+00	
   5.4000000e+00	   5.0000000e+01	   2.2565918e+01	  -4.6009023e+01	   1.0000000e+01	   1.4918939e+02	   1.3717041e+02	   1.2018982e+01	   0.0000000e+00	
   5.4500000e+00	   5.0000000e+01	   4.2253418e+01	  -4.3583330e+01	   1.0000000e+01	   5.1437744e+01	   3.8732910e+01	   1.2704834e+01	   0.0000000e+00	
   5.5000000e+00	   5.0000000e+01	   6.3940430e+01	  -4.0592760e+01	  -1.0000000e+01	  -5.6803650e+01	  -6.9702148e+01	   1.2898499e+01	  -0.0000000e+00	
   5.5500000e+00	   5.0000000e+01	   8.7033691e+01	  -3.7002112e+01	  -1.0000000e+01	  -1.7261847e+02	  -1.8516846e+02	   1.2549988e+01	  -0.0000000e+00	
   5.6000000e+00	   5.0000000e+01	   1.0063477e+02	  -3.2955006e+01	  -1.0000000e+01	  -2.4154968e+02	  -2.5317383e+02	   1.1624146e+01	  -0.0000000e+00	
   5.6500000e+00	   5.0000000e+01	   1.1500488e+02	  -2.8600477e+01	  -1.0000000e+01	  -3.1466614e+02	  -3.2502441e+02	   1.0358276e+01	  -0.0000000e+00	
   5.7000000e+00	   5.0000000e+01	   1.2045410e+02	  -2.4074113e+01	  -1.0000000e+01	  -3.4353735e+02	  -3.5227051e+02	   8.7331543e+00	  -0.0000000e+00	
   5.7500000e+00	   5.0000000e+01	   1.2197021e+02	  -1.9580033e+01	  -1.0000000e+01	  -3.5287927e+02	  -3.5985107e+02	   6.9718018e+00	  -0.0000000e+00	
   5.8000000e+00	   5.0000000e+01	   1.2120117e+02	  -1.5213413e+01	  -1.0000000e+01	  -3.5083331e+02	  -3.5600586e+02	   5.1725464e+00	  -0.0000000e+00	
   5.8500000e+00	   5.0000000e+01	   1.1362061e+02	  -1.1111001e+01	  -1.0000000e+01	  -3.1471051e+02	  -3.1810303e+02	   3.3925171e+00	  -0.0000000e+00	
   5.9000000e+00	   5.0000000e+01	   1.0997314e+02	  -7.3091425e+00	  -1.0000000e+01	  -2.9806372e+02	  -2.9986572e+02	   1.8020020e+00	  -0.0000000e+00	
   5.9500000e+00	   5.0000000e+01	   9.9316406e+01	  -3.8461187e+00	  -1.0000000e+01	  -2.4627936e+02	  -2.4658203e+02	   3.0267334e-01	  -0.0000000e+00	
   6.0000000e+00	   5.0000000e+01	   8.7912598e+01	  -8.3140995e-01	  -1.0000000e+01	  -1.9049323e+02	  -1.8956299e+02	  -9.3023682e-01	  -0.0000000e+00	
   6.0500000e+00	   5.0000000e+01	   7.3190918e+01	   1.6859816e+00	  -1.0000000e+01	  -1.1783264e+02	  -1.1595459e+02	  -1.8780518e+00	  -0.0000000e+00	
   6.1000000e+00	   5.0000000e+01	   5.5942383e+01	   3.6310431e+00	  -1.0000000e+01	  -3.2169739e+01	  -2.9711914e+01	  -2.4578247e+00	  -0.0000000e+00	
   6.1500000e+00	   5.0000000e+01	   4.3791504e+01	   5.0612389e+00	   1.0000000e+01	   2.8436096e+01	   3.1042480e+01	  -2.6063843e+00	   0.0000000e+00	
   6.2000000e+00	   5.0000000e+01	   2.5400391e+01	   5.9748237e+00	   1.0000000e+01	   1.2054688e+02	   1.2299805e+02	  -2.4511719e+00	   0.0000000e+00	
   6.2500000e+00	   5.0000000e+01	   1.3776855e+01	   6.3959337e+00	   1.0000000e+01	   1.7927954e+02	   1.8111572e+02	  -1.8361816e+00	   0.0000000e+00	
   6.3000000e+00	   5.0000000e+01	   3.9770508e+00	   6.4726781e+00	   1.0000000e+01	   2.2918414e+02	   2.3011475e+02	  -9.3060303e-01	   0.0000000e+00	
   6.3500000e+00	   5.0000000e+01	   1.4282227e+00	   6.3560609e+00	   1.0000000e+01	   2.4307886e+02	   2.4285889e+02	   2.1997070e-01	   0.0000000e+00	
   6.4000000e+00	   5.0000000e+01	   2.2631836e+00	   6.2165439e+00	   1.0000000e+01	   2.4011835e+02	   2.3868408e+02	   1.4342651e+00	   0.0000000e+00	
   6.4500000e+00	   5.0000000e+01	   6.0864258e+00	   6.1533877e+00	   1.0000000e+01	   2.2219556e+02	   2.1956787e+02	   2.6276855e+00	   0.0000000e+00	
   6.5000000e+00	   5.0000000e+01	   9.4702148e+00	   6.2036510e+00	   1.0000000e+01	   2.0637445e+02	   2.0264893e+02	   3.7255249e+00	   0.0000000e+00	
   6.5500000e+00	   5.0000000e+01	   1.7797852e+01	   6.4334919e+00	   1.0000000e+01	   1.6574951e+02	   1.6101074e+02	   4.7387695e+00	   0.0000000e+00	
   6.6000000e+00	   5.0000000e+01	   2.5927734e+01	   6.9107601e+00	   1.0000000e+01	   1.2590515e+02	   1.2036133e+02	   5.5438232e+00	   0.0000000e+00	
   6.6500000e+00	   5.0000000e+01	   4.0166016e+01	   7.7192176e+00	   1.0000000e+01	   5.5315552e+01	   4.9169922e+01	   6.1456299e+00	   0.0000000e+00	
   6.7000000e+00	   5.0000000e+01	   5.5964355e+01	   8.9672226e+00	  -1.0000000e+01	  -2.3430298e+01	  -2.9821777e+01	   6.3914795e+00	  -0.0000000e+00	
   6.7500000e+00	   5.0000000e+01	   6.8730469e+01	   1.0618410e+01	  -1.0000000e+01	  -8.7409973e+01	  -9.3652344e+01	   6.2423706e+00	  -0.0000000e+00	
   6.8000000e+00	   5.0000000e+01	   7.7145996e+01	   1.2546123e+01	  -1.0000000e+01	  -1.2995587e+02	  -1.3572998e+02	   5.7741089e+00	  -0.0000000e+00	
   6.8500000e+00	   5.0000000e+01	   8.4814453e+01	   1.4662966e+01	  -1.0000000e+01	  -1.6897681e+02	  -1.7407227e+02	   5.0954590e+00	  -0.0000000e+00	
   6.9000000e+00	   5.0000000e+01	   8.4550781e+01	   1.6828855e+01	  -1.0000000e+01	  -1.6852881e+02	  -1.7275391e+02	   4.2250977e+00	  -0.0000000e+00	
   6.9500000e+00	   5.0000000e+01	   8.1738281e+01	   1.8880170e+01	  -1.0000000e+01	  -1.5533008e+02	  -1.5869141e+02	   3.3613281e+00	  -0.0000000e+00	
   7.0000000e+00	   5.0000000e+01	   8.2067871e+01	   2.0829631e+01	  -1.0000000e+01	  -1.5777148e+02	  -1.6033936e+02	   2.5678711e+00	  -0.0000000e+00	
   7.0500000e+00	   5.0000000e+01	   7.3674316e+01	   2.2594071e+01	  -1.0000000e+01	  -1.1660541e+02	  -1.1837158e+02	   1.7661743e+00	  -0.0000000e+00	
   7.1000000e+00	   5.0000000e+01	   6.6928711e+01	   2.4069786e+01	  -1.0000000e+01	  -8.3469238e+01	  -8.4643555e+01	   1.1743164e+00	  -0.0000000e+00	
   7.1500000e+00	   5.0000000e+01	   4.9482422e+01	   2.5125693e+01	   3.3389893e+00	   3.3389893e+00	   2.5878906e+00	   7.5109863e-01	   0.0000000e+00	
   7.2000000e+00	   5.0000000e+01	   4.4318848e+01	   2.5799249e+01	   1.0000000e+01	   2.9169800e+01	   2.8405762e+01	   7.6403809e-01	   0.0000000e+00	
   7.2500000e+00	   5.0000000e+01	   3.4277344e+01	   2.6216803e+01	   1.0000000e+01	   7.9519348e+01	   7.8613281e+01	   9.0606689e-01	   0.0000000e+00	
   7.3000000e+00	   5.0000000e+01	   2.6169434e+01	   2.6340737e+01	   1.0000000e+01	   1.2045197e+02	   1.1915283e+02	   1.2991333e+00	   0.0000000e+00	
   7.3500000e+00	   5.0000000e+01	   2.6784668e+01	   2.6344953e+01	   1.0000000e+01	   1.1797156e+02	   1.1607666e+02	   1.8948975e+00	   0.0000000e+00	
   7.4000000e+00	   5.0000000e+01	   2.8081055e+01	   2.6378605e+01	   1.0000000e+01	   1.1207001e+02	   1.0959473e+02	   2.4752808e+00	   0.0000000e+00	
   7.4500000e+00	   5.0000000e+01	   3.1508789e+01	   2.6484281e+01	   1.0000000e+01	   9.5479309e+01	   9.2456055e+01	   3.0232544e+00	   0.0000000e+00	
   7.5000000e+00	   5.0000000e+01	   3.8188477e+01	   2.6743012e+01	   1.0000000e+01	   6.2543152e+01	   5.9057617e+01	   3.4855347e+00	   0.0000000e+00	
   7.5500000e+00	   5.0000000e+01	   5.2119141e+01	   2.7312505e+01	  -6.8148804e+00	  -6.8148804e+00	  -1.0595703e+01	   3.7808228e+00	  -0.0000000e+00	
   7.6000000e+00	   5.0000000e+01	   5.8666992e+01	   2.8181109e+01	  -1.0000000e+01	  -3.9607117e+01	  -4.3334961e+01	   3.7278442e+00	  -0.0000000e+00	
   7.6500000e+00	   5.0000000e+01	   6.0556641e+01	   2.9153342e+01	  -1.0000000e+01	  -4.9272034e+01	  -5.2783203e+01	   3.5111694e+00	  -0.0000000e+00	
   7.7000000e+00	   5.0000000e+01	   6.6071777e+01	   3.0210026e+01	  -1.0000000e+01	  -7.7111633e+01	  -8.0358887e+01	   3.2472534e+00	  -0.0000000e+00	
   7.7500000e+00	   5.0000000e+01	   6.3742676e+01	   3.1283300e+01	  -1.0000000e+01	  -6.5867920e+01	  -6.8713379e+01	   2.8454590e+00	  -0.0000000e+00	
   7.8000000e+00	   5.0000000e+01	   6.2556152e+01	   3.2269001e+01	  -1.0000000e+01	  -6.0278870e+01	  -6.2780762e+01	   2.5018921e+00	  -0.0000000e+00	
   7.8500000e+00	   5.0000000e+01	   4.8999023e+01	   3.2996183e+01	   7.1928711e+00	   7.1928711e+00	   5.0048828e+00	   2.1879883e+00	   0.0000000e+00	
   7.9000000e+00	   5.0000000e+01	   4.7944336e+01	   3.3474880e+01	   1.0000000e+01	   1.2491333e+01	   1.0278320e+01	   2.2130127e+00	   0.0000000e+00	
   7.9500000e+00	   5.0000000e+01	   4.6318359e+01	   3.3897310e+01	   1.0000000e+01	   2.0672607e+01	   1.8408203e+01	   2.2644043e+00	   0.0000000e+00	
   8.0000000e+00	   5.0000000e+01	   5.1020508e+01	   3.4354250e+01	  -2.7460938e+00	  -2.7460938e+00	  -5.1025391e+00	   2.3564453e+00	  -0.0000000e+00	
   8.0500000e+00	   5.0000000e+01	   4.7460938e+01	   3.4814727e+01	   1.0000000e+01	   1.5026245e+01	   1.2695313e+01	   2.3309326e+00	   0.0000000e+00	
   8.1000000e+00	   5.0000000e+01	   5.0800781e+01	   3.5257562e+01	  -1.6094971e+00	  -1.6094971e+00	  -4.0039063e+00	   2.3944092e+00	  -0.0000000e+00	
   8.1500000e+00	   5.0000000e+01	   5.3876953e+01	   3.5785931e+01	  -1.0000000e+01	  -1.7010376e+01	  -1.9384766e+01	   2.3743896e+00	  -0.0000000e+00	
   8.2000000e+00	   5.0000000e+01	   5.4426270e+01	   3.6354029e+01	  -1.0000000e+01	  -1.9853882e+01	  -2.2131348e+01	   2.2774658e+00	  -0.0000000e+00	
   8.2500000e+00	   5.0000000e+01	   5.0229492e+01	   3.6848141e+01	   1.0193481e+00	   1.0193481e+00	  -1.1474609e+00	   2.1668091e+00	  -0.0000000e+00	
   8.3000000e+00	   5.0000000e+01	   4.9570313e+01	   3.7251866e+01	   4.3095093e+00	   4.3095093e+00	   2.1484375e+00	   2.1610718e+00	   0.0000000e+00	
   8.3500000e+00	   5.0000000e+01	   4.8955078e+01	   3.7623392e+01	   7.3964233e+00	   7.3964233e+00	   5.2246094e+00	   2.1718140e+00	   0.0000000e+00	
   8.4000000e+00	   5.0000000e+01	   4.6604004e+01	   3.7937548e+01	   1.0000000e+01	   1.9177917e+01	   1.6979980e+01	   2.1979370e+00	   0.0000000e+00	
   8.4500000e+00	   5.0000000e+01	   5.1899414e+01	   3.8287524e+01	  -7.2142334e+00	  -7.2142334e+00	  -9.4970703e+00	   2.2828369e+00	  -0.0000000e+00	
   8.5000000e+00	   5.0000000e+01	   5.3745117e+01	   3.8737121e+01	  -1.0000000e+01	  -1.6490234e+01	  -1.8725586e+01	   2.2353516e+00	  -0.0000000e+00	
   8.5500000e+00	   5.0000000e+01	   5.2031250e+01	   3.9174850e+01	  -8.0145264e+00	  -8.0145264e+00	  -1.0156250e+01	   2.1417236e+00	  -0.0000000e+00	
   8.6000000e+00	   5.0000000e+01	   4.8713379e+01	   3.9521216e+01	   8.5240479e+00	   8.5240479e+00	   6.4331055e+00	   2.0909424e+00	   0.0000000e+00	
   8.6500000e+00	   5.0000000e+01	   4.9680176e+01	   3.9820506e+01	   3.7222290e+00	   3.7222290e+00	   1.5991211e+00	   2.1231079e+00	   0.0000000e+00	
   8.7000000e+00	   5.0000000e+01	   4.8911133e+01	   4.0113597e+01	   7.5754395e+00	   7.5754395e+00	   5.4443359e+00	   2.1311035e+00	   0.0000000e+00	
   8.7500000e+00	   5.0000000e+01	   5.4250488e+01	   4.0468308e+01	  -1.0000000e+01	  -1.9094116e+01	  -2.1252441e+01	   2.1583252e+00	  -0.0000000e+00	
   8.8000000e+00	   5.0000000e+01	   5.2844238e+01	   4.0872877e+01	  -1.0000000e+01	  -1.2169128e+01	  -1.4221191e+01	   2.0520630e+00	  -0.0000000e+00	
   8.8500000e+00	   5.0000000e+01	   4.8999023e+01	   4.1183711e+01	   6.9858398e+00	   6.9858398e+00	   5.0048828e+00	   1.9809570e+00	   0.0000000e+00	
   8.9000000e+00	   5.0000000e+01	   4.8889160e+01	   4.1423759e+01	   7.5601807e+00	   7.5601807e+00	   5.5541992e+00	   2.0059814e+00	   0.0000000e+00	
   8.9500000e+00	   5.0000000e+01	   4.6296387e+01	   4.1614583e+01	   1.0000000e+01	   2.0551819e+01	   1.8518066e+01	   2.0337524e+00	   0.0000000e+00	
   9.0000000e+00	   5.0000000e+01	   5.1679688e+01	   4.1842663e+01	  -6.2720947e+00	  -6.2720947e+00	  -8.3984375e+00	   2.1263428e+00	  -0.0000000e+00	
   9.0500000e+00	   5.0000000e+01	   5.4602051e+01	   4.2192146e+01	  -1.0000000e+01	  -2.0925903e+01	  -2.3010254e+01	   2.0843506e+00	  -0.0000000e+00	
   9.1000000e+00	   5.0000000e+01	   4.8977051e+01	   4.2489018e+01	   7.0840454e+00	   7.0840454e+00	   5.1147461e+00	   1.9692993e+00	   0.0000000e+00	
   9.1500000e+00	   5.0000000e+01	   5.1569824e+01	   4.2729810e+01	  -5.8542480e+00	  -5.8542480e+00	  -7.8491211e+00	   1.9948730e+00	  -0.0000000e+00	
   9.2000000e+00	   5.0000000e+01	   4.7746582e+01	   4.2944123e+01	   1.0000000e+01	   1.3222717e+01	   1.1267090e+01	   1.9556274e+00	   0.0000000e+00	
   9.2500000e+00	   5.0000000e+01	   5.7370605e+01	   4.3241524e+01	  -1.0000000e+01	  -3.4841064e+01	  -3.6853027e+01	   2.0119629e+00	  -0.0000000e+00	
   9.3000000e+00	   5.0000000e+01	   5.4140625e+01	   4.3628617e+01	  -1.0000000e+01	  -1.8875427e+01	  -2.0703125e+01	   1.8276978e+00	  -0.0000000e+00	
   9.3500000e+00	   5.0000000e+01	   5.0405273e+01	   4.3896008e+01	  -3.0218506e-01	  -3.0218506e-01	  -2.0263672e+00	   1.7241821e+00	  -0.0000000e+00	
   9.4000000e+00	   5.0000000e+01	   4.7636719e+01	   4.4054538e+01	   1.0000000e+01	   1.3530457e+01	   1.1816406e+01	   1.7140503e+00	   0.0000000e+00	
   9.4500000e+00	   5.0000000e+01	   4.4912109e+01	   4.4123204e+01	   1.0000000e+01	   2.7212585e+01	   2.5439453e+01	   1.7731323e+00	   0.0000000e+00	
   9.5000000e+00	   5.0000000e+01	   4.7834473e+01	   4.4192805e+01	   1.0000000e+01	   1.2727966e+01	   1.0827637e+01	   1.9003296e+00	   0.0000000e+00	
   9.5500000e+00	   5.0000000e+01	   4.8603516e+01	   4.4317345e+01	   8.9368896e+00	   8.9368896e+00	   6.9824219e+00	   1.9544678e+00	   0.0000000e+00	
   9.6000000e+00	   5.0000000e+01	   5.9501953e+01	   4.4618486e+01	  -1.0000000e+01	  -4.5520386e+01	  -4.7509766e+01	   1.9893799e+00	  -0.0000000e+00	
   9.6500000e+00	   5.0000000e+01	   6.2094727e+01	   4.5118971e+01	  -1.0000000e+01	  -5.8721802e+01	  -6.0473633e+01	   1.7518311e+00	  -0.0000000e+00	
   9.7000000e+00	   5.0000000e+01	   6.4182129e+01	   4.5676359e+01	  -1.0000000e+01	  -6.9461182e+01	  -7.0910645e+01	   1.4494629e+00	  -0.0000000e+00	
   9.7500000e+00	   5.0000000e+01	   6.5061035e+01	   4.6262384e+01	  -1.0000000e+01	  -7.4210266e+01	  -7.5305176e+01	   1.0949097e+00	  -0.0000000e+00	
   9.8000000e+00	   5.0000000e+01	   5.6469727e+01	   4.6710999e+01	  -1.0000000e+01	  -3.1630249e+01	  -3.2348633e+01	   7.1838379e-01	  -0.0000000e+00	
   9.8500000e+00	   5.0000000e+01	   5.4030762e+01	   4.6975140e+01	  -1.0000000e+01	  -1.9597168e+01	  -2.0153809e+01	   5.5664063e-01	  -0.0000000e+00	
   9.9000000e+00	   5.0000000e+01	   4.3088379e+01	   4.7024150e+01	   1.0000000e+01	   3.5013977e+01	   3.4558105e+01	   4.5587158e-01	   0.0000000e+00	
   9.9500000e+00	   5.0000000e+01	   3.6716309e+01	   4.6803855e+01	   1.0000000e+01	   6.7047119e+01	   6.6418457e+01	   6.2866211e-01	   0.0000000e+00	
   1.0000000e+01	   5.0000000e+01	   3.4145508e+01	   4.6452060e+01	   1.0000000e+01	   8.0233215e+01	   7.9272461e+01	   9.6075439e-01	   0.0000000e+00	
