   0.0000000e+00	  -5.0000000e+01	  -1.2049805e+02	  -1.6475546e+01	   7.0498047e+00	   7.0498047e+00	   7.0498047e+00	   0.0000000e+00	   0.0000000e+00	
   5.0000000e-01	  -5.0000000e+01	  -4.4077148e+01	  -3.4472343e+01	  -5.9228516e-01	  -5.9228516e-01	  -5.9228516e-01	   0.0000000e+00	  -0.0000000e+00	
   1.0000000e+00	  -5.0000000e+01	   5.0866699e+01	  -2.4117297e+01	  -1.0000000e+01	  -1.0086670e+01	  -1.0086670e+01	   0.0000000e+00	  -0.0000000e+00	
   1.5000000e+00	  -5.0000000e+01	  -3.9902344e+01	  -1.6023099e+01	  -1.0097656e+00	  -1.0097656e+00	  -1.0097656e+00	   0.0000000e+00	  -0.0000000e+00	
   2.0000000e+00	  -5.0000000e+01	  -1.8000000e+02	  -4.1708432e+01	   1.0000000e+01	   1.3000000e+01	   1.3000000e+01	   0.0000000e+00	   0.0000000e+00	
   2.5000000e+00	  -5.0000000e+01	  -1.1654297e+02	  -7.0848895e+01	   6.6542969e+00	   6.6542969e+00	   6.6542969e+00	   0.0000000e+00	   0.0000000e+00	
   3.0000000e+00	  -5.0000000e+01	   7.3981934e+01	  -5.7294052e+01	  -1.0000000e+01	  -1.2398193e+01	  -1.2398193e+01	   0.0000000e+00	  -0.0000000e+00	
   3.5000000e+00	  -5.0000000e+01	   7.5893555e+01	  -2.1134279e+01	  -1.0000000e+01	  -1.2589355e+01	  -1.2589355e+01	   0.0000000e+00	  -0.0000000e+00	
   4.0000000e+00	  -5.0000000e+01	  -1.2245361e+02	  -2.1721051e+01	   7.2453613e+00	   7.2453613e+00	   7.2453613e+00	   0.0000000e+00	   0.0000000e+00	
   4.5000000e+00	  -5.0000000e+01	  -1.5358887e+01	  -3.4624196e+01	  -3.4641113e+00	  -3.4641113e+00	  -3.4641113e+00	   0.0000000e+00	  -0.0000000e+00	
   5.0000000e+00	   5.0000000e+01	  -1.8000000e+02	  -5.1867125e+01	   1.0000000e+01	   2.3000000e+01	   2.3000000e+01	   0.0000000e+00	   0.0000000e+00	
   5.5000000e+00	   5.0000000e+01	  -1.0030518e+02	  -7.6009444e+01	   1.0000000e+01	   1.5030518e+01	   1.5030518e+01	   0.0000000e+00	   0.0000000e+00	
   6.0000000e+00	   5.0000000e+01	   1.2526611e+02	  -5.1811216e+01	  -7.5266113e+00	  -7.5266113e+00	  -7.5266113e+00	   0.0000000e+00	  -0.0000000e+00	
   6.5000000e+00	   5.0000000e+01	  -1.7894531e+02	  -4.4982541e+01	   1.0000000e+01	   2.2894531e+01	   2.2894531e+01	   0.0000000e+00	   0.0000000e+00	
   7.0000000e+00	   5.0000000e+01	  -1.0999512e+02	  -7.2188189e+01	   1.0000000e+01	   1.5999512e+01	   1.5999512e+01	   0.0000000e+00	   0.0000000e+00	
   7.5000000e+00	   5.0000000e+01	   1.0891846e+02	  -5.2595000e+01	  -5.8918457e+00	  -5.8918457e+00	  -5.8918457e+00	   0.0000000e+00	  -0.0000000e+00	
   8.0000000e+00	   5.0000000e+01	  -1.7193604e+02	  -4.6828818e+01	   1.0000000e+01	   2.2193604e+01	   2.2193604e+01	   0.0000000e+00	   0.0000000e+00	
   8.5000000e+00	   5.0000000e+01	  -8.7956543e+01	  -6.9557911e+01	   1.0000000e+01	   1.3795654e+01	   1.3795654e+01	   0.0000000e+00	   0.0000000e+00	
   9.0000000e+00	   5.0000000e+01	   1.3842773e+02	  -4.3635919e+01	  -8.8427734e+00	  -8.8427734e+00	  -8.8427734e+00	   0.0000000e+00	  -0.0000000e+00	
   9.5000000e+00	   5.0000000e+01	  -1.8000000e+02	  -3.7387474e+01	   1.0000000e+01	   2.3000000e+01	   2.3000000e+01	   0.0000000e+00	   0.0000000e+00	
   1.0000000e+01	   5.0000000e+01	  -1.2992432e+02	  -6.9539150e+01	   1.0000000e+01	   1.7992432e+01	   1.7992432e+01	   0.0000000e+00	   0.0000000e+00	
