   0.0000000e+00	  -5.0000000e+01	   3.6979980e+01	  -8.6979980e+00	  -3.6993639e-01	  -3.6993639e-01	  -1.0835186e-01	  -8.3280617e-01	
   5.0000000e-01	  -5.0000000e+01	   2.9157715e+01	  -7.9157715e+00	  -7.3590678e+00	  -7.3590678e+00	  -2.3721248e+00	  -5.5670365e-02	
   1.0000000e+00	  -5.0000000e+01	   1.5468750e+01	  -6.5468750e+00	  -3.1753640e+00	  -3.1753640e+00	  -5.3306463e+00	  -3.3715110e-01	
   1.5000000e+00	  -5.0000000e+01	   4.6582031e+00	  -5.4658203e+00	  -2.5986384e+00	  -2.5986384e+00	  -4.3696375e+00	  -2.8671819e-01	
   2.0000000e+00	  -5.0000000e+01	  -8.3715820e+00	  -4.1628418e+00	  -3.6250144e+00	  -3.6250144e+00	  -2.5994375e+00	  -5.3782741e-02	
   2.5000000e+00	  -5.0000000e+01	  -1.4216309e+01	  -3.5783691e+00	  -1.9828129e+00	  -1.9828129e+00	  -2.7156490e+00	  -1.5955563e-01	
   3.0000000e+00	  -5.0000000e+01	  -2.1599121e+01	  -2.8400879e+00	  -2.0903380e+00	  -2.0903380e+00	  -2.3894999e+00	  -7.4974992e-02	
   3.5000000e+00	  -5.0000000e+01	  -1.8984375e+01	  -3.1015625e+00	   7.9714025e-02	   7.9714025e-02	  -1.3159647e+00	  -3.1812765e-01	
   4.0000000e+00	  -5.0000000e+01	  -2.5861816e+01	  -2.4138184e+00	  -1.8850628e+00	  -1.8850628e+00	  -7.0769917e-01	  -5.2875557e-02	
   4.5000000e+00	  -5.0000000e+01	  -2.8828125e+01	  -2.1171875e+00	  -2.4226883e+00	  -2.4226883e+00	  -1.5647016e+00	   3.0550078e-02	
   5.0000000e+00	   5.0000000e+01	  -2.9509277e+01	   7.9509277e+00	  -5.4588655e-01	  -5.4588655e-01	  -2.0097645e+00	   8.4968143e-01	
   5.5000000e+00	   5.0000000e+01	  -1.8720703e+01	   6.8720703e+00	   6.2184197e+00	   6.2184197e+00	   1.0604314e+00	   6.5365063e-02	
   6.0000000e+00	   5.0000000e+01	  -1.6479492e+00	   5.1647949e+00	   2.6212164e+00	   2.6212164e+00	   4.5953370e+00	   2.5435786e-01	
   6.5000000e+00	   5.0000000e+01	   5.3173828e+00	   4.4682617e+00	   3.4814172e+00	   3.4814172e+00	   4.1945482e+00	   9.8684456e-02	
   7.0000000e+00	   5.0000000e+01	   1.3820801e+01	   3.6179199e+00	   2.0053908e+00	   2.0053908e+00	   2.6060336e+00	   1.6125291e-01	
   7.5000000e+00	   5.0000000e+01	   2.1313477e+01	   2.8686523e+00	   1.3211402e+00	   1.3211402e+00	   1.8616965e+00	   1.5475122e-01	
   8.0000000e+00	   5.0000000e+01	   2.4345703e+01	   2.5654297e+00	   1.7316905e+00	   1.7316905e+00	   1.4213471e+00	   8.3373914e-02	
   8.5000000e+00	   5.0000000e+01	   3.5881348e+01	   1.4118652e+00	   1.4775403e+00	   1.4775403e+00	   1.5146987e+00	  -6.5675079e-03	
   9.0000000e+00	   5.0000000e+01	   3.6584473e+01	   1.3415527e+00	   3.7296430e-01	   3.7296430e-01	   1.2380976e+00	   9.6858844e-02	
   9.5000000e+00	   5.0000000e+01	   3.7836914e+01	   1.2163086e+00	   7.6396466e-01	   7.6396466e-01	   6.1511781e-01	   4.5234394e-02	
   1.0000000e+01	   5.0000000e+01	   3.6079102e+01	   1.3920898e+00	   1.8723912e-01	   1.8723912e-01	   3.9917595e-01	   1.2048507e-01	
