   0.0000000e+00	  -5.0000000e+01	   1.1745150e+00	   1.6058996e-01	  -5.1174515e+00	  -5.1174515e+00	  -5.1174515e+00	   0.0000000e+00	  -0.0000000e+00	
   5.0000000e-01	  -5.0000000e+01	  -3.3077117e+01	  -4.2453269e+00	  -1.6922883e+00	  -1.6922883e+00	  -1.6922883e+00	   0.0000000e+00	  -0.0000000e+00	
   1.0000000e+00	  -5.0000000e+01	  -2.5521035e+01	  -1.1096462e+01	  -2.4478965e+00	  -2.4478965e+00	  -2.4478965e+00	   0.0000000e+00	  -0.0000000e+00	
   1.5000000e+00	  -5.0000000e+01	  -2.5247334e+01	  -1.5003546e+01	  -2.4752666e+00	  -2.4752666e+00	  -2.4752666e+00	   0.0000000e+00	  -0.0000000e+00	
   2.0000000e+00	  -5.0000000e+01	  -2.5364634e+01	  -1.7820825e+01	  -2.4635366e+00	  -2.4635366e+00	  -2.4635366e+00	   0.0000000e+00	  -0.0000000e+00	
   2.5000000e+00	  -5.0000000e+01	  -2.4093883e+01	  -1.9709988e+01	  -2.5906117e+00	  -2.5906117e+00	  -2.5906117e+00	   0.0000000e+00	  -0.0000000e+00	
   3.0000000e+00	  -5.0000000e+01	  -2.6684261e+01	  -2.1262976e+01	  -2.3315739e+00	  -2.3315739e+00	  -2.3315739e+00	   0.0000000e+00	  -0.0000000e+00	
   3.5000000e+00	  -5.0000000e+01	  -2.3869058e+01	  -2.2360548e+01	  -2.6130942e+00	  -2.6130942e+00	  -2.6130942e+00	   0.0000000e+00	  -0.0000000e+00	
   4.0000000e+00	  -5.0000000e+01	  -2.6156410e+01	  -2.3085808e+01	  -2.3843590e+00	  -2.3843590e+00	  -2.3843590e+00	   0.0000000e+00	  -0.0000000e+00	
   4.5000000e+00	  -5.0000000e+01	  -2.5002959e+01	  -2.3767777e+01	  -2.4997041e+00	  -2.4997041e+00	  -2.4997041e+00	   0.0000000e+00	  -0.0000000e+00	
   5.0000000e+00	   5.0000000e+01	  -2.5892485e+01	  -2.4227171e+01	   7.5892485e+00	   7.5892485e+00	   7.5892485e+00	   0.0000000e+00	   0.0000000e+00	
   5.5000000e+00	   5.0000000e+01	   4.0323426e+01	  -1.5628945e+01	   9.6765739e-01	   9.6765739e-01	   9.6765739e-01	   0.0000000e+00	   0.0000000e+00	
   6.0000000e+00	   5.0000000e+01	   2.4419486e+01	  -2.5028769e+00	   2.5580514e+00	   2.5580514e+00	   2.5580514e+00	   0.0000000e+00	   0.0000000e+00	
   6.5000000e+00	   5.0000000e+01	   2.4927787e+01	   4.9287438e+00	   2.5072213e+00	   2.5072213e+00	   2.5072213e+00	   0.0000000e+00	   0.0000000e+00	
   7.0000000e+00	   5.0000000e+01	   2.5778213e+01	   1.0513909e+01	   2.4221787e+00	   2.4221787e+00	   2.4221787e+00	   0.0000000e+00	   0.0000000e+00	
   7.5000000e+00	   5.0000000e+01	   2.3969836e+01	   1.4440790e+01	   2.6030164e+00	   2.6030164e+00	   2.6030164e+00	   0.0000000e+00	   0.0000000e+00	
   8.0000000e+00	   5.0000000e+01	   2.6198538e+01	   1.7351306e+01	   2.3801462e+00	   2.3801462e+00	   2.3801462e+00	   0.0000000e+00	   0.0000000e+00	
   8.5000000e+00	   5.0000000e+01	   2.2972785e+01	   1.9329595e+01	   2.7027215e+00	   2.7027215e+00	   2.7027215e+00	   0.0000000e+00	   0.0000000e+00	
   9.0000000e+00	   5.0000000e+01	   2.7117389e+01	   2.0892539e+01	   2.2882611e+00	   2.2882611e+00	   2.2882611e+00	   0.0000000e+00	   0.0000000e+00	
   9.5000000e+00	   5.0000000e+01	   2.4654087e+01	   2.2257966e+01	   2.5345913e+00	   2.5345913e+00	   2.5345913e+00	   0.0000000e+00	   0.0000000e+00	
   1.0000000e+01	   5.0000000e+01	   2.3598386e+01	   2.2768859e+01	   2.6401614e+00	   2.6401614e+00	   2.6401614e+00	   0.0000000e+00	   0.0000000e+00	
