   0.0000000e+00	  -8.7177734e+00	  -1.3474373e+00	  -1.8423340e-01	  -5.0000000e+01	   3.7177734e+01	   5.0832646e+00	  -7.3703361e-01	
   5.0000000e-01	  -7.7290039e+00	  -5.9123665e+00	  -1.1264772e+00	  -5.0000000e+01	   2.7290039e+01	   1.2507805e+01	  -1.8166374e-01	
   1.0000000e+00	  -6.3315430e+00	  -4.4461151e+00	  -2.2347357e+00	  -5.0000000e+01	   1.3315430e+01	   1.4639387e+01	  -1.8854278e-01	
   1.5000000e+00	  -5.5493164e+00	  -3.1558140e+00	  -2.6630327e+00	  -5.0000000e+01	   5.4931641e+00	   1.3207812e+01	  -2.3935024e-01	
   2.0000000e+00	  -5.0000000e+00	  -3.6054644e+00	  -2.8592675e+00	  -5.0000000e+01	   0.0000000e+00	   1.0347111e+01	  -1.3945356e-01	
   2.5000000e+00	  -4.0288086e+00	  -1.2985622e+00	  -2.7479008e+00	  -5.0000000e+01	  -9.7119141e+00	   6.1897183e+00	  -2.7302463e-01	
   3.0000000e+00	  -3.0993652e+00	  -2.9994138e+00	  -2.5841236e+00	  -5.0000000e+01	  -1.9006348e+01	   5.7048192e-01	  -9.9951422e-03	
   3.5000000e+00	  -2.5236816e+00	  -1.6602376e+00	  -2.5145840e+00	  -5.0000000e+01	  -2.4763184e+01	  -5.5700733e+00	  -8.6344406e-02	
   4.0000000e+00	  -2.5632324e+00	   4.5116437e-01	  -1.9922672e+00	  -5.0000000e+01	  -2.4367676e+01	  -1.0764495e+01	  -3.0143968e-01	
   4.5000000e+00	  -2.4929199e+00	  -1.7677627e+00	  -1.6274837e+00	  -5.0000000e+01	  -2.5070801e+01	  -1.4580524e+01	  -7.2515724e-02	
   5.0000000e+00	   8.0651855e+00	  -1.3181123e+00	  -1.6043639e+00	   5.0000000e+01	  -3.0651855e+01	  -1.8212259e+01	   9.3832978e-01	
   5.5000000e+00	   7.0214844e+00	   7.3914208e+00	  -3.3524281e-01	   5.0000000e+01	  -2.0214844e+01	  -2.0186920e+01	  -3.6993639e-02	
   6.0000000e+00	   5.1933594e+00	   2.4452662e+00	   1.1013896e+00	   5.0000000e+01	  -1.9335938e+00	  -1.7694984e+01	   2.7480932e-01	
   6.5000000e+00	   4.6791992e+00	   2.2302160e+00	   1.4394792e+00	   5.0000000e+01	   3.2080078e+00	  -1.2681909e+01	   2.4489832e-01	
   7.0000000e+00	   3.1235352e+00	   3.0513168e+00	   1.7679801e+00	   5.0000000e+01	   1.8764648e+01	  -6.2096530e+00	   7.2218392e-03	
   7.5000000e+00	   2.4929199e+00	   6.7598957e-01	   1.7941426e+00	   5.0000000e+01	   2.5070801e+01	   1.4819886e+00	   1.8169303e-01	
   8.0000000e+00	   2.0051270e+00	   2.7521421e-01	   1.4335778e+00	   5.0000000e+01	   2.9948730e+01	   8.5994787e+00	   1.7299127e-01	
   8.5000000e+00	   1.4733887e+00	   1.6241654e+00	   1.3012550e+00	   5.0000000e+01	   3.5266113e+01	   1.5164630e+01	  -1.5077678e-02	
   9.0000000e+00	   9.6801758e-01	  -3.2106134e-01	   1.1235889e+00	   5.0000000e+01	   4.0319824e+01	   2.1352518e+01	   1.2890789e-01	
   9.5000000e+00	   5.9887695e-01	   5.6846448e-01	   8.5016224e-01	   5.0000000e+01	   4.4011230e+01	   2.7043991e+01	   3.0412477e-03	
   1.0000000e+01	   5.1538086e-01	  -1.5722625e+00	   4.8043099e-01	   5.0000000e+01	   4.4846191e+01	   3.1797973e+01	   2.0876434e-01	
