   0.0000000e+00	   1.5752904e+00	   2.1538747e-01	   7.3059082e+01	   9.9892759e+00	
   5.0000000e-01	  -3.1728165e+01	  -3.9662763e+00	   1.7666016e+01	   1.9662362e+01	
   1.0000000e+00	  -4.3399526e+01	  -1.3153783e+01	  -1.0281006e+02	   2.6439046e+00	
   1.5000000e+00	  -4.7720080e+01	  -2.2015451e+01	   1.2796875e+02	   5.3608252e+00	
   2.0000000e+00	  -4.9157006e+01	  -2.9241043e+01	  -2.5554199e+01	   1.7897880e+01	
   2.5000000e+00	  -4.8423881e+01	  -3.4586973e+01	  -1.7580322e+02	  -1.4527775e+01	
   3.0000000e+00	  -4.9665307e+01	  -3.8540517e+01	   4.5769043e+01	  -2.8334455e+01	
   3.5000000e+00	  -4.9303631e+01	  -4.1533223e+01	  -1.0074463e+02	  -2.8102929e+01	
   4.0000000e+00	  -4.9352507e+01	  -4.3664782e+01	   1.2251953e+02	  -1.7440718e+01	
   4.5000000e+00	  -4.9020156e+01	  -4.5174691e+01	  -3.0673828e+01	  -1.1347675e-01	
   5.0000000e+00	  -4.8326131e+01	  -4.6131369e+01	  -1.8000000e+02	  -2.8887612e+01	
   5.5000000e+00	   1.6316004e+01	  -3.7893105e+01	   1.6723389e+02	  -2.2733573e+01	
   6.0000000e+00	   3.9179750e+01	  -1.9943088e+01	  -1.1616943e+02	  -9.5349296e+00	
   6.5000000e+00	   4.5895181e+01	  -2.8573139e+00	   2.0808105e+01	  -1.9966166e+01	
   7.0000000e+00	   4.8661509e+01	   1.0852657e+01	   1.7334229e+02	   1.2039669e+01	
   7.5000000e+00	   4.8495334e+01	   2.1169049e+01	  -6.1611328e+01	   2.4024164e+01	
   8.0000000e+00	   4.9678110e+01	   2.8803345e+01	   8.9714355e+01	   2.1297068e+01	
   8.5000000e+00	   4.6550107e+01	   3.4084018e+01	  -1.3904297e+02	   8.7285869e+00	
   9.0000000e+00	   4.8896109e+01	   3.7813729e+01	   6.5039063e+00	  -1.1780209e+01	
   9.5000000e+00	   4.7918608e+01	   4.0710636e+01	   1.6420166e+02	   1.4781534e+01	
   1.0000000e+01	   4.8348709e+01	   4.2740517e+01	  -6.7851563e+01	   2.3913240e+01	
