   0.0000000e+00	  -1.4451874e+00	  -2.9024226e-02	   1.3064941e+02	   5.1127789e+01	
   1.0000000e-02	  -1.9398623e-01	  -1.0725169e-01	   1.2827637e+02	   1.3356159e+02	
   2.0000000e-02	  -1.0150870e+00	  -2.0600948e-01	   1.2889160e+02	   1.4259966e+02	
   3.0000000e-02	  -1.0150870e+00	  -3.1785347e-01	   1.3102295e+02	   1.2350495e+02	
   4.0000000e-02	  -2.9309887e+00	  -4.8407372e-01	   1.3091309e+02	   1.3065709e+02	
   5.0000000e-02	  -3.3219891e+00	  -7.5662334e-01	   1.2935303e+02	   1.3189080e+02	
   6.0000000e-02	  -5.1499158e+00	  -1.1663665e+00	   1.2601318e+02	   1.2746340e+02	
   7.0000000e-02	  -5.5506912e+00	  -1.7205062e+00	   1.3031982e+02	   1.2731870e+02	
   8.0000000e-02	  -4.8859906e+00	  -2.3621982e+00	   1.3078125e+02	   1.3048338e+02	
   9.0000000e-02	  -6.2447168e+00	  -3.0171306e+00	   1.2557373e+02	   1.2935088e+02	
   1.0000000e-01	  -6.4206670e+00	  -3.6727015e+00	   1.2759521e+02	   1.2604555e+02	
   1.1000000e-01	  -8.2974687e+00	  -4.3480653e+00	   1.2511230e+02	   1.2606134e+02	
   1.2000000e-01	  -9.4411447e+00	  -5.0837566e+00	   1.2533203e+02	   1.2563650e+02	
   1.3000000e-01	  -1.0897621e+01	  -5.9119195e+00	   1.2504639e+02	   1.2487894e+02	
   1.4000000e-01	  -9.9689952e+00	  -6.7956808e+00	   1.2302490e+02	   1.2431341e+02	
   1.5000000e-01	  -1.1083346e+01	  -7.6584357e+00	   1.2203613e+02	   1.2258985e+02	
   1.6000000e-01	  -1.2021747e+01	  -8.4833661e+00	   1.2091553e+02	   1.2133400e+02	
   1.7000000e-01	  -1.2754873e+01	  -9.2925643e+00	   1.1900391e+02	   1.2012348e+02	
   1.8000000e-01	  -1.4387299e+01	  -1.0107745e+01	   1.2067383e+02	   1.1953551e+02	
   1.9000000e-01	  -1.4494824e+01	  -1.0943729e+01	   1.2016846e+02	   1.2035096e+02	
   2.0000000e-01	  -1.4729425e+01	  -1.1767712e+01	   1.2254150e+02	   1.2135138e+02	
   2.1000000e-01	  -1.5824226e+01	  -1.2551375e+01	   1.2056396e+02	   1.2170769e+02	
   2.2000000e-01	  -1.6743076e+01	  -1.3313365e+01	   1.1874023e+02	   1.2004733e+02	
   2.3000000e-01	  -1.6967902e+01	  -1.4063650e+01	   1.1755371e+02	   1.1792551e+02	
   2.4000000e-01	  -1.7573952e+01	  -1.4785812e+01	   1.1594971e+02	   1.1676465e+02	
   2.5000000e-01	  -1.8424378e+01	  -1.5477860e+01	   1.1474121e+02	   1.1541644e+02	
   2.6000000e-01	  -1.9167279e+01	  -1.6156251e+01	   1.1181885e+02	   1.1342477e+02	
   2.7000000e-01	  -1.9822204e+01	  -1.6831457e+01	   1.1085205e+02	   1.1128623e+02	
   2.8000000e-01	  -1.9685354e+01	  -1.7488857e+01	   1.1115967e+02	   1.1068655e+02	
   2.9000000e-01	  -2.1347106e+01	  -1.8123056e+01	   1.0942383e+02	   1.1051004e+02	
   3.0000000e-01	  -2.1581706e+01	  -1.8760138e+01	   1.1019287e+02	   1.0975543e+02	
   3.1000000e-01	  -2.1190706e+01	  -1.9382833e+01	   1.0549072e+02	   1.0815134e+02	
   3.2000000e-01	  -2.2119331e+01	  -1.9953935e+01	   1.0324951e+02	   1.0463551e+02	
   3.3000000e-01	  -2.3390083e+01	  -2.0501037e+01	   1.0362305e+02	   1.0280074e+02	
   3.4000000e-01	  -2.4250283e+01	  -2.1075763e+01	   1.0061279e+02	   1.0240446e+02	
   3.5000000e-01	  -2.3712658e+01	  -2.1671312e+01	   9.9975586e+01	   1.0045095e+02	
   3.6000000e-01	  -2.4787909e+01	  -2.2249649e+01	   9.7690430e+01	   9.8679414e+01	
   3.7000000e-01	  -2.5716535e+01	  -2.2821528e+01	   9.6174316e+01	   9.7085374e+01	
   3.8000000e-01	  -2.6087985e+01	  -2.3409680e+01	   9.4812012e+01	   9.5407309e+01	
   3.9000000e-01	  -2.6762461e+01	  -2.4008135e+01	   9.5646973e+01	   9.5006742e+01	
   4.0000000e-01	  -2.7593336e+01	  -2.4616361e+01	   9.1713867e+01	   9.4064571e+01	
   4.1000000e-01	  -2.7876812e+01	  -2.5234605e+01	   9.1252441e+01	   9.1559014e+01	
   4.2000000e-01	  -2.7857262e+01	  -2.5837288e+01	   8.7714844e+01	   8.9384679e+01	
   4.3000000e-01	  -2.7925687e+01	  -2.6387858e+01	   8.7231445e+01	   8.7540262e+01	
   4.4000000e-01	  -2.8912963e+01	  -2.6882960e+01	   8.3430176e+01	   8.5397290e+01	
   4.5000000e-01	  -2.9890464e+01	  -2.7363375e+01	   8.1518555e+01	   8.2637941e+01	
   4.6000000e-01	  -2.9421263e+01	  -2.7845445e+01	   7.9409180e+01	   8.0268005e+01	
   4.7000000e-01	  -3.0281464e+01	  -2.8307911e+01	   7.7541504e+01	   7.8554164e+01	
   4.8000000e-01	  -3.1444690e+01	  -2.8769143e+01	   7.5080566e+01	   7.6401242e+01	
   4.9000000e-01	  -3.1474015e+01	  -2.9257118e+01	   7.2070313e+01	   7.3697389e+01	
   5.0000000e-01	  -3.1982316e+01	  -2.9757792e+01	   6.8422852e+01	   7.0371637e+01	
   5.1000000e-01	  -3.1728165e+01	  -3.0242291e+01	   6.9323730e+01	   6.8449813e+01	
   5.2000000e-01	  -3.2666566e+01	  -3.0696341e+01	   6.6357422e+01	   6.7928102e+01	
   5.3000000e-01	  -3.3038016e+01	  -3.1134435e+01	   6.1896973e+01	   6.4782579e+01	
   5.4000000e-01	  -3.3732042e+01	  -3.1574808e+01	   6.1896973e+01	   6.1395206e+01	
   5.5000000e-01	  -3.4064392e+01	  -3.2023276e+01	   6.0600586e+01	   6.1010020e+01	
   5.6000000e-01	  -3.4856168e+01	  -3.2484098e+01	   5.9128418e+01	   6.0224900e+01	
   5.7000000e-01	  -3.5100543e+01	  -3.2959210e+01	   5.6206055e+01	   5.7787277e+01	
   5.8000000e-01	  -3.5559969e+01	  -3.3440264e+01	   5.2888184e+01	   5.4680020e+01	
   5.9000000e-01	  -3.5452444e+01	  -3.3907685e+01	   4.8669434e+01	   5.0914185e+01	
   6.0000000e-01	  -3.6146469e+01	  -3.4347660e+01	   4.8999023e+01	   4.8442897e+01	
   6.1000000e-01	  -3.5491544e+01	  -3.4747252e+01	   4.4362793e+01	   4.6886205e+01	
   6.2000000e-01	  -3.6508145e+01	  -3.5096892e+01	   4.5373535e+01	   4.4841237e+01	
   6.3000000e-01	  -3.7319470e+01	  -3.5430383e+01	   4.1418457e+01	   4.3330726e+01	
   6.4000000e-01	  -3.6498370e+01	  -3.5763240e+01	   4.0825195e+01	   4.1357186e+01	
   6.5000000e-01	  -3.7612721e+01	  -3.6074644e+01	   3.4079590e+01	   3.7730356e+01	
   6.6000000e-01	  -3.7466096e+01	  -3.6372598e+01	   3.4475098e+01	   3.4100037e+01	
   6.7000000e-01	  -3.8345846e+01	  -3.6672149e+01	   3.0937500e+01	   3.2437097e+01	
   6.8000000e-01	  -3.8678197e+01	  -3.6987726e+01	   3.0717773e+01	   3.1062485e+01	
   6.9000000e-01	  -3.8893247e+01	  -3.7323568e+01	   2.6960449e+01	   2.8869334e+01	
   7.0000000e-01	  -3.8883472e+01	  -3.7660543e+01	   2.3532715e+01	   2.5580801e+01	
   7.1000000e-01	  -3.9166947e+01	  -3.7980794e+01	   1.9006348e+01	   2.1300963e+01	
   7.2000000e-01	  -3.9694798e+01	  -3.8286383e+01	   2.0500488e+01	   1.9227083e+01	
   7.3000000e-01	  -3.9450422e+01	  -3.8580007e+01	   1.7666016e+01	   1.9120360e+01	
   7.4000000e-01	  -3.9772998e+01	  -3.8849633e+01	   1.2106934e+01	   1.5756677e+01	
   7.5000000e-01	  -4.0457248e+01	  -3.9103999e+01	   9.4921875e+00	   1.0537138e+01	
   7.6000000e-01	  -4.0437698e+01	  -3.9361713e+01	   7.7783203e+00	   8.2319102e+00	
   7.7000000e-01	  -4.0427923e+01	  -3.9613633e+01	   6.3281250e+00	   7.1736707e+00	
   7.8000000e-01	  -4.0818924e+01	  -3.9848665e+01	   4.1088867e+00	   5.3419276e+00	
   7.9000000e-01	  -4.1063299e+01	  -4.0074403e+01	   2.8784180e+00	   3.4400524e+00	
   8.0000000e-01	  -4.1258799e+01	  -4.0297641e+01	  -7.9101563e-01	   1.2340306e+00	
   8.1000000e-01	  -4.0994874e+01	  -4.0508801e+01	  -4.6801758e+00	  -2.4538221e+00	
   8.2000000e-01	  -4.1649799e+01	  -4.0701730e+01	  -5.2954102e+00	  -5.3797647e+00	
   8.3000000e-01	  -4.1532499e+01	  -4.0886118e+01	  -7.7124023e+00	  -6.5257587e+00	
   8.4000000e-01	  -4.2060350e+01	  -4.1069259e+01	  -8.8769531e+00	  -8.1175416e+00	
   8.5000000e-01	  -4.2998751e+01	  -4.1274579e+01	  -1.3513184e+01	  -1.0976570e+01	
   8.6000000e-01	  -4.3223576e+01	  -4.1530440e+01	  -1.7512207e+01	  -1.5257721e+01	
   8.7000000e-01	  -4.2461125e+01	  -4.1810724e+01	  -1.7797852e+01	  -1.8171904e+01	
   8.8000000e-01	  -4.2764150e+01	  -4.2064132e+01	  -1.9841309e+01	  -1.8844921e+01	
   8.9000000e-01	  -4.2246075e+01	  -4.2266400e+01	  -2.4301758e+01	  -2.1482252e+01	
   9.0000000e-01	  -4.2813026e+01	  -4.2416283e+01	  -2.6542969e+01	  -2.5543709e+01	
   9.1000000e-01	  -4.3634126e+01	  -4.2549386e+01	  -3.0629883e+01	  -2.8625480e+01	
   9.2000000e-01	  -4.3135601e+01	  -4.2695391e+01	  -3.1354980e+01	  -3.1050918e+01	
   9.3000000e-01	  -4.3780751e+01	  -4.2847364e+01	  -3.4079590e+01	  -3.2784299e+01	
   9.4000000e-01	  -4.3683001e+01	  -4.3004894e+01	  -3.6628418e+01	  -3.5082507e+01	
   9.5000000e-01	  -4.5403403e+01	  -4.3196916e+01	  -4.1901855e+01	  -3.9018650e+01	
   9.6000000e-01	  -4.3692776e+01	  -4.3428417e+01	  -4.2934570e+01	  -4.2643068e+01	
   9.7000000e-01	  -4.3497276e+01	  -4.3628557e+01	  -4.5922852e+01	  -4.4574370e+01	
   9.8000000e-01	  -4.4191302e+01	  -4.3764235e+01	  -4.7636719e+01	  -4.6564662e+01	
   9.9000000e-01	  -4.5491378e+01	  -4.3897732e+01	  -5.1679688e+01	  -4.9543990e+01	
   1.0000000e+00	  -4.4347702e+01	  -4.4062294e+01	  -5.3679199e+01	  -5.2670811e+01	
   1.0100000e+00	  -4.4210852e+01	  -4.4210985e+01	  -5.5942383e+01	  -5.4964750e+01	
   1.0200000e+00	  -4.5403403e+01	  -4.4333036e+01	  -5.9370117e+01	  -5.7400001e+01	
   1.0300000e+00	  -4.4621402e+01	  -4.4457645e+01	  -5.9809570e+01	  -5.9791348e+01	
   1.0400000e+00	  -4.5716203e+01	  -4.4588410e+01	  -6.5302734e+01	  -6.2265833e+01	
   1.0500000e+00	  -4.5677103e+01	  -4.4740104e+01	  -6.6335449e+01	  -6.5758635e+01	
   1.0600000e+00	  -4.6273379e+01	  -4.4925426e+01	  -7.0378418e+01	  -6.8523513e+01	
   1.0700000e+00	  -4.5266553e+01	  -4.5120372e+01	  -7.2048340e+01	  -7.1039824e+01	
   1.0800000e+00	  -4.5667328e+01	  -4.5285414e+01	  -7.4860840e+01	  -7.3558362e+01	
   1.0900000e+00	  -4.5501153e+01	  -4.5410558e+01	  -7.7673340e+01	  -7.6090356e+01	
   1.1000000e+00	  -4.6547079e+01	  -4.5522440e+01	  -8.1562500e+01	  -7.9485409e+01	
   1.1100000e+00	  -4.5999678e+01	  -4.5644509e+01	  -8.2727051e+01	  -8.2335337e+01	
   1.1200000e+00	  -4.5843278e+01	  -4.5759183e+01	  -8.7099609e+01	  -8.4761972e+01	
   1.1300000e+00	  -4.6029003e+01	  -4.5846356e+01	  -8.7978516e+01	  -8.7529158e+01	
   1.1400000e+00	  -4.6292929e+01	  -4.5918508e+01	  -9.1647949e+01	  -8.9866448e+01	
   1.1500000e+00	  -4.6058328e+01	  -4.5984849e+01	  -9.4658203e+01	  -9.2854826e+01	
   1.1600000e+00	  -4.5579353e+01	  -4.6028392e+01	  -9.6262207e+01	  -9.5712585e+01	
   1.1700000e+00	  -4.6019228e+01	  -4.6038699e+01	  -9.8833008e+01	  -9.7510868e+01	
   1.1800000e+00	  -4.6097429e+01	  -4.6036482e+01	  -1.0265625e+02	  -1.0042273e+02	
   1.1900000e+00	  -4.6292929e+01	  -4.6042311e+01	  -1.0718262e+02	  -1.0476430e+02	
   1.2000000e+00	  -4.6507979e+01	  -4.6066576e+01	  -1.0942383e+02	  -1.0850568e+02	
   1.2100000e+00	  -4.6283154e+01	  -4.6108763e+01	  -1.1166504e+02	  -1.1067552e+02	
   1.2200000e+00	  -4.7045604e+01	  -4.6169657e+01	  -1.1548828e+02	  -1.1326845e+02	
   1.2300000e+00	  -4.6586179e+01	  -4.6254540e+01	  -1.1794922e+02	  -1.1671787e+02	
   1.2400000e+00	  -4.7123804e+01	  -4.6355646e+01	  -1.2021240e+02	  -1.1924342e+02	
   1.2500000e+00	  -4.6820779e+01	  -4.6465316e+01	  -1.2385986e+02	  -1.2179647e+02	
   1.2600000e+00	  -4.8218605e+01	  -4.6598368e+01	  -1.2730957e+02	  -1.2544893e+02	
   1.2700000e+00	  -4.7231330e+01	  -4.6765959e+01	  -1.2922119e+02	  -1.2847477e+02	
   1.2800000e+00	  -4.7768955e+01	  -4.6941454e+01	  -1.3359375e+02	  -1.3119874e+02	
   1.2900000e+00	  -4.6605729e+01	  -4.7086325e+01	  -1.3407715e+02	  -1.3395918e+02	
   1.3000000e+00	  -4.7407280e+01	  -4.7180089e+01	  -1.3774658e+02	  -1.3593119e+02	
   1.3100000e+00	  -4.8150180e+01	  -4.7257299e+01	  -1.3908691e+02	  -1.3824759e+02	
   1.3200000e+00	  -4.7035829e+01	  -4.7341245e+01	  -1.4381104e+02	  -1.4133921e+02	
   1.3300000e+00	  -4.6977179e+01	  -4.7391752e+01	  -1.4688721e+02	  -1.4516895e+02	
   1.3400000e+00	  -4.7407280e+01	  -4.7400656e+01	  -1.5002930e+02	  -1.4863433e+02	
   1.3500000e+00	  -4.8003555e+01	  -4.7410236e+01	  -1.5462158e+02	  -1.5206402e+02	
   1.3600000e+00	  -4.7182455e+01	  -4.7435578e+01	  -1.5662109e+02	  -1.5572442e+02	
   1.3700000e+00	  -4.7534355e+01	  -4.7455054e+01	  -1.5824707e+02	  -1.5769861e+02	
   1.3800000e+00	  -4.7475705e+01	  -4.7465671e+01	  -1.6303711e+02	  -1.6018193e+02	
   1.3900000e+00	  -4.7338855e+01	  -4.7471715e+01	  -1.6466309e+02	  -1.6389933e+02	
   1.4000000e+00	  -4.7368180e+01	  -4.7468256e+01	  -1.6666260e+02	  -1.6596897e+02	
   1.4100000e+00	  -4.7641880e+01	  -4.7462906e+01	  -1.7268311e+02	  -1.6903356e+02	
   1.4200000e+00	  -4.7935130e+01	  -4.7474245e+01	  -1.7424316e+02	  -1.7360091e+02	
   1.4300000e+00	  -4.7211780e+01	  -4.7498125e+01	  -1.7857178e+02	  -1.7658405e+02	
   1.4400000e+00	  -4.7260655e+01	  -4.7505946e+01	  -1.8000000e+02	  -1.7914464e+02	
   1.4500000e+00	  -4.7182455e+01	  -4.7488705e+01	  -1.8000000e+02	  -1.8042606e+02	
   1.4600000e+00	  -4.7387730e+01	  -4.7458739e+01	  -1.8000000e+02	  -1.8001005e+02	
   1.4700000e+00	  -4.6859879e+01	  -4.7419091e+01	  -1.8000000e+02	  -1.7991286e+02	
   1.4800000e+00	  -4.7446380e+01	  -4.7371120e+01	  -9.9316406e+00	  -1.1347640e+02	
   1.4900000e+00	  -4.8306581e+01	  -4.7351896e+01	   1.7850586e+02	   6.8804478e+01	
   1.5000000e+00	  -4.7651655e+01	  -4.7385831e+01	   1.7716553e+02	   2.0195138e+02	
   1.5100000e+00	  -4.7573455e+01	  -4.7440533e+01	   1.7830811e+02	   1.9019692e+02	
   1.5200000e+00	  -4.7749405e+01	  -4.7491398e+01	   1.7520996e+02	   1.6762559e+02	
   1.5300000e+00	  -4.7553905e+01	  -4.7537287e+01	   1.7586914e+02	   1.7654829e+02	
   1.5400000e+00	  -4.7368180e+01	  -4.7568249e+01	   1.6853027e+02	   1.7410247e+02	
   1.5500000e+00	  -4.7505030e+01	  -4.7578513e+01	   1.6694824e+02	   1.6715400e+02	
   1.5600000e+00	  -4.7573455e+01	  -4.7577818e+01	   1.6288330e+02	   1.6449965e+02	
   1.5700000e+00	  -4.7925355e+01	  -4.7582716e+01	   1.5991699e+02	   1.6187968e+02	
   1.5800000e+00	  -4.8238156e+01	  -4.7612596e+01	   1.5998291e+02	   1.5948099e+02	
   1.5900000e+00	  -4.7837380e+01	  -4.7667683e+01	   1.5279785e+02	   1.5695940e+02	
   1.6000000e+00	  -4.8335906e+01	  -4.7734706e+01	   1.5205078e+02	   1.5247080e+02	
   1.6100000e+00	  -4.8208830e+01	  -4.7813424e+01	   1.4715088e+02	   1.4930924e+02	
   1.6200000e+00	  -4.8638931e+01	  -4.7906864e+01	   1.4266846e+02	   1.4547496e+02	
   1.6300000e+00	  -4.8130630e+01	  -4.8006755e+01	   1.3884521e+02	   1.4058897e+02	
   1.6400000e+00	  -4.7739630e+01	  -4.8083127e+01	   1.3783447e+02	   1.3800327e+02	
   1.6500000e+00	  -4.8658481e+01	  -4.8130821e+01	   1.3326416e+02	   1.3583974e+02	
   1.6600000e+00	  -4.8375006e+01	  -4.8179651e+01	   1.3042969e+02	   1.3206372e+02	
   1.6700000e+00	  -4.8404331e+01	  -4.8232944e+01	   1.2854004e+02	   1.2913624e+02	
   1.6800000e+00	  -4.8247931e+01	  -4.8277162e+01	   1.2390381e+02	   1.2655490e+02	
   1.6900000e+00	  -4.8521631e+01	  -4.8311810e+01	   1.1755371e+02	   1.2122887e+02	
   1.7000000e+00	  -4.8726906e+01	  -4.8349514e+01	   1.1718018e+02	   1.1677191e+02	
   1.7100000e+00	  -4.8208830e+01	  -4.8389485e+01	   1.1643311e+02	   1.1639207e+02	
   1.7200000e+00	  -4.8443431e+01	  -4.8415724e+01	   1.1291748e+02	   1.1529849e+02	
   1.7300000e+00	  -4.8159955e+01	  -4.8424374e+01	   1.1036865e+02	   1.1173559e+02	
   1.7400000e+00	  -4.8521631e+01	  -4.8421636e+01	   1.0654541e+02	   1.0839947e+02	
   1.7500000e+00	  -4.8394556e+01	  -4.8418098e+01	   1.0320557e+02	   1.0503314e+02	
   1.7600000e+00	  -4.8199055e+01	  -4.8412563e+01	   1.0162354e+02	   1.0220108e+02	
   1.7700000e+00	  -4.8629156e+01	  -4.8404425e+01	   9.6394043e+01	   9.9315082e+01	
   1.7800000e+00	  -4.7768955e+01	  -4.8391346e+01	   9.1582031e+01	   9.4340906e+01	
   1.7900000e+00	  -4.7856930e+01	  -4.8352002e+01	   9.0087891e+01	   9.0346700e+01	
   1.8000000e+00	  -4.8130630e+01	  -4.8290727e+01	   8.6286621e+01	   8.8256584e+01	
   1.8100000e+00	  -4.9137456e+01	  -4.8253291e+01	   8.5517578e+01	   8.5950257e+01	
   1.8200000e+00	  -4.7896030e+01	  -4.8255157e+01	   8.1606445e+01	   8.3591739e+01	
   1.8300000e+00	  -4.9088581e+01	  -4.8276386e+01	   7.8464355e+01	   8.0323192e+01	
   1.8400000e+00	  -4.8423881e+01	  -4.8317948e+01	   7.4641113e+01	   7.6506883e+01	
   1.8500000e+00	  -4.8433656e+01	  -4.8366660e+01	   7.2290039e+01	   7.3415132e+01	
   1.8600000e+00	  -4.8873531e+01	  -4.8411921e+01	   6.7038574e+01	   6.9913536e+01	
   1.8700000e+00	  -4.8707356e+01	  -4.8465860e+01	   6.5412598e+01	   6.6146350e+01	
   1.8800000e+00	  -4.8345681e+01	  -4.8515928e+01	   6.4731445e+01	   6.4629845e+01	
   1.8900000e+00	  -4.8824656e+01	  -4.8551246e+01	   5.9743652e+01	   6.2806586e+01	
   1.9000000e+00	  -4.8922406e+01	  -4.8588205e+01	   5.4008789e+01	   5.7362666e+01	
   1.9100000e+00	  -4.8482531e+01	  -4.8627959e+01	   5.1723633e+01	   5.2396687e+01	
   1.9200000e+00	  -4.8902856e+01	  -4.8659048e+01	   5.3239746e+01	   5.1858282e+01	
   1.9300000e+00	  -4.8922406e+01	  -4.8690524e+01	   4.7241211e+01	   5.0974568e+01	
   1.9400000e+00	  -4.7944905e+01	  -4.8709315e+01	   4.4648438e+01	   4.6290334e+01	
   1.9500000e+00	  -4.8629156e+01	  -4.8693332e+01	   4.2297363e+01	   4.2897541e+01	
   1.9600000e+00	  -4.7896030e+01	  -4.8649461e+01	   3.9089355e+01	   4.0958346e+01	
   1.9700000e+00	  -4.8766006e+01	  -4.8592994e+01	   3.7177734e+01	   3.8160332e+01	
   1.9800000e+00	  -4.8785556e+01	  -4.8553598e+01	   3.1464844e+01	   3.4586762e+01	
   1.9900000e+00	  -4.9205881e+01	  -4.8555014e+01	   2.9355469e+01	   3.0410312e+01	
   2.0000000e+00	  -4.8648706e+01	  -4.8588577e+01	   2.4938965e+01	   2.7038444e+01	
   2.0100000e+00	  -4.8580281e+01	  -4.8624749e+01	   2.0544434e+01	   2.3100373e+01	
   2.0200000e+00	  -4.9723957e+01	  -4.8668719e+01	   1.8808594e+01	   1.9368756e+01	
   2.0300000e+00	  -4.8296806e+01	  -4.8730059e+01	   1.4611816e+01	   1.6798148e+01	
   2.0400000e+00	  -4.8883306e+01	  -4.8775036e+01	   1.0744629e+01	   1.3001404e+01	
   2.0500000e+00	  -4.8326131e+01	  -4.8789610e+01	   1.2370605e+01	   1.0874986e+01	
   2.0600000e+00	  -4.8462981e+01	  -4.8775663e+01	   5.7128906e+00	   9.5580527e+00	
   2.0700000e+00	  -4.8414106e+01	  -4.8737870e+01	   4.3725586e+00	   5.3620606e+00	
   2.0800000e+00	  -4.8267481e+01	  -4.8685658e+01	   3.9331055e+00	   3.3440554e+00	
   2.0900000e+00	  -4.8189280e+01	  -4.8619953e+01	  -4.6142578e-01	   2.3232002e+00	
   2.1000000e+00	  -4.8746456e+01	  -4.8555976e+01	  -4.9877930e+00	  -2.2871864e+00	
   2.1100000e+00	  -4.8844206e+01	  -4.8521019e+01	  -6.8774414e+00	  -6.3855060e+00	
   2.1200000e+00	  -4.8306581e+01	  -4.8511802e+01	  -1.0810547e+01	  -8.7577469e+00	
   2.1300000e+00	  -4.8462981e+01	  -4.8503343e+01	  -1.4809570e+01	  -1.2461401e+01	
   2.1400000e+00	  -4.8638931e+01	  -4.8495067e+01	  -1.6567383e+01	  -1.5985259e+01	
   2.1500000e+00	  -4.8599831e+01	  -4.8496998e+01	  -1.9094238e+01	  -1.7887463e+01	
   2.1600000e+00	  -4.8932181e+01	  -4.8513957e+01	  -2.4323730e+01	  -2.1206600e+01	
   2.1700000e+00	  -4.8326131e+01	  -4.8539585e+01	  -2.5400391e+01	  -2.5110766e+01	
   2.1800000e+00	  -4.9215656e+01	  -4.8568911e+01	  -2.8674316e+01	  -2.7188494e+01	
   2.1900000e+00	  -4.8511856e+01	  -4.8607674e+01	  -3.1552734e+01	  -2.9766391e+01	
   2.2000000e+00	  -4.8824656e+01	  -4.8645255e+01	  -3.4299316e+01	  -3.3015832e+01	
   2.2100000e+00	  -4.8678031e+01	  -4.8674542e+01	  -3.7221680e+01	  -3.5730007e+01	
   2.2200000e+00	  -4.8599831e+01	  -4.8694980e+01	  -3.9770508e+01	  -3.8450287e+01	
   2.2300000e+00	  -4.8775781e+01	  -4.8705549e+01	  -4.4274902e+01	  -4.1814842e+01	
   2.2400000e+00	  -4.8404331e+01	  -4.8706975e+01	  -4.5197754e+01	  -4.4922927e+01	
   2.2500000e+00	  -4.9235206e+01	  -4.8707724e+01	  -4.9680176e+01	  -4.7354724e+01	
   2.2600000e+00	  -4.8590056e+01	  -4.8720936e+01	  -5.2844238e+01	  -5.0955117e+01	
   2.2700000e+00	  -4.9098356e+01	  -4.8742060e+01	  -5.2646484e+01	  -5.3301655e+01	
   2.2800000e+00	  -4.8638931e+01	  -4.8764795e+01	  -5.9084473e+01	  -5.5332381e+01	
   2.2900000e+00	  -4.8990831e+01	  -4.8785560e+01	  -6.1325684e+01	  -5.9960991e+01	
   2.3000000e+00	  -4.9528457e+01	  -4.8819097e+01	  -6.5017090e+01	  -6.3571071e+01	
   2.3100000e+00	  -4.8971281e+01	  -4.8875604e+01	  -6.7653809e+01	  -6.6128760e+01	
   2.3200000e+00	  -4.9626207e+01	  -4.8943875e+01	  -7.0356445e+01	  -6.9042616e+01	
   2.3300000e+00	  -4.8971281e+01	  -4.9016168e+01	  -7.4685059e+01	  -7.2306091e+01	
   2.3400000e+00	  -4.8697581e+01	  -4.9066583e+01	  -7.6596680e+01	  -7.5723176e+01	
   2.3500000e+00	  -4.8511856e+01	  -4.9071041e+01	  -7.8662109e+01	  -7.7819819e+01	
   2.3600000e+00	  -4.8687806e+01	  -4.9036242e+01	  -8.1540527e+01	  -7.9867000e+01	
   2.3700000e+00	  -4.8541181e+01	  -4.8979455e+01	  -8.4309082e+01	  -8.2844521e+01	
   2.3800000e+00	  -4.8814881e+01	  -4.8916267e+01	  -8.7736816e+01	  -8.5978067e+01	
   2.3900000e+00	  -4.9469807e+01	  -4.8875254e+01	  -8.9692383e+01	  -8.8768599e+01	
   2.4000000e+00	  -4.8502081e+01	  -4.8864124e+01	  -9.3493652e+01	  -9.1483357e+01	
   2.4100000e+00	  -4.8981056e+01	  -4.8856956e+01	  -9.7756348e+01	  -9.5342324e+01	
   2.4200000e+00	  -4.8785556e+01	  -4.8848782e+01	  -9.9294434e+01	  -9.8810509e+01	
   2.4300000e+00	  -4.9401382e+01	  -4.8854755e+01	  -1.0437012e+02	  -1.0163153e+02	
   2.4400000e+00	  -4.8521631e+01	  -4.8872462e+01	  -1.0564453e+02	  -1.0498319e+02	
   2.4500000e+00	  -4.8961506e+01	  -4.8882138e+01	  -1.0790771e+02	  -1.0706167e+02	
   2.4600000e+00	  -4.9264531e+01	  -4.8891971e+01	  -1.1148926e+02	  -1.0930894e+02	
   2.4700000e+00	  -4.8766006e+01	  -4.8912108e+01	  -1.1524658e+02	  -1.1323073e+02	
   2.4800000e+00	  -4.8824656e+01	  -4.8924476e+01	  -1.1663086e+02	  -1.1622552e+02	
   2.4900000e+00	  -4.8257706e+01	  -4.8911826e+01	  -1.2267334e+02	  -1.1926936e+02	
   2.5000000e+00	  -4.9235206e+01	  -4.8882182e+01	  -1.2671631e+02	  -1.2441131e+02	
   2.5100000e+00	  -4.8550956e+01	  -4.8858157e+01	  -1.2572754e+02	  -1.2705720e+02	
   2.5200000e+00	  -4.8482531e+01	  -4.8830437e+01	  -1.2897949e+02	  -1.2715348e+02	
   2.5300000e+00	  -4.8814881e+01	  -4.8792759e+01	  -1.3438477e+02	  -1.3087334e+02	
   2.5400000e+00	  -4.8717131e+01	  -4.8761734e+01	  -1.3576904e+02	  -1.3552477e+02	
   2.5500000e+00	  -4.8844206e+01	  -4.8742768e+01	  -1.3801025e+02	  -1.3715331e+02	
   2.5600000e+00	  -4.8932181e+01	  -4.8737968e+01	  -1.4167969e+02	  -1.3937253e+02	
   2.5700000e+00	  -4.8736681e+01	  -4.8744798e+01	  -1.4411865e+02	  -1.4293706e+02	
   2.5800000e+00	  -4.8678031e+01	  -4.8751275e+01	  -1.4827148e+02	  -1.4615535e+02	
   2.5900000e+00	  -4.9196106e+01	  -4.8761127e+01	  -1.5191895e+02	  -1.4990025e+02	
   2.6000000e+00	  -4.8912631e+01	  -4.8786292e+01	  -1.5253418e+02	  -1.5260689e+02	
   2.6100000e+00	  -4.8726906e+01	  -4.8814543e+01	  -1.6026855e+02	  -1.5580905e+02	
   2.6200000e+00	  -4.9411157e+01	  -4.8843095e+01	  -1.5980713e+02	  -1.6020943e+02	
   2.6300000e+00	  -4.8570506e+01	  -4.8876415e+01	  -1.6844238e+02	  -1.6400121e+02	
   2.6400000e+00	  -4.8462981e+01	  -4.8887934e+01	  -1.6918945e+02	  -1.6860873e+02	
   2.6500000e+00	  -4.8384781e+01	  -4.8861773e+01	  -1.6883789e+02	  -1.6999005e+02	
   2.6600000e+00	  -4.8443431e+01	  -4.8809424e+01	  -1.7347412e+02	  -1.7040891e+02	
   2.6700000e+00	  -4.8365231e+01	  -4.8743700e+01	  -1.7848389e+02	  -1.7543521e+02	
   2.6800000e+00	  -4.9244981e+01	  -4.8690384e+01	  -1.7811035e+02	  -1.7908498e+02	
   2.6900000e+00	  -4.8394556e+01	  -4.8665994e+01	  -1.8000000e+02	  -1.7915970e+02	
   2.7000000e+00	  -4.8384781e+01	  -4.8645429e+01	  -1.8000000e+02	  -1.7975020e+02	
   2.7100000e+00	  -4.9088581e+01	  -4.8625631e+01	  -1.8000000e+02	  -1.8025685e+02	
   2.7200000e+00	  -4.8775781e+01	  -4.8629708e+01	  -1.3139648e+01	  -1.1465558e+02	
   2.7300000e+00	  -5.0222482e+01	  -4.8679394e+01	   1.7997803e+02	   6.7372871e+01	
   2.7400000e+00	  -4.8766006e+01	  -4.8776916e+01	   1.7725342e+02	   2.0264251e+02	
   2.7500000e+00	  -4.9420932e+01	  -4.8880990e+01	   1.7422119e+02	   1.8926741e+02	
   2.7600000e+00	  -4.8541181e+01	  -4.8960291e+01	   1.7564941e+02	   1.6484139e+02	
   2.7700000e+00	  -4.8805106e+01	  -4.9000452e+01	   1.7463867e+02	   1.7602220e+02	
   2.7800000e+00	  -4.9577332e+01	  -4.9020724e+01	   1.7072754e+02	   1.7491085e+02	
   2.7900000e+00	  -4.8365231e+01	  -4.9038589e+01	   1.6778320e+02	   1.6852325e+02	
   2.8000000e+00	  -5.0036757e+01	  -4.9053865e+01	   1.6114746e+02	   1.6466945e+02	
   2.8100000e+00	  -4.8971281e+01	  -4.9087654e+01	   1.5884033e+02	   1.6009564e+02	
   2.8200000e+00	  -4.9196106e+01	  -4.9125890e+01	   1.5308350e+02	   1.5588504e+02	
   2.8300000e+00	  -4.8756231e+01	  -4.9142703e+01	   1.5029297e+02	   1.5183599e+02	
   2.8400000e+00	  -4.8805106e+01	  -4.9132256e+01	   1.5079834e+02	   1.4991757e+02	
   2.8500000e+00	  -4.8746456e+01	  -4.9097115e+01	   1.4607422e+02	   1.4887413e+02	
   2.8600000e+00	  -4.8756231e+01	  -4.9047782e+01	   1.4464600e+02	   1.4557679e+02	
   2.8700000e+00	  -4.9381832e+01	  -4.9005088e+01	   1.3787842e+02	   1.4138463e+02	
   2.8800000e+00	  -4.8863756e+01	  -4.8985003e+01	   1.3790039e+02	   1.3773231e+02	
   2.8900000e+00	  -4.9303631e+01	  -4.8981620e+01	   1.3447266e+02	   1.3593024e+02	
   2.9000000e+00	  -4.8687806e+01	  -4.8984117e+01	   1.2979248e+02	   1.3280562e+02	
   2.9100000e+00	  -4.8580281e+01	  -4.8972123e+01	   1.2838623e+02	   1.2875838e+02	
   2.9200000e+00	  -4.8814881e+01	  -4.8939823e+01	   1.2517822e+02	   1.2667823e+02	
   2.9300000e+00	  -4.9323182e+01	  -4.8914568e+01	   1.2480469e+02	   1.2503211e+02	
   2.9400000e+00	  -4.8795331e+01	  -4.8910386e+01	   1.1625732e+02	   1.2115507e+02	
   2.9500000e+00	  -4.9078806e+01	  -4.8914755e+01	   1.1627930e+02	   1.1608272e+02	
   2.9600000e+00	  -4.8404331e+01	  -4.8911498e+01	   1.1179688e+02	   1.1363445e+02	
   2.9700000e+00	  -4.8531406e+01	  -4.8884764e+01	   1.0814941e+02	   1.1060535e+02	
   2.9800000e+00	  -4.8883306e+01	  -4.8843747e+01	   1.0650146e+02	   1.0695030e+02	
   2.9900000e+00	  -4.8658481e+01	  -4.8809036e+01	   1.0232666e+02	   1.0454315e+02	
   3.0000000e+00	  -4.8472756e+01	  -4.8775464e+01	   9.8085938e+01	   1.0057643e+02	
   3.0100000e+00	  -4.8345681e+01	  -4.8730794e+01	   9.6416016e+01	   9.6907255e+01	
   3.0200000e+00	  -4.8609606e+01	  -4.8679059e+01	   9.1296387e+01	   9.4069821e+01	
   3.0300000e+00	  -4.8462981e+01	  -4.8632054e+01	   8.8945313e+01	   9.0256265e+01	
   3.0400000e+00	  -4.8570506e+01	  -4.8593430e+01	   8.3276367e+01	   8.6159019e+01	
   3.0500000e+00	  -4.9440482e+01	  -4.8582129e+01	   8.4045410e+01	   8.3363790e+01	
   3.0600000e+00	  -4.8462981e+01	  -4.8606732e+01	   7.9738770e+01	   8.1897113e+01	
   3.0700000e+00	  -4.9176556e+01	  -4.8644926e+01	   7.5739746e+01	   7.8351748e+01	
   3.0800000e+00	  -4.9098356e+01	  -4.8696227e+01	   7.3388672e+01	   7.4213732e+01	
   3.0900000e+00	  -4.8736681e+01	  -4.8755741e+01	   7.0620117e+01	   7.1948566e+01	
   3.1000000e+00	  -4.8287031e+01	  -4.8790612e+01	   6.8005371e+01	   6.9485723e+01	
   3.1100000e+00	  -4.8961506e+01	  -4.8795099e+01	   6.4753418e+01	   6.6436839e+01	
   3.1200000e+00	  -4.9489357e+01	  -4.8808400e+01	   6.1743164e+01	   6.3299274e+01	
   3.1300000e+00	  -4.9078806e+01	  -4.8852787e+01	   5.5722656e+01	   5.9071024e+01	
   3.1400000e+00	  -4.8863756e+01	  -4.8903339e+01	   5.6755371e+01	   5.5761900e+01	
   3.1500000e+00	  -4.8844206e+01	  -4.8936507e+01	   4.8999023e+01	   5.3229570e+01	
   3.1600000e+00	  -5.0760108e+01	  -4.8989234e+01	   4.9218750e+01	   4.9232766e+01	
   3.1700000e+00	  -4.8404331e+01	  -4.9079522e+01	   4.5505371e+01	   4.6889024e+01	
   3.1800000e+00	  -4.8883306e+01	  -4.9140119e+01	   4.5219727e+01	   4.5605586e+01	
   3.1900000e+00	  -4.8404331e+01	  -4.9139114e+01	   4.0649414e+01	   4.3073522e+01	
   3.2000000e+00	  -4.8590056e+01	  -4.9092790e+01	   3.3750000e+01	   3.7871683e+01	
   3.2100000e+00	  -4.8355456e+01	  -4.9014253e+01	   3.4562988e+01	   3.3419372e+01	
   3.2200000e+00	  -4.8922406e+01	  -4.8927057e+01	   2.9135742e+01	   3.1895664e+01	
   3.2300000e+00	  -4.9196106e+01	  -4.8864871e+01	   2.8103027e+01	   2.8996811e+01	
   3.2400000e+00	  -4.9342732e+01	  -4.8849045e+01	   2.7421875e+01	   2.7167671e+01	
   3.2500000e+00	  -4.9567557e+01	  -4.8880125e+01	   2.1884766e+01	   2.5307104e+01	
   3.2600000e+00	  -4.8961506e+01	  -4.8938595e+01	   1.9379883e+01	   2.0772261e+01	
   3.2700000e+00	  -4.9342732e+01	  -4.8997764e+01	   1.6193848e+01	   1.7438159e+01	
   3.2800000e+00	  -4.8873531e+01	  -4.9046344e+01	   1.1997070e+01	   1.4441976e+01	
   3.2900000e+00	  -4.8697581e+01	  -4.9069508e+01	   8.7670898e+00	   1.0406502e+01	
   3.3000000e+00	  -4.8912631e+01	  -4.9062339e+01	   4.6142578e+00	   6.6889054e+00	
   3.3100000e+00	  -4.8697581e+01	  -4.9037077e+01	   2.8564453e+00	   3.6506631e+00	
   3.3200000e+00	  -4.8873531e+01	  -4.9001454e+01	  -8.7890625e-02	   1.3481751e+00	
   3.3300000e+00	  -4.8423881e+01	  -4.8955767e+01	  -3.3398438e+00	  -1.4710054e+00	
   3.3400000e+00	  -4.8805106e+01	  -4.8900424e+01	  -3.8671875e+00	  -3.8821813e+00	
   3.3500000e+00	  -4.8726906e+01	  -4.8848046e+01	  -8.2836914e+00	  -5.8528245e+00	
   3.3600000e+00	  -4.9078806e+01	  -4.8813359e+01	  -1.3535156e+01	  -1.0370598e+01	
   3.3700000e+00	  -4.9117906e+01	  -4.8806155e+01	  -1.5402832e+01	  -1.4884671e+01	
   3.3800000e+00	  -4.9059256e+01	  -4.8824615e+01	  -1.7512207e+01	  -1.6674283e+01	
   3.3900000e+00	  -4.8316356e+01	  -4.8841563e+01	  -2.1840820e+01	  -1.9204823e+01	
   3.4000000e+00	  -4.8873531e+01	  -4.8836350e+01	  -2.1621094e+01	  -2.2046655e+01	
   3.4100000e+00	  -4.8834431e+01	  -4.8824018e+01	  -2.7751465e+01	  -2.4422001e+01	
   3.4200000e+00	  -4.8130630e+01	  -4.8803597e+01	  -2.9838867e+01	  -2.8516726e+01	
   3.4300000e+00	  -4.8844206e+01	  -4.8764903e+01	  -3.2937012e+01	  -3.1783682e+01	
   3.4400000e+00	  -4.9235206e+01	  -4.8739979e+01	  -3.7968750e+01	  -3.4985445e+01	
   3.4500000e+00	  -4.9772832e+01	  -4.8766722e+01	  -4.0341797e+01	  -3.9241856e+01	
   3.4600000e+00	  -4.8590056e+01	  -4.8830147e+01	  -4.2539063e+01	  -4.1728324e+01	
   3.4700000e+00	  -4.8814881e+01	  -4.8879806e+01	  -4.5087891e+01	  -4.3621877e+01	
   3.4800000e+00	  -4.8384781e+01	  -4.8893287e+01	  -4.8273926e+01	  -4.6536841e+01	
   3.4900000e+00	  -4.9235206e+01	  -4.8886800e+01	  -5.1789551e+01	  -4.9955751e+01	
   3.5000000e+00	  -4.8883306e+01	  -4.8886481e+01	  -5.4799805e+01	  -5.3297983e+01	
   3.5100000e+00	  -4.8638931e+01	  -4.8888181e+01	  -5.7041016e+01	  -5.6002357e+01	
   3.5200000e+00	  -4.9000606e+01	  -4.8881420e+01	  -6.0842285e+01	  -5.8768280e+01	
   3.5300000e+00	  -4.8951731e+01	  -4.8878413e+01	  -6.3610840e+01	  -6.2152283e+01	
   3.5400000e+00	  -4.9430707e+01	  -4.8892975e+01	  -6.7126465e+01	  -6.5390421e+01	
   3.5500000e+00	  -4.9147231e+01	  -4.8930200e+01	  -6.9345703e+01	  -6.8234681e+01	
   3.5600000e+00	  -4.8863756e+01	  -4.8971509e+01	  -7.1037598e+01	  -7.0324394e+01	
   3.5700000e+00	  -4.8619381e+01	  -4.8990132e+01	  -7.4772949e+01	  -7.2649679e+01	
   3.5800000e+00	  -4.9137456e+01	  -4.8987605e+01	  -7.7189941e+01	  -7.5912732e+01	
   3.5900000e+00	  -4.8795331e+01	  -4.8980746e+01	  -8.1013184e+01	  -7.9101276e+01	
   3.6000000e+00	  -4.9254756e+01	  -4.8977550e+01	  -8.4375000e+01	  -8.2537862e+01	
   3.6100000e+00	  -4.8951731e+01	  -4.8982457e+01	  -8.6352539e+01	  -8.5544834e+01	
   3.6200000e+00	  -4.9235206e+01	  -4.8994914e+01	  -8.9714355e+01	  -8.7939699e+01	
   3.6300000e+00	  -4.9264531e+01	  -4.9017103e+01	  -9.2526855e+01	  -9.0971630e+01	
   3.6400000e+00	  -4.9029931e+01	  -4.9045910e+01	  -9.5625000e+01	  -9.4111574e+01	
   3.6500000e+00	  -4.9538232e+01	  -4.9078022e+01	  -9.8371582e+01	  -9.6957876e+01	
   3.6600000e+00	  -4.8335906e+01	  -4.9101232e+01	  -1.0146973e+02	  -9.9865741e+01	
   3.6700000e+00	  -4.8805106e+01	  -4.9088207e+01	  -1.0458984e+02	  -1.0295453e+02	
   3.6800000e+00	  -4.8824656e+01	  -4.9048080e+01	  -1.0766602e+02	  -1.0610199e+02	
   3.6900000e+00	  -4.9616432e+01	  -4.9019905e+01	  -1.1087402e+02	  -1.0921814e+02	
   3.7000000e+00	  -4.8824656e+01	  -4.9017953e+01	  -1.1355469e+02	  -1.1221399e+02	
   3.7100000e+00	  -4.8707356e+01	  -4.9014718e+01	  -1.1623535e+02	  -1.1489928e+02	
   3.7200000e+00	  -4.9665307e+01	  -4.9009547e+01	  -1.1863037e+02	  -1.1740473e+02	
   3.7300000e+00	  -4.9020156e+01	  -4.9026714e+01	  -1.2271729e+02	  -1.2047598e+02	
   3.7400000e+00	  -4.9225431e+01	  -4.9054277e+01	  -1.2451904e+02	  -1.2369153e+02	
   3.7500000e+00	  -4.9557782e+01	  -4.9088256e+01	  -1.3069336e+02	  -1.2732767e+02	
   3.7600000e+00	  -4.9196106e+01	  -4.9133829e+01	  -1.3159424e+02	  -1.3124446e+02	
   3.7700000e+00	  -4.8902856e+01	  -4.9169434e+01	  -1.3596680e+02	  -1.3391755e+02	
   3.7800000e+00	  -4.9196106e+01	  -4.9182633e+01	  -1.4038330e+02	  -1.3766596e+02	
   3.7900000e+00	  -4.8453206e+01	  -4.9171372e+01	  -1.4011963e+02	  -1.4082201e+02	
   3.8000000e+00	  -4.8453206e+01	  -4.9121376e+01	  -1.4497559e+02	  -1.4234404e+02	
   3.8100000e+00	  -4.9420932e+01	  -4.9055070e+01	  -1.4635986e+02	  -1.4540276e+02	
   3.8200000e+00	  -4.8609606e+01	  -4.9006206e+01	  -1.5139160e+02	  -1.4892728e+02	
   3.8300000e+00	  -4.9020156e+01	  -4.8967547e+01	  -1.5352295e+02	  -1.5233992e+02	
   3.8400000e+00	  -4.8814881e+01	  -4.8934610e+01	  -1.5815918e+02	  -1.5584027e+02	
   3.8500000e+00	  -4.9020156e+01	  -4.8912114e+01	  -1.5916992e+02	  -1.5873680e+02	
   3.8600000e+00	  -4.8531406e+01	  -4.8892427e+01	  -1.6393799e+02	  -1.6145235e+02	
   3.8700000e+00	  -4.9205881e+01	  -4.8874160e+01	  -1.6692627e+02	  -1.6517848e+02	
   3.8800000e+00	  -4.8502081e+01	  -4.8861412e+01	  -1.6938721e+02	  -1.6843764e+02	
   3.8900000e+00	  -4.8805106e+01	  -4.8844590e+01	  -1.7261719e+02	  -1.7086319e+02	
   3.9000000e+00	  -4.9157006e+01	  -4.8831612e+01	  -1.7677002e+02	  -1.7444490e+02	
   3.9100000e+00	  -4.8795331e+01	  -4.8835097e+01	  -1.8000000e+02	  -1.7842472e+02	
   3.9200000e+00	  -4.9420932e+01	  -4.8853965e+01	  -1.8000000e+02	  -1.8040588e+02	
   3.9300000e+00	  -4.8941956e+01	  -4.8889429e+01	  -1.8000000e+02	  -1.8015848e+02	
   3.9400000e+00	  -4.8462981e+01	  -4.8916394e+01	  -1.8000000e+02	  -1.7986196e+02	
   3.9500000e+00	  -4.8736681e+01	  -4.8912380e+01	  -1.2041016e+01	  -1.1429162e+02	
   3.9600000e+00	  -4.9489357e+01	  -4.8905310e+01	  -1.2238770e+01	  -7.2003882e+00	
   3.9700000e+00	  -4.9391607e+01	  -4.8930615e+01	   1.7703369e+02	   8.0029435e+01	
   3.9800000e+00	  -4.8863756e+01	  -4.8975240e+01	   1.7630859e+02	   1.7460251e+02	
   3.9900000e+00	  -4.8853981e+01	  -4.9005309e+01	   1.7637451e+02	   1.9610156e+02	
   4.0000000e+00	  -4.9587107e+01	  -4.9027357e+01	   1.7822021e+02	   1.7012831e+02	
   4.0100000e+00	  -4.9274306e+01	  -4.9065458e+01	   1.7068359e+02	   1.7403731e+02	
   4.0200000e+00	  -4.9508907e+01	  -4.9117666e+01	   1.6639893e+02	   1.7082564e+02	
   4.0300000e+00	  -4.9186331e+01	  -4.9171389e+01	   1.6092773e+02	   1.6280309e+02	
   4.0400000e+00	  -4.9225431e+01	  -4.9214308e+01	   1.5982910e+02	   1.6000771e+02	
   4.0500000e+00	  -4.8961506e+01	  -4.9236643e+01	   1.5591797e+02	   1.5808011e+02	
   4.0600000e+00	  -4.8834431e+01	  -4.9231613e+01	   1.5321533e+02	   1.5479109e+02	
   4.0700000e+00	  -4.8902856e+01	  -4.9200406e+01	   1.4994141e+02	   1.5145688e+02	
   4.0800000e+00	  -4.8590056e+01	  -4.9148832e+01	   1.4923828e+02	   1.4943780e+02	
   4.0900000e+00	  -4.9059256e+01	  -4.9086572e+01	   1.4510742e+02	   1.4738872e+02	
   4.1000000e+00	  -4.9655532e+01	  -4.9046999e+01	   1.3825195e+02	   1.4235023e+02	
   4.1100000e+00	  -4.8834431e+01	  -4.9042038e+01	   1.4143799e+02	   1.3887801e+02	
   4.1200000e+00	  -4.9391607e+01	  -4.9049860e+01	   1.3519775e+02	   1.3851650e+02	
   4.1300000e+00	  -4.9147231e+01	  -4.9066232e+01	   1.3306641e+02	   1.3485869e+02	
   4.1400000e+00	  -4.9313406e+01	  -4.9091484e+01	   1.2651855e+02	   1.2960856e+02	
   4.1500000e+00	  -4.9244981e+01	  -4.9120796e+01	   1.2471680e+02	   1.2560090e+02	
   4.1600000e+00	  -4.9420932e+01	  -4.9154480e+01	   1.1922363e+02	   1.2198763e+02	
   4.1700000e+00	  -4.9088581e+01	  -4.9187279e+01	   1.1729004e+02	   1.1834648e+02	
   4.1800000e+00	  -4.9117906e+01	  -4.9207650e+01	   1.1109375e+02	   1.1431165e+02	
   4.1900000e+00	  -4.8668256e+01	  -4.9203886e+01	   1.1210449e+02	   1.1130482e+02	
   4.2000000e+00	  -5.0026982e+01	  -4.9194761e+01	   1.0696289e+02	   1.0956017e+02	
   4.2100000e+00	  -4.8394556e+01	  -4.9195692e+01	   1.0571045e+02	   1.0667488e+02	
   4.2200000e+00	  -4.8531406e+01	  -4.9167464e+01	   1.0272217e+02	   1.0392094e+02	
   4.2300000e+00	  -4.9157006e+01	  -4.9108079e+01	   9.5603027e+01	   9.9888635e+01	
   4.2400000e+00	  -4.8795331e+01	  -4.9054095e+01	   9.5932617e+01	   9.5305555e+01	
   4.2500000e+00	  -4.9010381e+01	  -4.9010267e+01	   9.2307129e+01	   9.3841920e+01	
   4.2600000e+00	  -4.8697581e+01	  -4.8971566e+01	   8.8747559e+01	   9.1178639e+01	
   4.2700000e+00	  -4.8619381e+01	  -4.8929447e+01	   8.7253418e+01	   8.7659929e+01	
   4.2800000e+00	  -4.9049481e+01	  -4.8887733e+01	   8.2331543e+01	   8.4993186e+01	
   4.2900000e+00	  -4.9000606e+01	  -4.8864355e+01	   7.9431152e+01	   8.1095690e+01	
   4.3000000e+00	  -4.8668256e+01	  -4.8854613e+01	   7.7585449e+01	   7.8139663e+01	
   4.3100000e+00	  -4.8981056e+01	  -4.8846351e+01	   7.1499023e+01	   7.5033745e+01	
   4.3200000e+00	  -4.8961506e+01	  -4.8845199e+01	   7.3256836e+01	   7.1962236e+01	
   4.3300000e+00	  -4.8805106e+01	  -4.8851055e+01	   6.6884766e+01	   7.0205765e+01	
   4.3400000e+00	  -4.9733732e+01	  -4.8872911e+01	   6.5302734e+01	   6.6537830e+01	
   4.3500000e+00	  -4.8971281e+01	  -4.8922118e+01	   6.1677246e+01	   6.3086564e+01	
   4.3600000e+00	  -5.0242032e+01	  -4.8998460e+01	   5.6997070e+01	   5.9791949e+01	
   4.3700000e+00	  -4.8961506e+01	  -4.9096085e+01	   5.3986816e+01	   5.5425368e+01	
   4.3800000e+00	  -4.9117906e+01	  -4.9176743e+01	   4.8603516e+01	   5.1389838e+01	
   4.3900000e+00	  -4.9069031e+01	  -4.9219625e+01	   4.9768066e+01	   4.8800476e+01	
   4.4000000e+00	  -4.9157006e+01	  -4.9237777e+01	   4.5373535e+01	   4.7632582e+01	
   4.4100000e+00	  -5.0075857e+01	  -4.9259618e+01	   4.1528320e+01	   4.4082674e+01	
   4.4200000e+00	  -4.8941956e+01	  -4.9297971e+01	   3.7749023e+01	   3.9414902e+01	
   4.4300000e+00	  -4.8550956e+01	  -4.9308888e+01	   3.8100586e+01	   3.7509760e+01	
   4.4400000e+00	  -4.8981056e+01	  -4.9271493e+01	   3.4497070e+01	   3.6513785e+01	
   4.4500000e+00	  -4.8267481e+01	  -4.9201209e+01	   2.9926758e+01	   3.2783565e+01	
   4.4600000e+00	  -4.8736681e+01	  -4.9104877e+01	   2.5642090e+01	   2.7693029e+01	
   4.4700000e+00	  -4.8570506e+01	  -4.9000755e+01	   2.7224121e+01	   2.5781648e+01	
   4.4800000e+00	  -4.8599831e+01	  -4.8903339e+01	   2.0742188e+01	   2.4509617e+01	
   4.4900000e+00	  -4.8775781e+01	  -4.8819425e+01	   1.7622070e+01	   1.9678813e+01	
   4.5000000e+00	  -4.8834431e+01	  -4.8759744e+01	   1.5930176e+01	   1.6072272e+01	
   4.5100000e+00	  -4.8824656e+01	  -4.8726093e+01	   1.3535156e+01	   1.4868467e+01	
   4.5200000e+00	  -4.9450257e+01	  -4.8725190e+01	   1.0788574e+01	   1.2408075e+01	
   4.5300000e+00	  -5.0515733e+01	  -4.8791691e+01	   4.7241211e+00	   8.0928155e+00	
   4.5400000e+00	  -4.9313406e+01	  -4.8927296e+01	   1.2744141e+00	   2.9979010e+00	
   4.5500000e+00	  -4.8853981e+01	  -4.9060203e+01	   9.8876953e-01	   5.4059915e-01	
   4.5600000e+00	  -4.8560731e+01	  -4.9132214e+01	  -8.1298828e-01	   1.6765188e-01	
   4.5700000e+00	  -4.8707356e+01	  -4.9141324e+01	  -1.5380859e+00	  -1.0190797e+00	
   4.5800000e+00	  -4.8541181e+01	  -4.9106022e+01	  -7.6025391e+00	  -4.1533640e+00	
   4.5900000e+00	  -4.8433656e+01	  -4.9039183e+01	  -8.5253906e+00	  -8.1541558e+00	
   4.6000000e+00	  -4.7964455e+01	  -4.8940408e+01	  -1.3447266e+01	  -1.1083644e+01	
   4.6100000e+00	  -4.8355456e+01	  -4.8815933e+01	  -1.7116699e+01	  -1.4867037e+01	
   4.6200000e+00	  -4.8638931e+01	  -4.8696949e+01	  -1.9687500e+01	  -1.8699443e+01	
   4.6300000e+00	  -4.8590056e+01	  -4.8609303e+01	  -2.3994141e+01	  -2.1675832e+01	
   4.6400000e+00	  -4.8159955e+01	  -4.8543889e+01	  -2.5883789e+01	  -2.4941748e+01	
   4.6500000e+00	  -4.8462981e+01	  -4.8485816e+01	  -2.9333496e+01	  -2.7666390e+01	
   4.6600000e+00	  -4.8756231e+01	  -4.8446541e+01	  -3.0981445e+01	  -3.0104418e+01	
   4.6700000e+00	  -4.9303631e+01	  -4.8451334e+01	  -3.4848633e+01	  -3.2823138e+01	
   4.6800000e+00	  -4.9127681e+01	  -4.8508348e+01	  -3.9221191e+01	  -3.6723870e+01	
   4.6900000e+00	  -4.9029931e+01	  -4.8596239e+01	  -4.0319824e+01	  -4.0115655e+01	
   4.7000000e+00	  -4.8560731e+01	  -4.8679987e+01	  -4.4450684e+01	  -4.2286033e+01	
   4.7100000e+00	  -4.8492306e+01	  -4.8732168e+01	  -4.6713867e+01	  -4.5368559e+01	
   4.7200000e+00	  -4.8277256e+01	  -4.8743421e+01	  -5.0515137e+01	  -4.8679943e+01	
   4.7300000e+00	  -4.8795331e+01	  -4.8727913e+01	  -5.3415527e+01	  -5.1848526e+01	
   4.7400000e+00	  -4.8609606e+01	  -4.8709248e+01	  -5.5437012e+01	  -5.4577932e+01	
   4.7500000e+00	  -4.9313406e+01	  -4.8707137e+01	  -5.9677734e+01	  -5.7325615e+01	
   4.7600000e+00	  -4.8990831e+01	  -4.8733874e+01	  -6.2907715e+01	  -6.1149989e+01	
   4.7700000e+00	  -4.9010381e+01	  -4.8778535e+01	  -6.4489746e+01	  -6.4005404e+01	
   4.7800000e+00	  -4.9714182e+01	  -4.8839546e+01	  -7.0004883e+01	  -6.6861865e+01	
   4.7900000e+00	  -4.9157006e+01	  -4.8923613e+01	  -6.9916992e+01	  -7.0148441e+01	
   4.8000000e+00	  -4.9225431e+01	  -4.9008843e+01	  -7.5190430e+01	  -7.2527787e+01	
   4.8100000e+00	  -4.8902856e+01	  -4.9073052e+01	  -7.6816406e+01	  -7.5734268e+01	
   4.8200000e+00	  -5.0232257e+01	  -4.9133737e+01	  -7.9870605e+01	  -7.8614980e+01	
   4.8300000e+00	  -4.8834431e+01	  -4.9206134e+01	  -8.3276367e+01	  -8.1282132e+01	
   4.8400000e+00	  -4.9186331e+01	  -4.9257846e+01	  -8.5605469e+01	  -8.4504729e+01	
   4.8500000e+00	  -4.8736681e+01	  -4.9269169e+01	  -8.8286133e+01	  -8.6996378e+01	
   4.8600000e+00	  -4.8795331e+01	  -4.9243862e+01	  -9.3186035e+01	  -9.0371658e+01	
   4.8700000e+00	  -4.9235206e+01	  -4.9199256e+01	  -9.5471191e+01	  -9.4414813e+01	
   4.8800000e+00	  -4.9127681e+01	  -4.9162542e+01	  -9.6218262e+01	  -9.6258213e+01	
   4.8900000e+00	  -4.8736681e+01	  -4.9130502e+01	  -1.0092041e+02	  -9.8104406e+01	
   4.9000000e+00	  -4.8961506e+01	  -4.9090684e+01	  -1.0450195e+02	  -1.0243540e+02	
   4.9100000e+00	  -4.9303631e+01	  -4.9057125e+01	  -1.0700684e+02	  -1.0609701e+02	
   4.9200000e+00	  -4.9303631e+01	  -4.9048534e+01	  -1.1054443e+02	  -1.0864234e+02	
   4.9300000e+00	  -4.9225431e+01	  -4.9061946e+01	  -1.1335693e+02	  -1.1183443e+02	
   4.9400000e+00	  -4.8951731e+01	  -4.9079755e+01	  -1.1612549e+02	  -1.1482553e+02	
   4.9500000e+00	  -4.9508907e+01	  -4.9097579e+01	  -1.1994873e+02	  -1.1785885e+02	
   4.9600000e+00	  -4.8697581e+01	  -4.9114570e+01	  -1.2078369e+02	  -1.2055478e+02	
   4.9700000e+00	  -4.8687806e+01	  -4.9108066e+01	  -1.2412354e+02	  -1.2242126e+02	
   4.9800000e+00	  -4.8511856e+01	  -4.9066797e+01	  -1.2750732e+02	  -1.2546859e+02	
   4.9900000e+00	  -4.9205881e+01	  -4.9013221e+01	  -1.2981445e+02	  -1.2883529e+02	
   5.0000000e+00	  -4.8834431e+01	  -4.8972938e+01	  -1.3451660e+02	  -1.3196453e+02	
   5.0100000e+00	  -4.8502081e+01	  -4.8936761e+01	  -1.3746094e+02	  -1.3588426e+02	
   5.0200000e+00	  -4.7553905e+01	  -4.8866272e+01	  -1.3946045e+02	  -1.3875010e+02	
   5.0300000e+00	  -4.6263604e+01	  -4.8708766e+01	  -1.4442627e+02	  -1.4158404e+02	
   5.0400000e+00	  -4.4504102e+01	  -4.8401897e+01	  -1.4499756e+02	  -1.4486830e+02	
   5.0500000e+00	  -4.2803250e+01	  -4.7893141e+01	  -1.4985352e+02	  -1.4739049e+02	
   5.0600000e+00	  -4.2021250e+01	  -4.7176415e+01	  -1.5053467e+02	  -1.5010611e+02	
   5.0700000e+00	  -4.0066248e+01	  -4.6279051e+01	  -1.5431396e+02	  -1.5252113e+02	
   5.0800000e+00	  -3.8971447e+01	  -4.5221705e+01	  -1.5354492e+02	  -1.5402050e+02	
   5.0900000e+00	  -3.6703645e+01	  -4.4017912e+01	  -1.5956543e+02	  -1.5622665e+02	
   5.1000000e+00	  -3.6175794e+01	  -4.2693221e+01	  -1.6119141e+02	  -1.6016525e+02	
   5.1100000e+00	  -3.3604967e+01	  -4.1279032e+01	  -1.6409180e+02	  -1.6304150e+02	
   5.1200000e+00	  -3.2334216e+01	  -3.9781664e+01	  -1.6424561e+02	  -1.6417395e+02	
   5.1300000e+00	  -2.9988214e+01	  -3.8201452e+01	  -1.6536621e+02	  -1.6488621e+02	
   5.1400000e+00	  -2.8873863e+01	  -3.6552918e+01	  -1.7134277e+02	  -1.6767736e+02	
   5.1500000e+00	  -2.6469210e+01	  -3.4852829e+01	  -1.6989258e+02	  -1.7105519e+02	
   5.1600000e+00	  -2.4690159e+01	  -3.3101554e+01	  -1.7332031e+02	  -1.7180565e+02	
   5.1700000e+00	  -2.3390083e+01	  -3.1312274e+01	  -1.7525391e+02	  -1.7373886e+02	
   5.1800000e+00	  -2.0457580e+01	  -2.9495515e+01	  -1.7474854e+02	  -1.7553453e+02	
   5.1900000e+00	  -1.9421429e+01	  -2.7642370e+01	  -1.7630859e+02	  -1.7546408e+02	
   5.2000000e+00	  -1.7114527e+01	  -2.5767915e+01	  -1.7846191e+02	  -1.7700440e+02	
   5.2100000e+00	  -1.5159525e+01	  -2.3877641e+01	  -1.7806641e+02	  -1.7859008e+02	
   5.2200000e+00	  -1.3742149e+01	  -2.1975752e+01	  -1.7646240e+02	  -1.7760792e+02	
   5.2300000e+00	  -1.1816472e+01	  -2.0084330e+01	  -1.8000000e+02	  -1.7763456e+02	
   5.2400000e+00	  -1.0135170e+01	  -1.8211986e+01	  -1.7802246e+02	  -1.7918423e+02	
   5.2500000e+00	  -8.2388186e+00	  -1.6357998e+01	  -1.7964844e+02	  -1.7907930e+02	
   5.2600000e+00	  -7.5350180e+00	  -1.4540648e+01	  -1.7991211e+02	  -1.7941653e+02	
   5.2700000e+00	  -5.7266413e+00	  -1.2790118e+01	  -1.8000000e+02	  -1.8018953e+02	
   5.2800000e+00	  -3.4001892e+00	  -1.1089575e+01	  -1.7879150e+02	  -1.7953689e+02	
   5.2900000e+00	  -1.4549624e+00	  -9.3888700e+00	  -1.7872559e+02	  -1.7868944e+02	
   5.3000000e+00	  -2.3308626e-01	  -7.6752894e+00	  -1.8000000e+02	  -1.7910460e+02	
   5.3100000e+00	  -2.1353624e-01	  -6.0025707e+00	  -1.7995605e+02	  -1.8007158e+02	
   5.3200000e+00	   1.5361904e+00	  -4.4299690e+00	  -1.8000000e+02	  -1.8011449e+02	
   5.3300000e+00	   2.6016663e+00	  -2.9558383e+00	  -1.8000000e+02	  -1.7992648e+02	
   5.3400000e+00	   3.1001918e+00	  -1.5753350e+00	  -1.7683594e+02	  -1.7876654e+02	
   5.3500000e+00	   5.6514692e+00	  -2.7311965e-01	  -1.7837402e+02	  -1.7735747e+02	
   5.3600000e+00	   5.6221441e+00	   9.8617371e-01	  -1.7945068e+02	  -1.7849223e+02	
   5.3700000e+00	   6.5605450e+00	   2.1856822e+00	  -1.7751709e+02	  -1.7903672e+02	
   5.3800000e+00	   6.5800950e+00	   3.2879831e+00	  -1.7525391e+02	  -1.7663562e+02	
   5.3900000e+00	   7.7921961e+00	   4.2833626e+00	  -1.7800049e+02	  -1.7596309e+02	
   5.4000000e+00	   8.5839719e+00	   5.1951860e+00	  -1.7345215e+02	  -1.7616586e+02	
   5.4100000e+00	   9.1509224e+00	   6.0477030e+00	  -1.7569336e+02	  -1.7461467e+02	
   5.4200000e+00	   1.1252549e+01	   6.8745799e+00	  -1.7652832e+02	  -1.7544913e+02	
   5.4300000e+00	   1.0245723e+01	   7.6941679e+00	  -1.7494629e+02	  -1.7635598e+02	
   5.4400000e+00	   1.1545800e+01	   8.4711176e+00	  -1.7452881e+02	  -1.7478264e+02	
   5.4500000e+00	   1.4703128e+01	   9.2537152e+00	  -1.7263916e+02	  -1.7350111e+02	
   5.4600000e+00	   1.3911352e+01	   1.0114094e+01	  -1.7090332e+02	  -1.7196111e+02	
   5.4700000e+00	   1.4810653e+01	   1.1004909e+01	  -1.6844238e+02	  -1.6971999e+02	
   5.4800000e+00	   1.5827254e+01	   1.1884319e+01	  -1.6951904e+02	  -1.6866564e+02	
   5.4900000e+00	   1.4908403e+01	   1.2726209e+01	  -1.6817871e+02	  -1.6884920e+02	
   5.5000000e+00	   1.7596530e+01	   1.3513900e+01	  -1.6653076e+02	  -1.6771522e+02	
   5.5100000e+00	   1.6267129e+01	   1.4266373e+01	  -1.6872803e+02	  -1.6714386e+02	
   5.5200000e+00	   1.9033456e+01	   1.4991956e+01	  -1.6521240e+02	  -1.6727609e+02	
   5.5300000e+00	   2.0460608e+01	   1.5755083e+01	  -1.5987305e+02	  -1.6335791e+02	
   5.5400000e+00	   1.9541757e+01	   1.6575411e+01	  -1.6239990e+02	  -1.6021399e+02	
   5.5500000e+00	   2.0626783e+01	   1.7380071e+01	  -1.6387207e+02	  -1.6260733e+02	
   5.5600000e+00	   2.1086208e+01	   1.8144396e+01	  -1.5791748e+02	  -1.6214938e+02	
   5.5700000e+00	   2.1907309e+01	   1.8878187e+01	  -1.6007080e+02	  -1.5860825e+02	
   5.5800000e+00	   2.2288534e+01	   1.9583311e+01	  -1.5470947e+02	  -1.5726348e+02	
   5.5900000e+00	   2.2728410e+01	   2.0254041e+01	  -1.5345703e+02	  -1.5461021e+02	
   5.6000000e+00	   2.3539736e+01	   2.0890449e+01	  -1.5328125e+02	  -1.5270687e+02	
   5.6100000e+00	   2.4888687e+01	   2.1522234e+01	  -1.4908447e+02	  -1.5165971e+02	
   5.6200000e+00	   2.4566112e+01	   2.2164299e+01	  -1.5130371e+02	  -1.4993435e+02	
   5.6300000e+00	   2.5025537e+01	   2.2784740e+01	  -1.4908447e+02	  -1.5000308e+02	
   5.6400000e+00	   2.6227863e+01	   2.3377592e+01	  -1.4460205e+02	  -1.4769294e+02	
   5.6500000e+00	   2.6785039e+01	   2.3973833e+01	  -1.4433838e+02	  -1.4405322e+02	
   5.6600000e+00	   2.6628638e+01	   2.4567737e+01	  -1.4102051e+02	  -1.4259166e+02	
   5.6700000e+00	   2.8749815e+01	   2.5159938e+01	  -1.4113037e+02	  -1.4118747e+02	
   5.6800000e+00	   2.8280615e+01	   2.5776111e+01	  -1.4047119e+02	  -1.4052218e+02	
   5.6900000e+00	   3.0001017e+01	   2.6416465e+01	  -1.3680176e+02	  -1.3913407e+02	
   5.7000000e+00	   2.9610016e+01	   2.7072712e+01	  -1.3647217e+02	  -1.3651839e+02	
   5.7100000e+00	   2.9551366e+01	   2.7704102e+01	  -1.3240723e+02	  -1.3447207e+02	
   5.7200000e+00	   3.0196517e+01	   2.8271577e+01	  -1.3209961e+02	  -1.3230956e+02	
   5.7300000e+00	   3.1506368e+01	   2.8803515e+01	  -1.2777100e+02	  -1.2998390e+02	
   5.7400000e+00	   3.0890542e+01	   2.9323129e+01	  -1.2669434e+02	  -1.2733715e+02	
   5.7500000e+00	   3.0323592e+01	   2.9783282e+01	  -1.2317871e+02	  -1.2485820e+02	
   5.7600000e+00	   3.3148570e+01	   3.0189928e+01	  -1.2087158e+02	  -1.2221674e+02	
   5.7700000e+00	   3.3764395e+01	   3.0644042e+01	  -1.1909180e+02	  -1.1980024e+02	
   5.7800000e+00	   3.2923744e+01	   3.1156706e+01	  -1.1744385e+02	  -1.1826969e+02	
   5.7900000e+00	   3.3236545e+01	   3.1650622e+01	  -1.1515869e+02	  -1.1642790e+02	
   5.8000000e+00	   3.3666645e+01	   3.2097154e+01	  -1.1395020e+02	  -1.1450184e+02	
   5.8100000e+00	   3.5905122e+01	   3.2545939e+01	  -1.1107178e+02	  -1.1260767e+02	
   5.8200000e+00	   3.3510245e+01	   3.3010569e+01	  -1.1115967e+02	  -1.1099338e+02	
   5.8300000e+00	   3.3852370e+01	   3.3403669e+01	  -1.0788574e+02	  -1.0962197e+02	
   5.8400000e+00	   3.5484797e+01	   3.3717744e+01	  -1.0529297e+02	  -1.0690219e+02	
   5.8500000e+00	   3.5308846e+01	   3.4024812e+01	  -1.0360107e+02	  -1.0420318e+02	
   5.8600000e+00	   3.6296122e+01	   3.4348262e+01	  -1.0415039e+02	  -1.0360924e+02	
   5.8700000e+00	   3.8534599e+01	   3.4737315e+01	  -9.8723145e+01	  -1.0200118e+02	
   5.8800000e+00	   3.6970598e+01	   3.5215516e+01	  -9.5625000e+01	  -9.7466507e+01	
   5.8900000e+00	   3.7860124e+01	   3.5712479e+01	  -9.3867188e+01	  -9.4220476e+01	
   5.9000000e+00	   3.7869899e+01	   3.6186066e+01	  -9.1120605e+01	  -9.2644894e+01	
   5.9100000e+00	   3.7029248e+01	   3.6607990e+01	  -8.9978027e+01	  -9.0578040e+01	
   5.9200000e+00	   3.7244298e+01	   3.6933635e+01	  -8.6484375e+01	  -8.8314032e+01	
   5.9300000e+00	   3.8466174e+01	   3.7187665e+01	  -8.4089355e+01	  -8.5436597e+01	
   5.9400000e+00	   3.7987199e+01	   3.7419136e+01	  -8.3540039e+01	  -8.3486544e+01	
   5.9500000e+00	   3.9795576e+01	   3.7659162e+01	  -7.9870605e+01	  -8.1967418e+01	
   5.9600000e+00	   3.9502325e+01	   3.7942521e+01	  -7.7958984e+01	  -7.9075613e+01	
   5.9700000e+00	   3.9590300e+01	   3.8257215e+01	  -7.5563965e+01	  -7.6572274e+01	
   5.9800000e+00	   4.0108376e+01	   3.8574773e+01	  -7.2729492e+01	  -7.4331757e+01	
   5.9900000e+00	   3.9502325e+01	   3.8879063e+01	  -6.9807129e+01	  -7.1350540e+01	
   6.0000000e+00	   4.0479826e+01	   3.9156092e+01	  -6.9455566e+01	  -6.9356849e+01	
   6.0100000e+00	   3.9815126e+01	   3.9407124e+01	  -6.6071777e+01	  -6.7934361e+01	
   6.0200000e+00	   3.8935375e+01	   3.9596581e+01	  -6.4028320e+01	  -6.5264753e+01	
   6.0300000e+00	   4.0274551e+01	   3.9709536e+01	  -6.0798340e+01	  -6.2342231e+01	
   6.0400000e+00	   3.9912876e+01	   3.9793211e+01	  -5.9567871e+01	  -6.0135716e+01	
   6.0500000e+00	   4.2092703e+01	   3.9907531e+01	  -5.5634766e+01	  -5.7757135e+01	
   6.0600000e+00	   4.1994953e+01	   4.0110651e+01	  -5.1965332e+01	  -5.4072319e+01	
   6.0700000e+00	   4.2014503e+01	   4.0394651e+01	  -4.9328613e+01	  -5.0456755e+01	
   6.0800000e+00	   4.2161128e+01	   4.0709475e+01	  -4.8537598e+01	  -4.8705132e+01	
   6.0900000e+00	   4.1946078e+01	   4.1020740e+01	  -4.4121094e+01	  -4.6681105e+01	
   6.1000000e+00	   4.2913804e+01	   4.1318461e+01	  -4.3571777e+01	  -4.3790842e+01	
   6.1100000e+00	   4.1740802e+01	   4.1594571e+01	  -4.2121582e+01	  -4.2529426e+01	
   6.1200000e+00	   4.0861052e+01	   4.1789291e+01	  -3.8847656e+01	  -4.0930314e+01	
   6.1300000e+00	   4.2816053e+01	   4.1896538e+01	  -3.5244141e+01	  -3.7228128e+01	
   6.1400000e+00	   4.1496427e+01	   4.1973423e+01	  -3.3530273e+01	  -3.4137048e+01	
   6.1500000e+00	   4.2131803e+01	   4.2023678e+01	  -3.0849609e+01	  -3.2203613e+01	
   6.1600000e+00	   4.3490529e+01	   4.2079122e+01	  -2.8630371e+01	  -2.9886108e+01	
   6.1700000e+00	   4.4204105e+01	   4.2215108e+01	  -2.5839844e+01	  -2.7243079e+01	
   6.1800000e+00	   4.3627379e+01	   4.2436192e+01	  -2.3269043e+01	  -2.4614975e+01	
   6.1900000e+00	   4.4360505e+01	   4.2699983e+01	  -1.9665527e+01	  -2.1589367e+01	
   6.2000000e+00	   4.2747628e+01	   4.2955446e+01	  -1.9379883e+01	  -1.9283838e+01	
   6.2100000e+00	   4.4331180e+01	   4.3166787e+01	  -1.5336914e+01	  -1.7512347e+01	
   6.2200000e+00	   4.3480754e+01	   4.3346989e+01	  -9.2944336e+00	  -1.2977682e+01	
   6.2300000e+00	   4.3588279e+01	   4.3492546e+01	  -7.6025391e+00	  -8.0267159e+00	
   6.2400000e+00	   4.3774004e+01	   4.3595161e+01	  -5.4272461e+00	  -6.2040856e+00	
   6.2500000e+00	   4.4702630e+01	   4.3690260e+01	  -3.8452148e+00	  -4.8633301e+00	
   6.2600000e+00	   4.5054530e+01	   4.3820996e+01	   2.4169922e-01	  -2.0268392e+00	
   6.2700000e+00	   4.2561903e+01	   4.3946811e+01	   8.7890625e-02	   4.2008474e-01	
   6.2800000e+00	   4.3402554e+01	   4.3983191e+01	   2.7905273e+00	   1.4970624e+00	
   6.2900000e+00	   4.4624430e+01	   4.3967535e+01	   6.6357422e+00	   4.1797997e+00	
   6.3000000e+00	   4.4614655e+01	   4.3985529e+01	   1.1909180e+01	   9.1084291e+00	
   6.3100000e+00	   4.3852204e+01	   4.4032494e+01	   1.2062988e+01	   1.2454174e+01	
   6.3200000e+00	   4.4409380e+01	   4.4074633e+01	   1.6853027e+01	   1.4311306e+01	
   6.3300000e+00	   4.5543281e+01	   4.4140134e+01	   1.8171387e+01	   1.7295035e+01	
   6.3400000e+00	   4.4399605e+01	   4.4249121e+01	   2.2565918e+01	   2.0454903e+01	
   6.3500000e+00	   4.4252980e+01	   4.4351133e+01	   2.4785156e+01	   2.3526847e+01	
   6.3600000e+00	   4.5230481e+01	   4.4431250e+01	   2.8388672e+01	   2.6639785e+01	
   6.3700000e+00	   4.4771055e+01	   4.4517979e+01	   2.8894043e+01	   2.8774540e+01	
   6.3800000e+00	   4.6071131e+01	   4.4629271e+01	   3.2739258e+01	   3.0686622e+01	
   6.3900000e+00	   4.4272530e+01	   4.4754245e+01	   3.6320801e+01	   3.4170933e+01	
   6.4000000e+00	   4.4986105e+01	   4.4846153e+01	   3.8825684e+01	   3.7797161e+01	
   6.4100000e+00	   4.3989054e+01	   4.4881986e+01	   4.0759277e+01	   3.9893658e+01	
   6.4200000e+00	   4.6041806e+01	   4.4894486e+01	   4.6955566e+01	   4.3327321e+01	
   6.4300000e+00	   4.5181606e+01	   4.4936169e+01	   4.3703613e+01	   4.5981700e+01	
   6.4400000e+00	   4.6100456e+01	   4.5018348e+01	   4.9086914e+01	   4.6314766e+01	
   6.4500000e+00	   4.5396656e+01	   4.5125395e+01	   5.2844238e+01	   5.0083046e+01	
   6.4600000e+00	   4.5621481e+01	   4.5234491e+01	   5.4865723e+01	   5.4463852e+01	
   6.4700000e+00	   4.5631256e+01	   4.5331230e+01	   5.7854004e+01	   5.6329090e+01	
   6.4800000e+00	   4.7596033e+01	   4.5456638e+01	   6.2358398e+01	   5.9674656e+01	
   6.4900000e+00	   4.7449408e+01	   4.5666530e+01	   6.6027832e+01	   6.4203998e+01	
   6.5000000e+00	   4.4986105e+01	   4.5897842e+01	   6.7873535e+01	   6.7232149e+01	
   6.5100000e+00	   4.5533506e+01	   4.6033417e+01	   7.1477051e+01	   6.9516993e+01	
   6.5200000e+00	   4.5875631e+01	   4.6076086e+01	   7.2641602e+01	   7.2078110e+01	
   6.5300000e+00	   4.5122956e+01	   4.6065361e+01	   7.7189941e+01	   7.4785872e+01	
   6.5400000e+00	   4.5523731e+01	   4.6005941e+01	   8.0266113e+01	   7.8503176e+01	
   6.5500000e+00	   4.5826756e+01	   4.5927131e+01	   8.2946777e+01	   8.1835908e+01	
   6.5600000e+00	   4.7253908e+01	   4.5891099e+01	   8.9912109e+01	   8.5904145e+01	
   6.5700000e+00	   4.6501232e+01	   4.5933691e+01	   9.0307617e+01	   9.0403602e+01	
   6.5800000e+00	   4.5465081e+01	   4.6000907e+01	   9.2285156e+01	   9.1753523e+01	
   6.5900000e+00	   4.5699681e+01	   4.6026492e+01	   9.6833496e+01	   9.3856094e+01	
   6.6000000e+00	   4.4751505e+01	   4.5992893e+01	   9.6503906e+01	   9.7019558e+01	
   6.6100000e+00	   4.5885406e+01	   4.5913434e+01	   1.0118408e+02	   9.8792343e+01	
   6.6200000e+00	   4.6325282e+01	   4.5846283e+01	   1.0371094e+02	   1.0204070e+02	
   6.6300000e+00	   4.6618532e+01	   4.5838751e+01	   1.0672119e+02	   1.0548044e+02	
   6.6400000e+00	   4.6051581e+01	   4.5879287e+01	   1.0929199e+02	   1.0792422e+02	
   6.6500000e+00	   4.7117057e+01	   4.5951910e+01	   1.1322510e+02	   1.1107690e+02	
   6.6600000e+00	   4.5758331e+01	   4.6043401e+01	   1.1586182e+02	   1.1454959e+02	
   6.6700000e+00	   4.6657632e+01	   4.6124528e+01	   1.1852051e+02	   1.1729228e+02	
   6.6800000e+00	   4.5807206e+01	   4.6184244e+01	   1.2418945e+02	   1.2092996e+02	
   6.6900000e+00	   4.6403482e+01	   4.6221309e+01	   1.2904541e+02	   1.2642635e+02	
   6.7000000e+00	   4.6970432e+01	   4.6259126e+01	   1.3007813e+02	   1.3010619e+02	
   6.7100000e+00	   4.6970432e+01	   4.6329136e+01	   1.3214355e+02	   1.3118697e+02	
   6.7200000e+00	   4.6090681e+01	   4.6407886e+01	   1.3462646e+02	   1.3305936e+02	
   6.7300000e+00	   4.6745607e+01	   4.6463731e+01	   1.4145996e+02	   1.3758160e+02	
   6.7400000e+00	   4.7664458e+01	   4.6527493e+01	   1.4233887e+02	   1.4220785e+02	
   6.7500000e+00	   4.7009532e+01	   4.6628116e+01	   1.4438232e+02	   1.4377456e+02	
   6.7600000e+00	   4.7087732e+01	   4.6738015e+01	   1.4592041e+02	   1.4483494e+02	
   6.7700000e+00	   4.7596033e+01	   4.6845230e+01	   1.4897461e+02	   1.4733502e+02	
   6.7800000e+00	   4.7029082e+01	   4.6952713e+01	   1.5057861e+02	   1.4982358e+02	
   6.7900000e+00	   4.7214807e+01	   4.7042899e+01	   1.5479736e+02	   1.5251601e+02	
   6.8000000e+00	   4.8114108e+01	   4.7128880e+01	   1.6143311e+02	   1.5756019e+02	
   6.8100000e+00	   4.6550107e+01	   4.7213700e+01	   1.6336670e+02	   1.6277024e+02	
   6.8200000e+00	   4.8280283e+01	   4.7280949e+01	   1.6611328e+02	   1.6504226e+02	
   6.8300000e+00	   4.6569657e+01	   4.7335256e+01	   1.6980469e+02	   1.6753341e+02	
   6.8400000e+00	   4.7302783e+01	   4.7357662e+01	   1.7446289e+02	   1.7195488e+02	
   6.8500000e+00	   4.6794482e+01	   4.7342691e+01	   1.7997803e+02	   1.7708192e+02	
   6.8600000e+00	   4.6501232e+01	   4.7293369e+01	   1.7709961e+02	   1.7933458e+02	
   6.8700000e+00	   4.7478733e+01	   4.7223622e+01	   1.7455078e+02	   1.7640617e+02	
   6.8800000e+00	   4.7410308e+01	   4.7178378e+01	   1.7635254e+02	   1.7463096e+02	
   6.8900000e+00	   4.7820858e+01	   4.7177611e+01	  -1.1337891e+01	   1.0282314e+02	
   6.9000000e+00	   4.8544209e+01	   4.7235076e+01	  -1.8000000e+02	  -8.2492676e+01	
   6.9100000e+00	   4.7410308e+01	   4.7339799e+01	  -1.8000000e+02	  -2.0540932e+02	
   6.9200000e+00	   4.7498283e+01	   4.7437166e+01	  -1.8000000e+02	  -1.8970403e+02	
   6.9300000e+00	   4.7654683e+01	   4.7505897e+01	  -1.8000000e+02	  -1.7143855e+02	
   6.9400000e+00	   4.7390758e+01	   4.7553489e+01	  -1.7720947e+02	  -1.8017146e+02	
   6.9500000e+00	   4.7537383e+01	   4.7579184e+01	  -1.7538574e+02	  -1.7762332e+02	
   6.9600000e+00	   4.6696732e+01	   4.7572478e+01	  -1.7176025e+02	  -1.7291669e+02	
   6.9700000e+00	   4.8202083e+01	   4.7544941e+01	  -1.6657471e+02	  -1.6957433e+02	
   6.9800000e+00	   4.7830633e+01	   4.7542378e+01	  -1.6541016e+02	  -1.6579796e+02	
   6.9900000e+00	   4.8505109e+01	   4.7584896e+01	  -1.6053223e+02	  -1.6299826e+02	
   7.0000000e+00	   4.6638082e+01	   4.7635048e+01	  -1.5993896e+02	  -1.6026659e+02	
   7.0100000e+00	   4.7508058e+01	   4.7642091e+01	  -1.5470947e+02	  -1.5740452e+02	
   7.0200000e+00	   4.9404409e+01	   4.7656454e+01	  -1.5038086e+02	  -1.5297796e+02	
   7.0300000e+00	   4.8280283e+01	   4.7745423e+01	  -1.5150146e+02	  -1.5017829e+02	
   7.0400000e+00	   4.6383932e+01	   4.7829942e+01	  -1.4743652e+02	  -1.4967200e+02	
   7.0500000e+00	   4.7928383e+01	   4.7837089e+01	  -1.4255859e+02	  -1.4575542e+02	
   7.0600000e+00	   4.7644908e+01	   4.7812295e+01	  -1.3840576e+02	  -1.4026812e+02	
   7.0700000e+00	   4.7820858e+01	   4.7792174e+01	  -1.3565918e+02	  -1.3682871e+02	
   7.0800000e+00	   4.9072059e+01	   4.7803168e+01	  -1.3264893e+02	  -1.3422132e+02	
   7.0900000e+00	   4.7674233e+01	   4.7858952e+01	  -1.3168213e+02	  -1.3204909e+02	
   7.1000000e+00	   4.8475784e+01	   4.7924061e+01	  -1.2687012e+02	  -1.2954454e+02	
   7.1100000e+00	   4.8114108e+01	   4.7986779e+01	  -1.2511230e+02	  -1.2606294e+02	
   7.1200000e+00	   4.7019307e+01	   4.8022508e+01	  -1.2346436e+02	  -1.2393611e+02	
   7.1300000e+00	   4.7732883e+01	   4.8001151e+01	  -1.1709229e+02	  -1.2093247e+02	
   7.1400000e+00	   4.8221633e+01	   4.7961388e+01	  -1.1597168e+02	  -1.1638819e+02	
   7.1500000e+00	   4.8446459e+01	   4.7951491e+01	  -1.1366455e+02	  -1.1438204e+02	
   7.1600000e+00	   4.6041806e+01	   4.7932098e+01	  -1.0973145e+02	  -1.1222979e+02	
   7.1700000e+00	   4.7185482e+01	   4.7839068e+01	  -1.0927002e+02	  -1.0925617e+02	
   7.1800000e+00	   4.9248009e+01	   4.7745353e+01	  -1.0362305e+02	  -1.0666628e+02	
   7.1900000e+00	   4.8192308e+01	   4.7743337e+01	  -1.0105225e+02	  -1.0259925e+02	
   7.2000000e+00	   4.6667407e+01	   4.7768689e+01	  -9.8393555e+01	  -9.9346875e+01	
   7.2100000e+00	   4.8211858e+01	   4.7758121e+01	  -9.7250977e+01	  -9.7811045e+01	
   7.2200000e+00	   4.7371208e+01	   4.7739893e+01	  -9.2922363e+01	  -9.5386797e+01	
   7.2300000e+00	   4.8641959e+01	   4.7740989e+01	  -9.0351563e+01	  -9.1742302e+01	
   7.2400000e+00	   4.7390758e+01	   4.7763420e+01	  -8.7143555e+01	  -8.8602306e+01	
   7.2500000e+00	   4.7899058e+01	   4.7783206e+01	  -8.4968262e+01	  -8.6108137e+01	
   7.2600000e+00	   4.6950882e+01	   4.7775952e+01	  -8.2375488e+01	  -8.3672068e+01	
   7.2700000e+00	   4.7771983e+01	   4.7740551e+01	  -7.9079590e+01	  -8.0890297e+01	
   7.2800000e+00	   4.7439633e+01	   4.7697207e+01	  -7.4948730e+01	  -7.7184454e+01	
   7.2900000e+00	   4.7312558e+01	   4.7652839e+01	  -7.1257324e+01	  -7.3131091e+01	
   7.3000000e+00	   4.8876559e+01	   4.7631010e+01	  -6.9016113e+01	  -6.9971804e+01	
   7.3100000e+00	   4.8026133e+01	   4.7668579e+01	  -6.7148438e+01	  -6.8003360e+01	
   7.3200000e+00	   4.7302783e+01	   4.7723950e+01	  -6.4379883e+01	  -6.5927115e+01	
   7.3300000e+00	   4.7938158e+01	   4.7752916e+01	  -6.0205078e+01	  -6.2548289e+01	
   7.3400000e+00	   4.7439633e+01	   4.7763602e+01	  -5.8447266e+01	  -5.9164589e+01	
   7.3500000e+00	   4.7908833e+01	   4.7763865e+01	  -5.2976074e+01	  -5.5925972e+01	
   7.3600000e+00	   4.8935209e+01	   4.7786870e+01	  -5.1306152e+01	  -5.2161770e+01	
   7.3700000e+00	   4.8241183e+01	   4.7859322e+01	  -4.7131348e+01	  -4.9105094e+01	
   7.3800000e+00	   4.9326209e+01	   4.7972195e+01	  -4.5109863e+01	  -4.6259630e+01	
   7.3900000e+00	   4.7420083e+01	   4.8093287e+01	  -4.3461914e+01	  -4.4048842e+01	
   7.4000000e+00	   4.8299833e+01	   4.8172818e+01	  -4.0847168e+01	  -4.2318849e+01	
   7.4100000e+00	   4.7967483e+01	   4.8209686e+01	  -3.8298340e+01	  -3.9702199e+01	
   7.4200000e+00	   4.9961585e+01	   4.8260598e+01	  -3.3662109e+01	  -3.6175421e+01	
   7.4300000e+00	   4.8143433e+01	   4.8353333e+01	  -3.0805664e+01	  -3.2247121e+01	
   7.4400000e+00	   4.8866784e+01	   4.8446989e+01	  -2.7312012e+01	  -2.8972162e+01	
   7.4500000e+00	   4.7449408e+01	   4.8497786e+01	  -2.6103516e+01	  -2.6626432e+01	
   7.4600000e+00	   4.8505109e+01	   4.8495812e+01	  -2.2478027e+01	  -2.4402702e+01	
   7.4700000e+00	   4.7977258e+01	   4.8463491e+01	  -2.0610352e+01	  -2.1642379e+01	
   7.4800000e+00	   4.8397584e+01	   4.8422743e+01	  -1.6677246e+01	  -1.8678111e+01	
   7.4900000e+00	   4.8700609e+01	   4.8392232e+01	  -1.4458008e+01	  -1.5636318e+01	
   7.5000000e+00	   4.8857009e+01	   4.8394492e+01	  -1.0107422e+01	  -1.2362155e+01	
   7.5100000e+00	   4.7048632e+01	   4.8393638e+01	  -8.6791992e+00	  -9.3352168e+00	
   7.5200000e+00	   4.8573534e+01	   4.8351985e+01	  -2.7026367e+00	  -5.9356741e+00	
   7.5300000e+00	   4.7517833e+01	   4.8291241e+01	   9.4482422e-01	  -1.1206383e+00	
   7.5400000e+00	   4.6892232e+01	   4.8198790e+01	  -4.3945313e-01	   1.0862796e+00	
   7.5500000e+00	   4.8348709e+01	   4.8076351e+01	   1.7138672e+00	   5.1452211e-01	
   7.5600000e+00	   4.6882457e+01	   4.7961006e+01	   5.5371094e+00	   2.9334497e+00	
   7.5700000e+00	   4.8563759e+01	   4.7863599e+01	   8.7011719e+00	   7.2247738e+00	
   7.5800000e+00	   4.8192308e+01	   4.7816147e+01	   1.3315430e+01	   1.0943665e+01	
   7.5900000e+00	   4.8094558e+01	   4.7821429e+01	   1.7687988e+01	   1.5289922e+01	
   7.6000000e+00	   4.7996808e+01	   4.7846758e+01	   1.7907715e+01	   1.8269632e+01	
   7.6100000e+00	   4.8221633e+01	   4.7881535e+01	   2.0412598e+01	   1.9180845e+01	
   7.6200000e+00	   4.7009532e+01	   4.7902302e+01	   2.4411621e+01	   2.1872101e+01	
   7.6300000e+00	   4.8241183e+01	   4.7892981e+01	   2.8168945e+01	   2.6279726e+01	
   7.6400000e+00	   4.6716282e+01	   4.7859614e+01	   2.9069824e+01	   2.8982255e+01	
   7.6500000e+00	   4.7938158e+01	   4.7801531e+01	   3.3903809e+01	   3.1187693e+01	
   7.6600000e+00	   4.7498283e+01	   4.7741881e+01	   3.5639648e+01	   3.4658790e+01	
   7.6700000e+00	   4.8280283e+01	   4.7708595e+01	   3.8693848e+01	   3.7389786e+01	
   7.6800000e+00	   4.6882457e+01	   4.7689395e+01	   4.2583008e+01	   4.0292612e+01	
   7.6900000e+00	   4.6882457e+01	   4.7640329e+01	   4.7680664e+01	   4.4919214e+01	
   7.7000000e+00	   4.8573534e+01	   4.7581941e+01	   4.6779785e+01	   4.7800351e+01	
   7.7100000e+00	   4.7684008e+01	   4.7572325e+01	   5.4162598e+01	   5.0008692e+01	
   7.7200000e+00	   4.7029082e+01	   4.7579841e+01	   5.3745117e+01	   5.3890874e+01	
   7.7300000e+00	   4.7644908e+01	   4.7565938e+01	   5.7041016e+01	   5.5876085e+01	
   7.7400000e+00	   4.7830633e+01	   4.7554727e+01	   5.9414063e+01	   5.7727192e+01	
   7.7500000e+00	   4.7205032e+01	   4.7553407e+01	   6.4489746e+01	   6.1787837e+01	
   7.7600000e+00	   4.6188432e+01	   4.7516722e+01	   6.6752930e+01	   6.5711758e+01	
   7.7700000e+00	   4.8026133e+01	   4.7443812e+01	   6.7631836e+01	   6.7568197e+01	
   7.7800000e+00	   4.7361433e+01	   4.7393574e+01	   7.3322754e+01	   6.9914446e+01	
   7.7900000e+00	   4.7752433e+01	   4.7379974e+01	   7.8134766e+01	   7.5365102e+01	
   7.8000000e+00	   4.8153208e+01	   4.7401369e+01	   7.8552246e+01	   7.9048163e+01	
   7.8100000e+00	   4.7605808e+01	   4.7456446e+01	   8.6440430e+01	   8.1916638e+01	
   7.8200000e+00	   4.8397584e+01	   4.7530663e+01	   8.7561035e+01	   8.6911221e+01	
   7.8300000e+00	   4.7987033e+01	   4.7623759e+01	   9.0021973e+01	   8.9430941e+01	
   7.8400000e+00	   4.8397584e+01	   4.7729139e+01	   9.1647949e+01	   9.0522759e+01	
   7.8500000e+00	   4.8348709e+01	   4.7841197e+01	   9.5009766e+01	   9.3177159e+01	
   7.8600000e+00	   4.8984084e+01	   4.7967577e+01	   9.9755859e+01	   9.7107308e+01	
   7.8700000e+00	   4.8182533e+01	   4.8101433e+01	   1.0032715e+02	   1.0038903e+02	
   7.8800000e+00	   4.7380983e+01	   4.8193796e+01	   1.0454590e+02	   1.0236216e+02	
   7.8900000e+00	   4.7732883e+01	   4.8210903e+01	   1.1140137e+02	   1.0719867e+02	
   7.9000000e+00	   4.7811083e+01	   4.8177976e+01	   1.1045654e+02	   1.1167186e+02	
   7.9100000e+00	   4.7234357e+01	   4.8114232e+01	   1.1135742e+02	   1.1136768e+02	
   7.9200000e+00	   4.6892232e+01	   4.8007378e+01	   1.1685059e+02	   1.1308918e+02	
   7.9300000e+00	   4.7732883e+01	   4.7873017e+01	   1.1885010e+02	   1.1794697e+02	
   7.9400000e+00	   4.8466009e+01	   4.7773428e+01	   1.2357422e+02	   1.2137814e+02	
   7.9500000e+00	   4.7136607e+01	   4.7723771e+01	   1.2904541e+02	   1.2577999e+02	
   7.9600000e+00	   4.7674233e+01	   4.7682251e+01	   1.3348389e+02	   1.3134931e+02	
   7.9700000e+00	   4.9375084e+01	   4.7678339e+01	   1.3220947e+02	   1.3354556e+02	
   7.9800000e+00	   4.7341883e+01	   4.7737143e+01	   1.3561523e+02	   1.3371571e+02	
   7.9900000e+00	   4.7947933e+01	   4.7796110e+01	   1.4025146e+02	   1.3720396e+02	
   8.0000000e+00	   4.9130709e+01	   4.7857708e+01	   1.4385498e+02	   1.4225327e+02	
   8.0100000e+00	   4.8290058e+01	   4.7958841e+01	   1.4405273e+02	   1.4441644e+02	
   8.0200000e+00	   4.8749484e+01	   4.8076420e+01	   1.4884277e+02	   1.4606783e+02	
   8.0300000e+00	   4.6413257e+01	   4.8149753e+01	   1.5306152e+02	   1.5051137e+02	
   8.0400000e+00	   4.7556933e+01	   4.8127175e+01	   1.5903809e+02	   1.5606124e+02	
   8.0500000e+00	   4.8006583e+01	   4.8052947e+01	   1.5780762e+02	   1.5898741e+02	
   8.0600000e+00	   4.8671284e+01	   4.8005935e+01	   1.6275146e+02	   1.6012985e+02	
   8.0700000e+00	   4.9609685e+01	   4.8034730e+01	   1.6677246e+02	   1.6409614e+02	
   8.0800000e+00	   4.8397584e+01	   4.8136530e+01	   1.7020020e+02	   1.6883000e+02	
   8.0900000e+00	   4.9414184e+01	   4.8267551e+01	   1.7085938e+02	   1.7081836e+02	
   8.1000000e+00	   4.6833582e+01	   4.8371450e+01	   1.7613281e+02	   1.7307764e+02	
   8.1100000e+00	   4.8270508e+01	   4.8395230e+01	   1.7742920e+02	   1.7674607e+02	
   8.1200000e+00	   4.7517833e+01	   4.8356487e+01	   1.7584717e+02	   1.7740731e+02	
   8.1300000e+00	   4.6950882e+01	   4.8267997e+01	   1.7749512e+02	   1.7635864e+02	
   8.1400000e+00	   4.7957708e+01	   4.8137042e+01	  -1.2414551e+01	   1.0296892e+02	
   8.1500000e+00	   4.7195257e+01	   4.8003115e+01	  -1.8000000e+02	  -8.3280395e+01	
   8.1600000e+00	   4.7488508e+01	   4.7873524e+01	  -1.8000000e+02	  -2.0556812e+02	
   8.1700000e+00	   4.9902935e+01	   4.7802082e+01	  -1.8000000e+02	  -1.8949110e+02	
   8.1800000e+00	   4.8309608e+01	   4.7844541e+01	  -1.8000000e+02	  -1.7148614e+02	
   8.1900000e+00	   4.6667407e+01	   4.7908152e+01	  -1.8000000e+02	  -1.8128760e+02	
   8.2000000e+00	   4.7693783e+01	   4.7902869e+01	  -1.7380371e+02	  -1.7876652e+02	
   8.2100000e+00	   4.9032959e+01	   4.7888967e+01	  -1.7017822e+02	  -1.7151040e+02	
   8.2200000e+00	   4.8544209e+01	   4.7935240e+01	  -1.6857422e+02	  -1.6879530e+02	
   8.2300000e+00	   4.9199134e+01	   4.8036807e+01	  -1.6435547e+02	  -1.6689433e+02	
   8.2400000e+00	   4.7361433e+01	   4.8145261e+01	  -1.6064209e+02	  -1.6274567e+02	
   8.2500000e+00	   4.8964534e+01	   4.8220953e+01	  -1.5927979e+02	  -1.5956053e+02	
   8.2600000e+00	   4.9140484e+01	   4.8300571e+01	  -1.5407227e+02	  -1.5699260e+02	
   8.2700000e+00	   4.8788584e+01	   4.8408506e+01	  -1.5405029e+02	  -1.5394772e+02	
   8.2800000e+00	   4.7439633e+01	   4.8488239e+01	  -1.5033691e+02	  -1.5206747e+02	
   8.2900000e+00	   4.7205032e+01	   4.8477518e+01	  -1.4750244e+02	  -1.4933432e+02	
   8.3000000e+00	   4.8397584e+01	   4.8397080e+01	  -1.4374512e+02	  -1.4557046e+02	
   8.3100000e+00	   4.9423960e+01	   4.8342195e+01	  -1.4027344e+02	  -1.4208793e+02	
   8.3200000e+00	   4.7908833e+01	   4.8342854e+01	  -1.4049316e+02	  -1.4001027e+02	
   8.3300000e+00	   4.7967483e+01	   4.8340017e+01	  -1.3546143e+02	  -1.3830424e+02	
   8.3400000e+00	   4.6989982e+01	   4.8287461e+01	  -1.3304443e+02	  -1.3454344e+02	
   8.3500000e+00	   4.7713333e+01	   4.8183682e+01	  -1.2961670e+02	  -1.3106502e+02	
   8.3600000e+00	   4.7840408e+01	   4.8067364e+01	  -1.2559570e+02	  -1.2788461e+02	
   8.3700000e+00	   4.8847234e+01	   4.7992199e+01	  -1.2221191e+02	  -1.2392827e+02	
   8.3800000e+00	   4.7322333e+01	   4.7961834e+01	  -1.2027832e+02	  -1.2103438e+02	
   8.3900000e+00	   4.8857009e+01	   4.7952432e+01	  -1.1601563e+02	  -1.1837276e+02	
   8.4000000e+00	   4.7938158e+01	   4.7969796e+01	  -1.1449951e+02	  -1.1523668e+02	
   8.4100000e+00	   4.7879508e+01	   4.7995666e+01	  -1.1289551e+02	  -1.1343427e+02	
   8.4200000e+00	   5.0108210e+01	   4.8048864e+01	  -1.0564453e+02	  -1.1002812e+02	
   8.4300000e+00	   4.8641959e+01	   4.8174210e+01	  -1.0412842e+02	  -1.0474358e+02	
   8.4400000e+00	   4.7586258e+01	   4.8300422e+01	  -1.0208496e+02	  -1.0253948e+02	
   8.4500000e+00	   4.8211858e+01	   4.8357763e+01	  -9.8129883e+01	  -1.0064832e+02	
   8.4600000e+00	   4.9296884e+01	   4.8392045e+01	  -9.4306641e+01	  -9.6387376e+01	
   8.4700000e+00	   4.7899058e+01	   4.8436856e+01	  -9.3537598e+01	  -9.3491169e+01	
   8.4800000e+00	   4.9805185e+01	   4.8488747e+01	  -8.8901367e+01	  -9.1483354e+01	
   8.4900000e+00	   4.8192308e+01	   4.8557108e+01	  -8.6923828e+01	  -8.8088938e+01	
   8.5000000e+00	   4.6305732e+01	   4.8566149e+01	  -8.4375000e+01	  -8.5376895e+01	
   8.5100000e+00	   4.7146382e+01	   4.8445133e+01	  -8.1320801e+01	  -8.3079755e+01	
   8.5200000e+00	   4.9355534e+01	   4.8290669e+01	  -7.8178711e+01	  -7.9842177e+01	
   8.5300000e+00	   4.7791533e+01	   4.8201371e+01	  -7.6223145e+01	  -7.7068642e+01	
   8.5400000e+00	   4.6647857e+01	   4.8119617e+01	  -7.3784180e+01	  -7.5012875e+01	
   8.5500000e+00	   4.7703558e+01	   4.7993123e+01	  -6.9147949e+01	  -7.1827125e+01	
   8.5600000e+00	   4.7566708e+01	   4.7864784e+01	  -6.7214355e+01	  -6.8067114e+01	
   8.5700000e+00	   4.8211858e+01	   4.7774233e+01	  -6.3764648e+01	  -6.5402676e+01	
   8.5800000e+00	   4.8094558e+01	   4.7736002e+01	  -6.0776367e+01	  -6.2497435e+01	
   8.5900000e+00	   4.8250958e+01	   4.7745783e+01	  -5.8095703e+01	  -5.9354863e+01	
   8.6000000e+00	   4.7732883e+01	   4.7779093e+01	  -5.4316406e+01	  -5.6338546e+01	
   8.6100000e+00	   4.9179584e+01	   4.7836203e+01	  -5.1174316e+01	  -5.2831923e+01	
   8.6200000e+00	   4.8720159e+01	   4.7942468e+01	  -4.8801270e+01	  -4.9851502e+01	
   8.6300000e+00	   4.9453285e+01	   4.8097046e+01	  -4.5417480e+01	  -4.7228375e+01	
   8.6400000e+00	   4.6745607e+01	   4.8236034e+01	  -4.4121094e+01	  -4.4696929e+01	
   8.6500000e+00	   4.8935209e+01	   4.8303796e+01	  -4.1835938e+01	  -4.2912911e+01	
   8.6600000e+00	   4.8524659e+01	   4.8345759e+01	  -3.7902832e+01	  -4.0232838e+01	
   8.6700000e+00	   4.8114108e+01	   4.8387044e+01	  -3.3662109e+01	  -3.5940397e+01	
   8.6800000e+00	   4.9257784e+01	   4.8422811e+01	  -3.1398926e+01	  -3.2307450e+01	
   8.6900000e+00	   4.9746535e+01	   4.8499673e+01	  -2.9201660e+01	  -3.0199706e+01	
   8.7000000e+00	   4.9365309e+01	   4.8631661e+01	  -2.4895020e+01	  -2.7399219e+01	
   8.7100000e+00	   4.7859958e+01	   4.8752672e+01	  -2.0434570e+01	  -2.2870718e+01	
   8.7200000e+00	   4.7889283e+01	   4.8789389e+01	  -2.0346680e+01	  -1.9881698e+01	
   8.7300000e+00	   4.7820858e+01	   4.8738666e+01	  -1.5512695e+01	  -1.8166941e+01	
   8.7400000e+00	   4.8866784e+01	   4.8654784e+01	  -1.4897461e+01	  -1.5327307e+01	
   8.7500000e+00	   4.9355534e+01	   4.8606827e+01	  -9.9755859e+00	  -1.2413063e+01	
   8.7600000e+00	   4.7977258e+01	   4.8598720e+01	  -8.5034180e+00	  -9.3769141e+00	
   8.7700000e+00	   4.8055458e+01	   4.8572847e+01	  -4.8999023e+00	  -6.5809948e+00	
   8.7800000e+00	   4.8769034e+01	   4.8527450e+01	   1.8237305e+00	  -2.1810100e+00	
   8.7900000e+00	   4.7977258e+01	   4.8487510e+01	   1.2084961e+00	   2.0774077e+00	
   8.8000000e+00	   4.8837459e+01	   4.8454081e+01	   1.1425781e+00	   1.7660952e+00	
   8.8100000e+00	   4.6677182e+01	   4.8402778e+01	   5.2294922e+00	   2.3542689e+00	
   8.8200000e+00	   4.8700609e+01	   4.8315274e+01	   1.0041504e+01	   7.2539101e+00	
   8.8300000e+00	   4.9257784e+01	   4.8260662e+01	   1.3139648e+01	   1.1906180e+01	
   8.8400000e+00	   4.8436684e+01	   4.8278058e+01	   1.9401855e+01	   1.5986180e+01	
   8.8500000e+00	   4.8729934e+01	   4.8324338e+01	   1.8808594e+01	   1.9449022e+01	
   8.8600000e+00	   4.7205032e+01	   4.8350088e+01	   1.8588867e+01	   1.9270789e+01	
   8.8700000e+00	   4.7312558e+01	   4.8307401e+01	   2.3554688e+01	   2.0197737e+01	
   8.8800000e+00	   4.8094558e+01	   4.8213650e+01	   2.4257813e+01	   2.3965882e+01	
   8.8900000e+00	   4.8133658e+01	   4.8129036e+01	   3.0520020e+01	   2.7336183e+01	
   8.9000000e+00	   4.8671284e+01	   4.8085152e+01	   3.3222656e+01	   3.1586950e+01	
   8.9100000e+00	   4.8055458e+01	   4.8080928e+01	   3.7331543e+01	   3.5530074e+01	
   8.9200000e+00	   4.8456234e+01	   4.8096589e+01	   3.6914063e+01	   3.7350787e+01	
   8.9300000e+00	   4.8524659e+01	   4.8128850e+01	   4.3352051e+01	   3.9706478e+01	
   8.9400000e+00	   4.7107282e+01	   4.8151498e+01	   4.4011230e+01	   4.3612877e+01	
   8.9500000e+00	   4.7586258e+01	   4.8120223e+01	   4.8713379e+01	   4.6583530e+01	
   8.9600000e+00	   4.9404409e+01	   4.8084164e+01	   5.0273438e+01	   4.9269563e+01	
   8.9700000e+00	   4.7674233e+01	   4.8095836e+01	   5.5107422e+01	   5.2648143e+01	
   8.9800000e+00	   4.8563759e+01	   4.8122065e+01	   5.5876465e+01	   5.5568580e+01	
   8.9900000e+00	   4.9013409e+01	   4.8165535e+01	   6.1435547e+01	   5.8496906e+01	
   9.0000000e+00	   4.8270508e+01	   4.8237577e+01	   6.3522949e+01	   6.2311707e+01	
   9.0100000e+00	   4.7820858e+01	   4.8292317e+01	   6.9609375e+01	   6.6519676e+01	
   9.0200000e+00	   4.8847234e+01	   4.8319194e+01	   7.2707520e+01	   7.1010680e+01	
   9.0300000e+00	   4.7586258e+01	   4.8332913e+01	   7.0114746e+01	   7.2319165e+01	
   9.0400000e+00	   4.9570585e+01	   4.8346907e+01	   7.8837891e+01	   7.3553038e+01	
   9.0500000e+00	   4.7977258e+01	   4.8382333e+01	   7.9782715e+01	   7.9023322e+01	
   9.0600000e+00	   4.8749484e+01	   4.8420020e+01	   8.3605957e+01	   8.2409628e+01	
   9.0700000e+00	   4.8417134e+01	   4.8448475e+01	   8.4924316e+01	   8.3965135e+01	
   9.0800000e+00	   4.6677182e+01	   4.8435937e+01	   8.8703613e+01	   8.6734229e+01	
   9.0900000e+00	   4.7478733e+01	   4.8337651e+01	   9.3537598e+01	   9.0771960e+01	
   9.1000000e+00	   4.7498283e+01	   4.8189910e+01	   9.6196289e+01	   9.5040513e+01	
   9.1100000e+00	   4.7615583e+01	   4.8041558e+01	   9.9975586e+01	   9.8124082e+01	
   9.1200000e+00	   4.8456234e+01	   4.7926720e+01	   1.0281006e+02	   1.0125639e+02	
   9.1300000e+00	   4.8231408e+01	   4.7874208e+01	   1.0114014e+02	   1.0253904e+02	
   9.1400000e+00	   4.7312558e+01	   4.7855286e+01	   1.0698486e+02	   1.0354119e+02	
   9.1500000e+00	   4.8788584e+01	   4.7847648e+01	   1.1058838e+02	   1.0825089e+02	
   9.1600000e+00	   4.7840408e+01	   4.7869652e+01	   1.1805908e+02	   1.1434546e+02	
   9.1700000e+00	   4.8788584e+01	   4.7919500e+01	   1.1816895e+02	   1.1847140e+02	
   9.1800000e+00	   4.7879508e+01	   4.7983987e+01	   1.2030029e+02	   1.1959696e+02	
   9.1900000e+00	   4.7508058e+01	   4.8027750e+01	   1.2260742e+02	   1.2098711e+02	
   9.2000000e+00	   4.6853132e+01	   4.8008375e+01	   1.2697998e+02	   1.2460394e+02	
   9.2100000e+00	   4.9111159e+01	   4.7961647e+01	   1.3357178e+02	   1.2989996e+02	
   9.2200000e+00	   4.7732883e+01	   4.7950993e+01	   1.3354980e+02	   1.3409645e+02	
   9.2300000e+00	   4.7371208e+01	   4.7947055e+01	   1.3462646e+02	   1.3449243e+02	
   9.2400000e+00	   4.8309608e+01	   4.7924379e+01	   1.3726318e+02	   1.3539028e+02	
   9.2500000e+00	   4.8475784e+01	   4.7925274e+01	   1.4332764e+02	   1.3983922e+02	
   9.2600000e+00	   4.8055458e+01	   4.7958294e+01	   1.4679932e+02	   1.4515631e+02	
   9.2700000e+00	   4.8925434e+01	   4.8013190e+01	   1.4952393e+02	   1.4847699e+02	
   9.2800000e+00	   4.7693783e+01	   4.8079474e+01	   1.4985352e+02	   1.4982879e+02	
   9.2900000e+00	   4.7576483e+01	   4.8113381e+01	   1.5756592e+02	   1.5302136e+02	
   9.3000000e+00	   4.8378034e+01	   4.8110450e+01	   1.5853271e+02	   1.5812051e+02	
   9.3100000e+00	   4.8544209e+01	   4.8117306e+01	   1.6257568e+02	   1.6096806e+02	
   9.3200000e+00	   4.8485559e+01	   4.8151482e+01	   1.6600342e+02	   1.6380137e+02	
   9.3300000e+00	   4.8485559e+01	   4.8201417e+01	   1.6987061e+02	   1.6797511e+02	
   9.3400000e+00	   4.7332108e+01	   4.8233103e+01	   1.7531982e+02	   1.7237860e+02	
   9.3500000e+00	   4.8035908e+01	   4.8218345e+01	   1.7204590e+02	   1.7443122e+02	
   9.3600000e+00	   4.8759259e+01	   4.8194617e+01	   1.7997803e+02	   1.7548464e+02	
   9.3700000e+00	   4.7283233e+01	   4.8180587e+01	   1.7679199e+02	   1.7837367e+02	
   9.3800000e+00	   4.9746535e+01	   4.8178617e+01	   1.7835205e+02	   1.7832083e+02	
   9.3900000e+00	   4.8182533e+01	   4.8222428e+01	  -1.1799316e+01	   1.0333581e+02	
   9.4000000e+00	   4.9003634e+01	   4.8295222e+01	  -1.7929688e+02	  -8.2708166e+01	
   9.4100000e+00	   4.8935209e+01	   4.8380953e+01	  -1.8000000e+02	  -2.0506034e+02	
   9.4200000e+00	   4.8075008e+01	   4.8464561e+01	  -1.8000000e+02	  -1.8951563e+02	
   9.4300000e+00	   4.8231408e+01	   4.8507305e+01	  -1.8000000e+02	  -1.7157651e+02	
   9.4400000e+00	   4.7508058e+01	   4.8494887e+01	  -1.7657227e+02	  -1.7990801e+02	
   9.4500000e+00	   4.7644908e+01	   4.8424923e+01	  -1.7516602e+02	  -1.7710895e+02	
   9.4600000e+00	   4.8524659e+01	   4.8332311e+01	  -1.7096924e+02	  -1.7242746e+02	
   9.4700000e+00	   4.8358484e+01	   4.8267359e+01	  -1.7024414e+02	  -1.7058673e+02	
   9.4800000e+00	   4.6726057e+01	   4.8203576e+01	  -1.6622314e+02	  -1.6840021e+02	
   9.4900000e+00	   4.7312558e+01	   4.8088538e+01	  -1.6218018e+02	  -1.6455560e+02	
   9.5000000e+00	   4.7957708e+01	   4.7953598e+01	  -1.5800537e+02	  -1.6003282e+02	
   9.5100000e+00	   4.8436684e+01	   4.7864048e+01	  -1.5771973e+02	  -1.5749550e+02	
   9.5200000e+00	   4.7429858e+01	   4.7822776e+01	  -1.5264404e+02	  -1.5547513e+02	
   9.5300000e+00	   4.9316434e+01	   4.7822851e+01	  -1.5029297e+02	  -1.5171412e+02	
   9.5400000e+00	   4.7117057e+01	   4.7860825e+01	  -1.4748047e+02	  -1.4857249e+02	
   9.5500000e+00	   4.7547158e+01	   4.7878238e+01	  -1.4236084e+02	  -1.4534506e+02	
   9.5600000e+00	   4.7527608e+01	   4.7853779e+01	  -1.4135010e+02	  -1.4164970e+02	
   9.5700000e+00	   4.8153208e+01	   4.7824846e+01	  -1.3537354e+02	  -1.3851381e+02	
   9.5800000e+00	   4.7723108e+01	   4.7811467e+01	  -1.3704346e+02	  -1.3597649e+02	
   9.5900000e+00	   4.7068182e+01	   4.7791272e+01	  -1.2948486e+02	  -1.3353837e+02	
   9.6000000e+00	   4.7605808e+01	   4.7744183e+01	  -1.2803467e+02	  -1.2910626e+02	
   9.6100000e+00	   4.8857009e+01	   4.7717197e+01	  -1.2629883e+02	  -1.2644919e+02	
   9.6200000e+00	   4.7859958e+01	   4.7746302e+01	  -1.2218994e+02	  -1.2476487e+02	
   9.6300000e+00	   4.7605808e+01	   4.7789019e+01	  -1.1865234e+02	  -1.2062797e+02	
   9.6400000e+00	   4.7341883e+01	   4.7801501e+01	  -1.1645508e+02	  -1.1724989e+02	
   9.6500000e+00	   4.7341883e+01	   4.7777884e+01	  -1.1260986e+02	  -1.1469935e+02	
   9.6600000e+00	   4.9345759e+01	   4.7767957e+01	  -1.1181885e+02	  -1.1212437e+02	
   9.6700000e+00	   4.7899058e+01	   4.7819041e+01	  -1.0751221e+02	  -1.0976611e+02	
   9.6800000e+00	   4.9668335e+01	   4.7922819e+01	  -1.0375488e+02	  -1.0599116e+02	
   9.6900000e+00	   4.7576483e+01	   4.8052057e+01	  -1.0078857e+02	  -1.0206098e+02	
   9.7000000e+00	   4.6550107e+01	   4.8118137e+01	  -9.6767578e+01	  -9.8886902e+01	
   9.7100000e+00	   4.7820858e+01	   4.8080687e+01	  -9.6306152e+01	  -9.6340887e+01	
   9.7200000e+00	   4.6911782e+01	   4.7992017e+01	  -9.2197266e+01	  -9.4360584e+01	
   9.7300000e+00	   4.6970432e+01	   4.7867804e+01	  -9.0593262e+01	  -9.1566724e+01	
   9.7400000e+00	   4.8192308e+01	   4.7739413e+01	  -8.5737305e+01	  -8.8223234e+01	
   9.7500000e+00	   4.7586258e+01	   4.7656740e+01	  -8.4770508e+01	  -8.5199161e+01	
   9.7600000e+00	   4.6823807e+01	   4.7594915e+01	  -8.0617676e+01	  -8.2689201e+01	
   9.7700000e+00	   4.8368259e+01	   4.7539648e+01	  -7.8024902e+01	  -7.9565570e+01	
   9.7800000e+00	   4.7517833e+01	   4.7522671e+01	  -7.4926758e+01	  -7.6344471e+01	
   9.7900000e+00	   4.8153208e+01	   4.7541233e+01	  -7.2180176e+01	  -7.3632101e+01	
   9.8000000e+00	   4.8123883e+01	   4.7588951e+01	  -6.9213867e+01	  -7.0742229e+01	
   9.8100000e+00	   4.8192308e+01	   4.7664491e+01	  -6.5654297e+01	  -6.7551772e+01	
   9.8200000e+00	   4.7928383e+01	   4.7748665e+01	  -6.3457031e+01	  -6.4489950e+01	
   9.8300000e+00	   4.8681059e+01	   4.7837505e+01	  -5.9919434e+01	  -6.1749005e+01	
   9.8400000e+00	   4.7957708e+01	   4.7932604e+01	  -5.7216797e+01	  -5.8675128e+01	
   9.8500000e+00	   4.8485559e+01	   4.8020741e+01	  -5.5415039e+01	  -5.6142972e+01	
   9.8600000e+00	   4.7752433e+01	   4.8089284e+01	  -4.9416504e+01	  -5.2865322e+01	
   9.8700000e+00	   4.9130709e+01	   4.8148588e+01	  -4.8515625e+01	  -4.8819818e+01	
   9.8800000e+00	   4.8241183e+01	   4.8219974e+01	  -4.6669922e+01	  -4.7181735e+01	
   9.8900000e+00	   4.7302783e+01	   4.8266480e+01	  -4.4428711e+01	  -4.5905033e+01	
   9.9000000e+00	   4.8006583e+01	   4.8251871e+01	  -4.0341797e+01	  -4.2621794e+01	
   9.9100000e+00	   4.8358484e+01	   4.8215729e+01	  -3.5881348e+01	  -3.8263729e+01	
   9.9200000e+00	   4.7967483e+01	   4.8189097e+01	  -3.3552246e+01	  -3.4515180e+01	
   9.9300000e+00	   4.7869733e+01	   4.8160103e+01	  -2.9399414e+01	  -3.1560142e+01	
   9.9400000e+00	   4.8084783e+01	   4.8124464e+01	  -2.7795410e+01	  -2.8596666e+01	
   9.9500000e+00	   4.9062284e+01	   4.8113731e+01	  -2.5729980e+01	  -2.6581558e+01	
   9.9600000e+00	   4.8319383e+01	   4.8148497e+01	  -1.9951172e+01	  -2.3400779e+01	
   9.9700000e+00	   4.8485559e+01	   4.8202779e+01	  -1.8742676e+01	  -1.9166641e+01	
   9.9800000e+00	   4.8065233e+01	   4.8248531e+01	  -1.7380371e+01	  -1.7613689e+01	
   9.9900000e+00	   4.8798359e+01	   4.8286314e+01	  -1.2875977e+01	  -1.5714762e+01	
   1.0000000e+01	   4.7811083e+01	   4.8317129e+01	  -8.9208984e+00	  -1.1114216e+01	
