   0.0000000e+00	   0.0000000e+00	   0.0000000e+00	   0.0000000e+00	   0.0000000e+00	
   5.0000000e-01	  -3.1583333e+01	  -4.3183492e+00	  -5.5250000e+01	  -7.5542627e+00	
   1.0000000e+00	  -4.3216528e+01	  -1.3364755e+01	  -1.7035042e+02	  -3.6334553e+01	
   1.5000000e+00	  -4.7501421e+01	  -2.2113813e+01	   5.2504263e+01	  -4.2511554e+01	
   2.0000000e+00	  -4.9079690e+01	  -2.9272039e+01	  -9.2760930e+01	  -3.6390695e+01	
   2.5000000e+00	  -4.9661019e+01	  -3.4768074e+01	   1.1898306e+02	  -2.2854069e+01	
   3.0000000e+00	  -4.9875142e+01	  -3.8869938e+01	  -3.0374574e+01	  -4.4891270e+00	
   3.5000000e+00	  -4.9954011e+01	  -4.1890177e+01	   1.7986203e+02	   1.7177690e+01	
   4.0000000e+00	  -4.9983061e+01	  -4.4099264e+01	   2.9949182e+01	   4.1167544e+01	
   4.5000000e+00	  -4.9993761e+01	  -4.5709695e+01	  -1.2001872e+02	   1.7594878e+01	
   5.0000000e+00	  -3.6902464e+01	  -4.5091249e+01	   8.9993106e+01	   8.6780628e+00	
   5.5000000e+00	   1.7990926e+01	  -3.5346460e+01	   7.5312937e+01	   2.8907068e+01	
   6.0000000e+00	   3.8209991e+01	  -1.7996426e+01	   1.6465574e+02	   5.3812828e+01	
   6.5000000e+00	   4.5657347e+01	  -1.6080940e+00	  -6.7686326e+01	   5.2355814e+01	
   7.0000000e+00	   4.8400456e+01	   1.1692056e+01	   7.4084346e+01	   3.8913519e+01	
   7.5000000e+00	   4.9410835e+01	   2.1868390e+01	  -1.3894679e+02	   1.9403766e+01	
   8.0000000e+00	   4.9782991e+01	   2.9450962e+01	   9.9367420e+00	  -3.5417193e+00	
   8.5000000e+00	   4.9920068e+01	   3.5029649e+01	   1.5952551e+02	   2.0597150e+01	
   9.0000000e+00	   4.9970558e+01	   3.9108449e+01	  -5.0625961e+01	   2.9854403e+01	
   9.5000000e+00	   4.9989156e+01	   4.2081317e+01	   9.9318247e+01	   2.8348128e+01	
   1.0000000e+01	   4.9996006e+01	   4.4244711e+01	  -1.1070230e+02	   1.9039593e+01	
