   0.0000000e+00	  -5.0000000e+01	   4.6450195e+01	   6.3510765e+00	  -9.6450195e+00	  -9.6450195e+00	  -9.6450195e+00	   0.0000000e+00	  -0.0000000e+00	
   5.0000000e-01	  -5.0000000e+01	  -5.9501953e+01	   2.8297768e+00	   9.5019531e-01	   9.5019531e-01	   9.5019531e-01	   0.0000000e+00	   0.0000000e+00	
   1.0000000e+00	  -5.0000000e+01	  -1.8000000e+02	  -3.0690846e+01	   1.0000000e+01	   1.3000000e+01	   1.3000000e+01	   0.0000000e+00	   0.0000000e+00	
   1.5000000e+00	  -5.0000000e+01	  -9.5932617e+01	  -6.0026123e+01	   4.5932617e+00	   4.5932617e+00	   4.5932617e+00	   0.0000000e+00	   0.0000000e+00	
   2.0000000e+00	  -5.0000000e+01	   8.0200195e+01	  -4.5762605e+01	  -1.0000000e+01	  -1.3020020e+01	  -1.3020020e+01	   0.0000000e+00	  -0.0000000e+00	
   2.5000000e+00	  -5.0000000e+01	   5.4997559e+01	  -1.4763061e+01	  -1.0000000e+01	  -1.0499756e+01	  -1.0499756e+01	   0.0000000e+00	  -0.0000000e+00	
   3.0000000e+00	  -5.0000000e+01	  -1.5224854e+02	  -2.4022995e+01	   1.0000000e+01	   1.0224854e+01	   1.0224854e+01	   0.0000000e+00	   0.0000000e+00	
   3.5000000e+00	  -5.0000000e+01	  -1.4501953e+01	  -4.0253311e+01	  -3.5498047e+00	  -3.5498047e+00	  -3.5498047e+00	   0.0000000e+00	  -0.0000000e+00	
   4.0000000e+00	  -5.0000000e+01	  -1.5297363e+02	  -5.2144467e+01	   1.0000000e+01	   1.0297363e+01	   1.0297363e+01	   0.0000000e+00	   0.0000000e+00	
   4.5000000e+00	  -5.0000000e+01	  -5.7941895e+01	  -6.6723387e+01	   7.9418945e-01	   7.9418945e-01	   7.9418945e-01	   0.0000000e+00	   0.0000000e+00	
   5.0000000e+00	   5.0000000e+01	   7.3212891e+01	  -4.6389394e+01	  -2.3212891e+00	  -2.3212891e+00	  -2.3212891e+00	   0.0000000e+00	  -0.0000000e+00	
   5.5000000e+00	   5.0000000e+01	   9.6569824e+01	  -1.0489692e+01	  -4.6569824e+00	  -4.6569824e+00	  -4.6569824e+00	   0.0000000e+00	  -0.0000000e+00	
   6.0000000e+00	   5.0000000e+01	   1.7226563e+01	   7.9380291e+00	   3.2773438e+00	   3.2773438e+00	   3.2773438e+00	   0.0000000e+00	   0.0000000e+00	
   6.5000000e+00	   5.0000000e+01	  -8.1079102e+00	   7.0140975e+00	   5.8107910e+00	   5.8107910e+00	   5.8107910e+00	   0.0000000e+00	   0.0000000e+00	
   7.0000000e+00	   5.0000000e+01	   8.2133789e+01	   1.5217505e+01	  -3.2133789e+00	  -3.2133789e+00	  -3.2133789e+00	   0.0000000e+00	  -0.0000000e+00	
   7.5000000e+00	   5.0000000e+01	   1.3089111e+02	   4.0182790e+01	  -8.0891113e+00	  -8.0891113e+00	  -8.0891113e+00	   0.0000000e+00	  -0.0000000e+00	
   8.0000000e+00	   5.0000000e+01	   1.8017578e+01	   4.9554603e+01	   3.1982422e+00	   3.1982422e+00	   3.1982422e+00	   0.0000000e+00	   0.0000000e+00	
   8.5000000e+00	   5.0000000e+01	  -5.9787598e+01	   3.0292365e+01	   1.0000000e+01	   1.0978760e+01	   1.0978760e+01	   0.0000000e+00	   0.0000000e+00	
   9.0000000e+00	   5.0000000e+01	   6.1743164e+01	   2.2276073e+01	  -1.1743164e+00	  -1.1743164e+00	  -1.1743164e+00	   0.0000000e+00	  -0.0000000e+00	
   9.5000000e+00	   5.0000000e+01	  -1.8000000e+02	   1.5406921e-02	   1.0000000e+01	   2.3000000e+01	   2.3000000e+01	   0.0000000e+00	   0.0000000e+00	
   1.0000000e+01	   5.0000000e+01	  -4.5109863e+01	  -3.0767793e+01	   9.5109863e+00	   9.5109863e+00	   9.5109863e+00	   0.0000000e+00	   0.0000000e+00	
