   0.0000000e+00	  -3.1128633e-01	  -9.7487541e-04	   4.7416992e+01	   1.4849884e-01	
   1.0000000e-02	  -1.5233875e+00	  -6.7145350e-03	   4.5703125e+01	   4.3919897e-01	
   2.0000000e-02	  -1.8948378e+00	  -1.7377554e-02	   4.6801758e+01	   7.2615151e-01	
   3.0000000e-02	  -2.0903380e+00	  -2.9749340e-02	   4.9262695e+01	   1.0224545e+00	
   4.0000000e-02	  -1.8264127e+00	  -4.1829344e-02	   4.4758301e+01	   1.3105019e+00	
   5.0000000e-02	  -4.7589154e+00	  -6.2191040e-02	   4.6164551e+01	   1.5870424e+00	
   6.0000000e-02	  -4.8371155e+00	  -9.1854011e-02	   4.3461914e+01	   1.8577909e+00	
   7.0000000e-02	  -5.1010407e+00	  -1.2240264e-01	   4.3989258e+01	   2.1200310e+00	
   8.0000000e-02	  -6.7041422e+00	  -1.5860702e-01	   4.8120117e+01	   2.3952170e+00	
   9.0000000e-02	  -5.5409162e+00	  -1.9596222e-01	   4.2978516e+01	   2.6655139e+00	
   1.0000000e-01	  -7.2026677e+00	  -2.3464470e-01	   4.2780762e+01	   2.9173963e+00	
   1.1000000e-01	  -8.2876937e+00	  -2.8168716e-01	   4.3835449e+01	   3.1703846e+00	
   1.2000000e-01	  -9.4606948e+00	  -3.3550657e-01	   4.0209961e+01	   3.4137372e+00	
   1.3000000e-01	  -9.3238446e+00	  -3.9223386e-01	   4.0671387e+01	   3.6456565e+00	
   1.4000000e-01	  -9.3140696e+00	  -4.4814665e-01	   4.4077148e+01	   3.8882343e+00	
   1.5000000e-01	  -1.1093121e+01	  -5.0925018e-01	   4.2165527e+01	   4.1339719e+00	
   1.6000000e-01	  -1.2735323e+01	  -5.8068555e-01	   4.1088867e+01	   4.3688118e+00	
   1.7000000e-01	  -1.2862398e+01	  -6.5721443e-01	   3.9199219e+01	   4.5928910e+00	
   1.8000000e-01	  -1.4279774e+01	  -7.3810083e-01	   3.7045898e+01	   4.8029050e+00	
   1.9000000e-01	  -1.3214298e+01	  -8.1958267e-01	   3.8825684e+01	   5.0104338e+00	
   2.0000000e-01	  -1.5814451e+01	  -9.0536039e-01	   3.7111816e+01	   5.2168691e+00	
   2.1000000e-01	  -1.6391176e+01	  -1.0005501e+00	   3.5397949e+01	   5.4112766e+00	
   2.2000000e-01	  -1.6919027e+01	  -1.0986028e+00	   3.5112305e+01	   5.5982044e+00	
   2.3000000e-01	  -1.8111578e+01	  -1.2014293e+00	   3.1926270e+01	   5.7730889e+00	
   2.4000000e-01	  -1.7955178e+01	  -1.3068566e+00	   3.2585449e+01	   5.9389645e+00	
   2.5000000e-01	  -1.9353004e+01	  -1.4155115e+00	   2.8674316e+01	   6.0936168e+00	
   2.6000000e-01	  -1.8883803e+01	  -1.5263941e+00	   3.0344238e+01	   6.2402814e+00	
   2.7000000e-01	  -2.0379380e+01	  -1.6397965e+00	   2.8981934e+01	   6.3869908e+00	
   2.8000000e-01	  -1.9450754e+01	  -1.7542642e+00	   2.4982910e+01	   6.5159909e+00	
   2.9000000e-01	  -2.2080231e+01	  -1.8733416e+00	   2.5312500e+01	   6.6326912e+00	
   3.0000000e-01	  -2.2109556e+01	  -1.9999998e+00	   2.1730957e+01	   6.7384761e+00	
   3.1000000e-01	  -2.2696057e+01	  -2.1277934e+00	   1.9270020e+01	   6.8246749e+00	
   3.2000000e-01	  -2.3898383e+01	  -2.2603887e+00	   2.1423340e+01	   6.9093704e+00	
   3.3000000e-01	  -2.3810408e+01	  -2.3956434e+00	   1.9401855e+01	   6.9939482e+00	
   3.4000000e-01	  -2.4475109e+01	  -2.5318571e+00	   2.0126953e+01	   7.0739363e+00	
   3.5000000e-01	  -2.4963859e+01	  -2.6708299e+00	   1.6809082e+01	   7.1453035e+00	
   3.6000000e-01	  -2.5364634e+01	  -2.8117181e+00	   1.7006836e+01	   7.2064521e+00	
   3.7000000e-01	  -2.5218009e+01	  -2.9525197e+00	   1.2568359e+01	   7.2539369e+00	
   3.8000000e-01	  -2.5892485e+01	  -3.0940925e+00	   1.4853516e+01	   7.2943805e+00	
   3.9000000e-01	  -2.6762461e+01	  -3.2396155e+00	   9.5581055e+00	   7.3251434e+00	
   4.0000000e-01	  -2.8140737e+01	  -3.3912679e+00	   9.2065430e+00	   7.3380286e+00	
   4.1000000e-01	  -2.8062537e+01	  -3.5460420e+00	   6.3500977e+00	   7.3407863e+00	
   4.2000000e-01	  -2.8170062e+01	  -3.6999385e+00	   4.3725586e+00	   7.3283880e+00	
   4.3000000e-01	  -2.8697912e+01	  -3.8548609e+00	   1.2744141e+00	   7.3001714e+00	
   4.4000000e-01	  -2.9069363e+01	  -4.0116294e+00	   1.9775391e+00	   7.2646309e+00	
   4.5000000e-01	  -2.9939339e+01	  -4.1713038e+00	   9.0087891e-01	   7.2281432e+00	
   4.6000000e-01	  -3.0516064e+01	  -4.3345088e+00	   3.2958984e-01	   7.1867231e+00	
   4.7000000e-01	  -3.0310789e+01	  -4.4978548e+00	  -2.3950195e+00	   7.1352404e+00	
   4.8000000e-01	  -3.1640190e+01	  -4.6636982e+00	  -4.7021484e+00	   7.0683219e+00	
   4.9000000e-01	  -3.1630415e+01	  -4.8326356e+00	  -9.4042969e+00	   6.9798712e+00	
   5.0000000e-01	  -3.1092790e+01	  -4.9988006e+00	  -1.0634766e+01	   6.8733950e+00	
   5.1000000e-01	  -3.2343991e+01	  -5.1661595e+00	  -1.3337402e+01	   6.7552681e+00	
   5.2000000e-01	  -3.2676341e+01	  -5.3374294e+00	  -1.1755371e+01	   6.6343716e+00	
   5.3000000e-01	  -3.3262842e+01	  -5.5105043e+00	  -1.7534180e+01	   6.5010891e+00	
   5.4000000e-01	  -3.3888442e+01	  -5.6862911e+00	  -1.6567383e+01	   6.3535713e+00	
   5.5000000e-01	  -3.4670443e+01	  -5.8653851e+00	  -1.9357910e+01	   6.2012660e+00	
   5.6000000e-01	  -3.4553143e+01	  -6.0454390e+00	  -2.1533203e+01	   6.0343628e+00	
   5.7000000e-01	  -3.5178743e+01	  -6.2259571e+00	  -2.5290527e+01	   5.8499256e+00	
   5.8000000e-01	  -3.5735919e+01	  -6.4090486e+00	  -2.5092773e+01	   5.6554958e+00	
   5.9000000e-01	  -3.6185569e+01	  -6.5941465e+00	  -2.6520996e+01	   5.4584302e+00	
   6.0000000e-01	  -3.5765244e+01	  -6.7781769e+00	  -3.3310547e+01	   5.2368629e+00	
   6.1000000e-01	  -3.6557020e+01	  -6.9622178e+00	  -3.3266602e+01	   4.9955578e+00	
   6.2000000e-01	  -3.7368345e+01	  -7.1501266e+00	  -3.6035156e+01	   4.7472312e+00	
   6.3000000e-01	  -3.6332195e+01	  -7.3361543e+00	  -3.8759766e+01	   4.4832567e+00	
   6.4000000e-01	  -3.7182620e+01	  -7.5204352e+00	  -4.2165527e+01	   4.2017367e+00	
   6.5000000e-01	  -3.7466096e+01	  -7.7071129e+00	  -4.1660156e+01	   3.9128968e+00	
   6.6000000e-01	  -3.8443596e+01	  -7.8965704e+00	  -4.3198242e+01	   3.6226317e+00	
   6.7000000e-01	  -3.8414271e+01	  -8.0878107e+00	  -4.6384277e+01	   3.3193899e+00	
   6.8000000e-01	  -3.8424046e+01	  -8.2777920e+00	  -4.7724609e+01	   3.0038720e+00	
   6.9000000e-01	  -3.9509072e+01	  -8.4700120e+00	  -5.2404785e+01	   2.6714755e+00	
   7.0000000e-01	  -3.9137622e+01	  -8.6632627e+00	  -5.4184570e+01	   2.3209299e+00	
   7.1000000e-01	  -3.9821873e+01	  -8.8562826e+00	  -5.7326660e+01	   1.9571658e+00	
   7.2000000e-01	  -4.0457248e+01	  -9.0522263e+00	  -5.9721680e+01	   1.5783393e+00	
   7.3000000e-01	  -3.9939173e+01	  -9.2473101e+00	  -6.0512695e+01	   1.1919076e+00	
   7.4000000e-01	  -4.1278349e+01	  -9.4437434e+00	  -6.3259277e+01	   7.9681739e-01	
   7.5000000e-01	  -4.0623423e+01	  -9.6410893e+00	  -6.7785645e+01	   3.8142470e-01	
   7.6000000e-01	  -4.1268574e+01	  -9.8371685e+00	  -6.8884277e+01	  -4.8982336e-02	
   7.7000000e-01	  -4.0310623e+01	  -1.0031040e+01	  -7.1696777e+01	  -4.8894225e-01	
   7.8000000e-01	  -4.1063299e+01	  -1.0223054e+01	  -7.4575195e+01	  -9.4396908e-01	
   7.9000000e-01	  -4.1141499e+01	  -1.0416468e+01	  -7.6750488e+01	  -1.4119729e+00	
   8.0000000e-01	  -4.2031025e+01	  -1.0611701e+01	  -7.9079590e+01	  -1.8911520e+00	
   8.1000000e-01	  -4.1679124e+01	  -1.0807394e+01	  -8.0859375e+01	  -2.3801978e+00	
   8.2000000e-01	  -4.2519775e+01	  -1.1003393e+01	  -8.4045410e+01	  -2.8817323e+00	
   8.3000000e-01	  -4.2793475e+01	  -1.1201654e+01	  -8.6638184e+01	  -3.3982233e+00	
   8.4000000e-01	  -4.3145376e+01	  -1.1400632e+01	  -8.8813477e+01	  -3.9264116e+00	
   8.5000000e-01	  -4.2519775e+01	  -1.1597507e+01	  -9.2021484e+01	  -4.4681509e+00	
   8.6000000e-01	  -4.2021250e+01	  -1.1789629e+01	  -9.2966309e+01	  -5.0195027e+00	
   8.7000000e-01	  -4.2930326e+01	  -1.1981832e+01	  -9.7031250e+01	  -5.5830904e+00	
   8.8000000e-01	  -4.2998751e+01	  -1.2175893e+01	  -1.0015137e+02	  -6.1656501e+00	
   8.9000000e-01	  -4.3028076e+01	  -1.2369045e+01	  -1.0265625e+02	  -6.7621770e+00	
   9.0000000e-01	  -4.3722101e+01	  -1.2563252e+01	  -1.0426025e+02	  -7.3678356e+00	
   9.1000000e-01	  -4.4201077e+01	  -1.2759917e+01	  -1.0992920e+02	  -7.9924778e+00	
   9.2000000e-01	  -4.3819851e+01	  -1.2955655e+01	  -1.1058838e+02	  -8.6330258e+00	
   9.3000000e-01	  -4.4494327e+01	  -1.3151086e+01	  -1.1322510e+02	  -9.2798836e+00	
   9.4000000e-01	  -4.4728927e+01	  -1.3348140e+01	  -1.1614746e+02	  -9.9400996e+00	
   9.5000000e-01	  -4.4992853e+01	  -1.3545521e+01	  -1.1858643e+02	  -1.0612971e+01	
   9.6000000e-01	  -4.4816902e+01	  -1.3741942e+01	  -1.2144287e+02	  -1.1298211e+01	
   9.7000000e-01	  -4.5149253e+01	  -1.3937621e+01	  -1.2368408e+02	  -1.1995124e+01	
   9.8000000e-01	  -4.5119928e+01	  -1.4133024e+01	  -1.2748535e+02	  -1.2706596e+01	
   9.9000000e-01	  -4.4973302e+01	  -1.4326653e+01	  -1.3073730e+02	  -1.3435700e+01	
   1.0000000e+00	  -4.5256778e+01	  -1.4519496e+01	  -1.3201172e+02	  -1.4174413e+01	
   1.0100000e+00	  -4.4895102e+01	  -1.4710888e+01	  -1.3607666e+02	  -1.4925221e+01	
   1.0200000e+00	  -4.5706428e+01	  -1.4902488e+01	  -1.3924072e+02	  -1.5693966e+01	
   1.0300000e+00	  -4.5628228e+01	  -1.5095185e+01	  -1.4121826e+02	  -1.6473998e+01	
   1.0400000e+00	  -4.5677103e+01	  -1.5286582e+01	  -1.4403076e+02	  -1.7264145e+01	
   1.0500000e+00	  -4.5334978e+01	  -1.5475863e+01	  -1.4671143e+02	  -1.8066546e+01	
   1.0600000e+00	  -4.5950803e+01	  -1.5664815e+01	  -1.4750244e+02	  -1.8874795e+01	
   1.0700000e+00	  -4.6116979e+01	  -1.5855032e+01	  -1.5220459e+02	  -1.9695184e+01	
   1.0800000e+00	  -4.6077879e+01	  -1.6044456e+01	  -1.5710449e+02	  -2.0540505e+01	
   1.0900000e+00	  -4.6341804e+01	  -1.6233398e+01	  -1.6066406e+02	  -2.1407025e+01	
   1.1000000e+00	  -4.6400454e+01	  -1.6422167e+01	  -1.6391602e+02	  -2.2289450e+01	
   1.1100000e+00	  -4.6371129e+01	  -1.6609845e+01	  -1.6637695e+02	  -2.3184239e+01	
   1.1200000e+00	  -4.6468879e+01	  -1.6796562e+01	  -1.6859619e+02	  -2.4088081e+01	
   1.1300000e+00	  -4.6527529e+01	  -1.6982599e+01	  -1.7085938e+02	  -2.5000299e+01	
   1.1400000e+00	  -4.6351579e+01	  -1.7167103e+01	  -1.7404541e+02	  -2.5923870e+01	
   1.1500000e+00	  -4.6889204e+01	  -1.7351585e+01	  -1.7556152e+02	  -2.6856381e+01	
   1.1600000e+00	  -4.6400454e+01	  -1.7535064e+01	  -1.8000000e+02	  -2.7801701e+01	
   1.1700000e+00	  -4.6683929e+01	  -1.7716751e+01	  -1.8000000e+02	  -2.8754999e+01	
   1.1800000e+00	  -4.6762129e+01	  -1.7898432e+01	  -1.8000000e+02	  -2.9702326e+01	
   1.1900000e+00	  -4.6820779e+01	  -1.8079405e+01	  -1.8000000e+02	  -3.0643720e+01	
   1.2000000e+00	  -4.6674154e+01	  -1.8258968e+01	  -1.8000000e+02	  -3.1579217e+01	
   1.2100000e+00	  -4.7016279e+01	  -1.8438019e+01	  -1.2348633e+01	  -3.1983811e+01	
   1.2200000e+00	  -4.6850104e+01	  -1.8616499e+01	   1.7584717e+02	  -3.1271440e+01	
   1.2300000e+00	  -4.6732804e+01	  -1.8792974e+01	   1.7584717e+02	  -2.9974147e+01	
   1.2400000e+00	  -4.6957629e+01	  -1.8968680e+01	   1.7655029e+02	  -2.8682777e+01	
   1.2500000e+00	  -4.7202005e+01	  -1.9144754e+01	   1.7626465e+02	  -2.7398189e+01	
   1.2600000e+00	  -4.7377955e+01	  -1.9321043e+01	   1.6901367e+02	  -2.6145249e+01	
   1.2700000e+00	  -4.7368180e+01	  -1.9496748e+01	   1.6945313e+02	  -2.4921489e+01	
   1.2800000e+00	  -4.7387730e+01	  -1.9671382e+01	   1.6567383e+02	  -2.3715854e+01	
   1.2900000e+00	  -4.7289980e+01	  -1.9844678e+01	   1.6283936e+02	  -2.2538484e+01	
   1.3000000e+00	  -4.7593005e+01	  -2.0017532e+01	   1.5629150e+02	  -2.1397870e+01	
   1.3100000e+00	  -4.7544130e+01	  -2.0190098e+01	   1.5231445e+02	  -2.0297363e+01	
   1.3200000e+00	  -4.8111080e+01	  -2.0363207e+01	   1.5224854e+02	  -1.9216411e+01	
   1.3300000e+00	  -4.7661430e+01	  -2.0535598e+01	   1.5161133e+02	  -1.8144431e+01	
   1.3400000e+00	  -4.7808055e+01	  -2.0705961e+01	   1.4675537e+02	  -1.7096368e+01	
   1.3500000e+00	  -4.7788505e+01	  -2.0875654e+01	   1.4682129e+02	  -1.6069872e+01	
   1.3600000e+00	  -4.7954680e+01	  -2.1044744e+01	   1.4240479e+02	  -1.5063430e+01	
   1.3700000e+00	  -4.8140405e+01	  -2.1213877e+01	   1.3750488e+02	  -1.4092469e+01	
   1.3800000e+00	  -4.7798280e+01	  -2.1381460e+01	   1.3392334e+02	  -1.3154151e+01	
   1.3900000e+00	  -4.8326131e+01	  -2.1548576e+01	   1.3172607e+02	  -1.2239808e+01	
   1.4000000e+00	  -4.7954680e+01	  -2.1715135e+01	   1.2919922e+02	  -1.1345987e+01	
   1.4100000e+00	  -4.8570506e+01	  -2.1881416e+01	   1.2190430e+02	  -1.0488524e+01	
   1.4200000e+00	  -4.8238156e+01	  -2.2047543e+01	   1.1691650e+02	  -9.6748987e+00	
   1.4300000e+00	  -4.8326131e+01	  -2.2211864e+01	   1.1704834e+02	  -8.8815769e+00	
   1.4400000e+00	  -4.8453206e+01	  -2.2375829e+01	   1.1282959e+02	  -8.1060234e+00	
   1.4500000e+00	  -4.8482531e+01	  -2.2539257e+01	   1.1124756e+02	  -7.3534943e+00	
   1.4600000e+00	  -4.8775781e+01	  -2.2702672e+01	   1.0806152e+02	  -6.6206112e+00	
   1.4700000e+00	  -4.8746456e+01	  -2.2865890e+01	   1.0516113e+02	  -5.9113797e+00	
   1.4800000e+00	  -4.9137456e+01	  -2.3029218e+01	   1.0349121e+02	  -5.2209037e+00	
   1.4900000e+00	  -4.8218605e+01	  -2.3189870e+01	   9.8283691e+01	  -4.5562910e+00	
   1.5000000e+00	  -4.8619381e+01	  -2.3347894e+01	   9.4570313e+01	  -3.9237792e+00	
   1.5100000e+00	  -4.8736681e+01	  -2.3506550e+01	   9.4460449e+01	  -3.3072028e+00	
   1.5200000e+00	  -4.8462981e+01	  -2.3663722e+01	   9.0483398e+01	  -2.7072875e+00	
   1.5300000e+00	  -4.8922406e+01	  -2.3820492e+01	   8.7407227e+01	  -2.1332188e+00	
   1.5400000e+00	  -4.9108131e+01	  -2.3978300e+01	   8.3518066e+01	  -1.5845596e+00	
   1.5500000e+00	  -4.8404331e+01	  -2.4133497e+01	   8.1276855e+01	  -1.0585358e+00	
   1.5600000e+00	  -4.8384781e+01	  -2.4285457e+01	   7.7080078e+01	  -5.5596908e-01	
   1.5700000e+00	  -4.8120855e+01	  -2.4435577e+01	   7.4794922e+01	  -7.6850064e-02	
   1.5800000e+00	  -4.8785556e+01	  -2.4586012e+01	   7.3674316e+01	   3.8860194e-01	
   1.5900000e+00	  -4.8658481e+01	  -2.4737189e+01	   6.9082031e+01	   8.3324714e-01	
   1.6000000e+00	  -4.8766006e+01	  -2.4887357e+01	   6.5478516e+01	   1.2494400e+00	
   1.6100000e+00	  -4.9137456e+01	  -2.5038085e+01	   6.2270508e+01	   1.6416939e+00	
   1.6200000e+00	  -4.9352507e+01	  -2.5189706e+01	   5.7634277e+01	   2.0069246e+00	
   1.6300000e+00	  -4.8951731e+01	  -2.5339795e+01	   5.4755859e+01	   2.3463336e+00	
   1.6400000e+00	  -4.8932181e+01	  -2.5487628e+01	   5.2734375e+01	   2.6682713e+00	
   1.6500000e+00	  -4.8531406e+01	  -2.5633218e+01	   5.0031738e+01	   2.9733978e+00	
   1.6600000e+00	  -4.8756231e+01	  -2.5777346e+01	   4.9636230e+01	   3.2669104e+00	
   1.6700000e+00	  -4.8814881e+01	  -2.5921459e+01	   4.4604492e+01	   3.5415877e+00	
   1.6800000e+00	  -4.9323182e+01	  -2.6066444e+01	   4.1945801e+01	   3.7904600e+00	
   1.6900000e+00	  -4.8736681e+01	  -2.6210277e+01	   3.7397461e+01	   4.0152028e+00	
   1.7000000e+00	  -4.9020156e+01	  -2.6352259e+01	   3.2321777e+01	   4.2083976e+00	
   1.7100000e+00	  -4.8766006e+01	  -2.6493444e+01	   3.5046387e+01	   4.3930194e+00	
   1.7200000e+00	  -4.8961506e+01	  -2.6633561e+01	   2.8564453e+01	   4.5647178e+00	
   1.7300000e+00	  -4.8951731e+01	  -2.6773382e+01	   2.5202637e+01	   4.7045124e+00	
   1.7400000e+00	  -4.8824656e+01	  -2.6911899e+01	   2.3906250e+01	   4.8288430e+00	
   1.7500000e+00	  -4.8805106e+01	  -2.7049089e+01	   2.4082031e+01	   4.9488854e+00	
   1.7600000e+00	  -4.8443431e+01	  -2.7184226e+01	   1.9335938e+01	   5.0538627e+00	
   1.7700000e+00	  -4.8560731e+01	  -2.7317751e+01	   1.7292480e+01	   5.1369193e+00	
   1.7800000e+00	  -4.8726906e+01	  -2.7451327e+01	   1.1337891e+01	   5.1944076e+00	
   1.7900000e+00	  -4.8726906e+01	  -2.7584587e+01	   6.8115234e+00	   5.2187120e+00	
   1.8000000e+00	  -4.8932181e+01	  -2.7717656e+01	   3.1640625e+00	   5.2172656e+00	
   1.8100000e+00	  -4.8853981e+01	  -2.7850289e+01	   2.3291016e+00	   5.2017904e+00	
   1.8200000e+00	  -4.8932181e+01	  -2.7982091e+01	  -2.4389648e+00	   5.1688648e+00	
   1.8300000e+00	  -4.8912631e+01	  -2.8113251e+01	  -4.2846680e+00	   5.1154326e+00	
   1.8400000e+00	  -4.8844206e+01	  -2.8243314e+01	  -5.4492188e+00	   5.0529077e+00	
   1.8500000e+00	  -4.8511856e+01	  -2.8371308e+01	  -1.2392578e+01	   4.9653824e+00	
   1.8600000e+00	  -4.9362282e+01	  -2.8500122e+01	  -1.3732910e+01	   4.8524627e+00	
   1.8700000e+00	  -4.8580281e+01	  -2.8628344e+01	  -1.3403320e+01	   4.7370849e+00	
   1.8800000e+00	  -4.8570506e+01	  -2.8753283e+01	  -2.0742188e+01	   4.6004784e+00	
   1.8900000e+00	  -4.8531406e+01	  -2.8877286e+01	  -2.4301758e+01	   4.4305961e+00	
   1.9000000e+00	  -4.8267481e+01	  -2.8999563e+01	  -2.6345215e+01	   4.2442306e+00	
   1.9100000e+00	  -4.8257706e+01	  -2.9120218e+01	  -2.7751465e+01	   4.0482287e+00	
   1.9200000e+00	  -4.9137456e+01	  -2.9242841e+01	  -3.0959473e+01	   3.8390037e+00	
   1.9300000e+00	  -4.8853981e+01	  -2.9366564e+01	  -3.5925293e+01	   3.6054906e+00	
   1.9400000e+00	  -4.9362282e+01	  -2.9490216e+01	  -3.7287598e+01	   3.3536220e+00	
   1.9500000e+00	  -4.9284081e+01	  -2.9614440e+01	  -3.9309082e+01	   3.0927338e+00	
   1.9600000e+00	  -4.9978107e+01	  -2.9739815e+01	  -4.4560547e+01	   2.8107024e+00	
   1.9700000e+00	  -4.9792382e+01	  -2.9865997e+01	  -4.5922852e+01	   2.5097249e+00	
   1.9800000e+00	  -4.9919457e+01	  -2.9991204e+01	  -4.9108887e+01	   2.1963881e+00	
   1.9900000e+00	  -4.9108131e+01	  -3.0113484e+01	  -5.1833496e+01	   1.8665032e+00	
   2.0000000e+00	  -4.9225431e+01	  -3.0232825e+01	  -5.4909668e+01	   1.5205179e+00	
   2.0100000e+00	  -5.0163832e+01	  -3.0354725e+01	  -5.8732910e+01	   1.1550924e+00	
   2.0200000e+00	  -4.9049481e+01	  -3.0475310e+01	  -6.2358398e+01	   7.6862798e-01	
   2.0300000e+00	  -4.9616432e+01	  -3.0593425e+01	  -6.4248047e+01	   3.6731212e-01	
   2.0400000e+00	  -4.9635982e+01	  -3.0712638e+01	  -6.7016602e+01	  -4.6078481e-02	
   2.0500000e+00	  -4.9303631e+01	  -3.0830124e+01	  -6.9609375e+01	  -4.7367021e-01	
   2.0600000e+00	  -5.0114957e+01	  -3.0948374e+01	  -7.3630371e+01	  -9.1929648e-01	
   2.0700000e+00	  -4.9332957e+01	  -3.1065975e+01	  -7.6333008e+01	  -1.3831884e+00	
   2.0800000e+00	  -4.9694632e+01	  -3.1181524e+01	  -7.9606934e+01	  -1.8628919e+00	
   2.0900000e+00	  -4.9851032e+01	  -3.1297971e+01	  -8.2705078e+01	  -2.3595466e+00	
   2.1000000e+00	  -4.9645757e+01	  -3.1413536e+01	  -8.4924316e+01	  -2.8697432e+00	
   2.1100000e+00	  -4.9723957e+01	  -3.1527979e+01	  -8.7758789e+01	  -3.3925713e+00	
   2.1200000e+00	  -4.9264531e+01	  -3.1640511e+01	  -9.1076660e+01	  -3.9313923e+00	
   2.1300000e+00	  -4.9215656e+01	  -3.1750746e+01	  -9.3581543e+01	  -4.4850738e+00	
   2.1400000e+00	  -4.9401382e+01	  -3.1860720e+01	  -9.6306152e+01	  -5.0516649e+00	
   2.1500000e+00	  -4.9000606e+01	  -3.1969331e+01	  -9.9008789e+01	  -5.6317040e+00	
   2.1600000e+00	  -4.9460032e+01	  -3.2077446e+01	  -1.0254639e+02	  -6.2276530e+00	
   2.1700000e+00	  -4.9411157e+01	  -3.2186169e+01	  -1.0582031e+02	  -6.8412013e+00	
   2.1800000e+00	  -4.9802157e+01	  -3.2295283e+01	  -1.0790771e+02	  -7.4676970e+00	
   2.1900000e+00	  -4.9655532e+01	  -3.2404478e+01	  -1.1157715e+02	  -8.1082977e+00	
   2.2000000e+00	  -4.9303631e+01	  -3.2511429e+01	  -1.1395020e+02	  -8.7638096e+00	
   2.2100000e+00	  -4.9186331e+01	  -3.2616240e+01	  -1.1876221e+02	  -9.4377176e+00	
   2.2200000e+00	  -4.9489357e+01	  -3.2720976e+01	  -1.2003662e+02	  -1.0126466e+01	
   2.2300000e+00	  -4.9430707e+01	  -3.2825822e+01	  -1.2385986e+02	  -1.0826865e+01	
   2.2400000e+00	  -5.0085632e+01	  -3.2931878e+01	  -1.2629883e+02	  -1.1542488e+01	
   2.2500000e+00	  -4.9362282e+01	  -3.3037056e+01	  -1.3141846e+02	  -1.2277301e+01	
   2.2600000e+00	  -4.9157006e+01	  -3.3138666e+01	  -1.3387939e+02	  -1.3031253e+01	
   2.2700000e+00	  -4.9157006e+01	  -3.3238998e+01	  -1.3715332e+02	  -1.3798442e+01	
   2.2800000e+00	  -4.9254756e+01	  -3.3339007e+01	  -1.3805420e+02	  -1.4573900e+01	
   2.2900000e+00	  -4.9127681e+01	  -3.3438297e+01	  -1.4106445e+02	  -1.5356749e+01	
   2.3000000e+00	  -4.8981056e+01	  -3.3536109e+01	  -1.4515137e+02	  -1.6156922e+01	
   2.3100000e+00	  -4.8941956e+01	  -3.3632727e+01	  -1.4770020e+02	  -1.6972865e+01	
   2.3200000e+00	  -4.9147231e+01	  -3.3729259e+01	  -1.5231445e+02	  -1.7806130e+01	
   2.3300000e+00	  -4.9166781e+01	  -3.3825891e+01	  -1.5532471e+02	  -1.8658054e+01	
   2.3400000e+00	  -4.9372057e+01	  -3.3922622e+01	  -1.5840088e+02	  -1.9523704e+01	
   2.3500000e+00	  -4.9362282e+01	  -3.4019360e+01	  -1.6450928e+02	  -2.0412695e+01	
   2.3600000e+00	  -4.9244981e+01	  -3.4115093e+01	  -1.6459717e+02	  -2.1315523e+01	
   2.3700000e+00	  -4.9411157e+01	  -3.4210380e+01	  -1.6894775e+02	  -2.2226597e+01	
   2.3800000e+00	  -4.8922406e+01	  -3.4304060e+01	  -1.7151855e+02	  -2.3153640e+01	
   2.3900000e+00	  -4.9117906e+01	  -3.4396235e+01	  -1.7439697e+02	  -2.4091943e+01	
   2.4000000e+00	  -4.9499132e+01	  -3.4489638e+01	  -1.7951660e+02	  -2.5049416e+01	
   2.4100000e+00	  -4.9000606e+01	  -3.4582089e+01	  -1.8000000e+02	  -2.6018439e+01	
   2.4200000e+00	  -4.8961506e+01	  -3.4672278e+01	  -1.8000000e+02	  -2.6982907e+01	
   2.4300000e+00	  -4.8775781e+01	  -3.4761197e+01	  -1.8000000e+02	  -2.7941334e+01	
   2.4400000e+00	  -5.0036757e+01	  -3.4852927e+01	  -1.8000000e+02	  -2.8893758e+01	
   2.4500000e+00	  -4.8951731e+01	  -3.4944633e+01	  -1.2854004e+01	  -2.9316754e+01	
   2.4600000e+00	  -4.8912631e+01	  -3.5032244e+01	  -1.1975098e+01	  -2.9210887e+01	
   2.4700000e+00	  -4.9293856e+01	  -3.5120379e+01	   1.7303467e+02	  -2.8523523e+01	
   2.4800000e+00	  -4.9127681e+01	  -3.5208634e+01	   1.7538574e+02	  -2.7253695e+01	
   2.4900000e+00	  -4.9352507e+01	  -3.5296521e+01	   1.7446289e+02	  -2.5987347e+01	
   2.5000000e+00	  -4.9665307e+01	  -3.5385540e+01	   1.7670410e+02	  -2.4724802e+01	
   2.5100000e+00	  -4.9831482e+01	  -3.5475502e+01	   1.6554199e+02	  -2.3498104e+01	
   2.5200000e+00	  -4.9596882e+01	  -3.5564687e+01	   1.6158691e+02	  -2.2326432e+01	
   2.5300000e+00	  -4.9137456e+01	  -3.5651139e+01	   1.6323486e+02	  -2.1169324e+01	
   2.5400000e+00	  -4.9069031e+01	  -3.5735397e+01	   1.5936768e+02	  -2.0026415e+01	
   2.5500000e+00	  -4.9469807e+01	  -3.5820167e+01	   1.5747803e+02	  -1.8908693e+01	
   2.5600000e+00	  -4.9626207e+01	  -3.5906152e+01	   1.5178711e+02	  -1.7821712e+01	
   2.5700000e+00	  -4.9675082e+01	  -3.5992241e+01	   1.4666748e+02	  -1.6775396e+01	
   2.5800000e+00	  -4.9284081e+01	  -3.6076719e+01	   1.4383301e+02	  -1.5760544e+01	
   2.5900000e+00	  -4.9117906e+01	  -3.6158924e+01	   1.4025146e+02	  -1.4772141e+01	
   2.6000000e+00	  -4.9127681e+01	  -3.6240123e+01	   1.3781250e+02	  -1.3808785e+01	
   2.6100000e+00	  -4.9440482e+01	  -3.6321825e+01	   1.3532959e+02	  -1.2866877e+01	
   2.6200000e+00	  -4.9860807e+01	  -3.6405310e+01	   1.3205566e+02	  -1.1948897e+01	
   2.6300000e+00	  -4.9714182e+01	  -3.6489130e+01	   1.2792480e+02	  -1.1059857e+01	
   2.6400000e+00	  -4.9518682e+01	  -3.6571353e+01	   1.2643066e+02	  -1.0194002e+01	
   2.6500000e+00	  -5.0144282e+01	  -3.6654408e+01	   1.2396973e+02	  -9.3459567e+00	
   2.6600000e+00	  -4.9655532e+01	  -3.6737372e+01	   1.1735596e+02	  -8.5316428e+00	
   2.6700000e+00	  -5.0056307e+01	  -3.6819540e+01	   1.1944336e+02	  -7.7366050e+00	
   2.6800000e+00	  -4.9518682e+01	  -3.6900765e+01	   1.1118164e+02	  -6.9658835e+00	
   2.6900000e+00	  -4.8736681e+01	  -3.6977349e+01	   1.1456543e+02	  -6.2152658e+00	
   2.7000000e+00	  -4.9235206e+01	  -3.7052565e+01	   1.0696289e+02	  -5.4825619e+00	
   2.7100000e+00	  -4.9215656e+01	  -3.7128810e+01	   1.0450195e+02	  -4.7859637e+00	
   2.7200000e+00	  -4.9342732e+01	  -3.7204914e+01	   1.0206299e+02	  -4.1090740e+00	
   2.7300000e+00	  -4.9264531e+01	  -3.7280695e+01	   9.5581055e+01	  -3.4643621e+00	
   2.7400000e+00	  -4.9978107e+01	  -3.7357991e+01	   9.7844238e+01	  -2.8369006e+00	
   2.7500000e+00	  -4.9254756e+01	  -3.7434772e+01	   9.1933594e+01	  -2.2247921e+00	
   2.7600000e+00	  -4.9039706e+01	  -3.7508133e+01	   8.8901367e+01	  -1.6445246e+00	
   2.7700000e+00	  -4.9723957e+01	  -3.7582505e+01	   8.6616211e+01	  -1.0845444e+00	
   2.7800000e+00	  -5.0007432e+01	  -3.7659441e+01	   8.3562012e+01	  -5.4479327e-01	
   2.7900000e+00	  -4.9342732e+01	  -3.7734701e+01	   7.9013672e+01	  -3.2232235e-02	
   2.8000000e+00	  -4.9381832e+01	  -3.7807531e+01	   7.5102539e+01	   4.5062529e-01	
   2.8100000e+00	  -4.9166781e+01	  -3.7879353e+01	   7.3520508e+01	   9.1325513e-01	
   2.8200000e+00	  -4.9616432e+01	  -3.7951460e+01	   7.1037598e+01	   1.3602568e+00	
   2.8300000e+00	  -4.8893081e+01	  -3.8022259e+01	   6.9147949e+01	   1.7907649e+00	
   2.8400000e+00	  -4.9274306e+01	  -3.8091543e+01	   6.3500977e+01	   2.1949736e+00	
   2.8500000e+00	  -4.8961506e+01	  -3.8160607e+01	   6.0842285e+01	   2.5706391e+00	
   2.8600000e+00	  -4.9274306e+01	  -3.8229238e+01	   5.7502441e+01	   2.9251656e+00	
   2.8700000e+00	  -4.9362282e+01	  -3.8298694e+01	   5.4492188e+01	   3.2575845e+00	
   2.8800000e+00	  -4.9108131e+01	  -3.8367196e+01	   5.2163086e+01	   3.5711997e+00	
   2.8900000e+00	  -4.9166781e+01	  -3.8434655e+01	   4.8273926e+01	   3.8633764e+00	
   2.9000000e+00	  -4.9401382e+01	  -3.8502611e+01	   4.5725098e+01	   4.1335608e+00	
   2.9100000e+00	  -4.9039706e+01	  -3.8569743e+01	   4.2473145e+01	   4.3838862e+00	
   2.9200000e+00	  -4.9059256e+01	  -3.8635383e+01	   3.7375488e+01	   4.6064947e+00	
   2.9300000e+00	  -4.8922406e+01	  -3.8700245e+01	   3.5288086e+01	   4.8052070e+00	
   2.9400000e+00	  -4.8814881e+01	  -3.8763935e+01	   3.2761230e+01	   4.9882239e+00	
   2.9500000e+00	  -4.9723957e+01	  -3.8829736e+01	   3.1354980e+01	   5.1577769e+00	
   2.9600000e+00	  -4.8990831e+01	  -3.8895677e+01	   2.7707520e+01	   5.3104408e+00	
   2.9700000e+00	  -4.9000606e+01	  -3.8958939e+01	   2.3049316e+01	   5.4361371e+00	
   2.9800000e+00	  -4.8834431e+01	  -3.9021315e+01	   1.9204102e+01	   5.5344155e+00	
   2.9900000e+00	  -4.8814881e+01	  -3.9082718e+01	   1.7028809e+01	   5.6132234e+00	
   3.0000000e+00	  -4.8609606e+01	  -3.9143033e+01	   1.2985840e+01	   5.6720637e+00	
   3.0100000e+00	  -4.8775781e+01	  -3.9202847e+01	   1.3732910e+01	   5.7202134e+00	
   3.0200000e+00	  -4.9069031e+01	  -3.9263726e+01	   9.4482422e+00	   5.7569825e+00	
   3.0300000e+00	  -4.8814881e+01	  -3.9324346e+01	   4.9658203e+00	   5.7660650e+00	
   3.0400000e+00	  -4.9127681e+01	  -3.9384770e+01	   3.8891602e+00	   5.7576808e+00	
   3.0500000e+00	  -4.9059256e+01	  -3.9445581e+01	  -2.5268555e+00	   5.7258838e+00	
   3.0600000e+00	  -4.9108131e+01	  -3.9505949e+01	  -2.5048828e+00	   5.6742613e+00	
   3.0700000e+00	  -4.8511856e+01	  -3.9564225e+01	  -8.9648438e+00	   5.6028000e+00	
   3.0800000e+00	  -4.8296806e+01	  -3.9619596e+01	  -9.7119141e+00	   5.5092155e+00	
   3.0900000e+00	  -4.8766006e+01	  -3.9675415e+01	  -1.2216797e+01	   5.4060328e+00	
   3.1000000e+00	  -4.8619381e+01	  -3.9731895e+01	  -1.3666992e+01	   5.2911100e+00	
   3.1100000e+00	  -4.9362282e+01	  -3.9789889e+01	  -1.8742676e+01	   5.1564695e+00	
   3.1200000e+00	  -4.9235206e+01	  -3.9849448e+01	  -2.2939453e+01	   4.9936333e+00	
   3.1300000e+00	  -4.9039706e+01	  -3.9907623e+01	  -2.4301758e+01	   4.8144072e+00	
   3.1400000e+00	  -4.8951731e+01	  -3.9964547e+01	  -2.5598145e+01	   4.6279773e+00	
   3.1500000e+00	  -4.8902856e+01	  -4.0020685e+01	  -2.9992676e+01	   4.4248924e+00	
   3.1600000e+00	  -4.9049481e+01	  -4.0076778e+01	  -3.3420410e+01	   4.1985822e+00	
   3.1700000e+00	  -4.9792382e+01	  -4.0135305e+01	  -3.5068359e+01	   3.9577936e+00	
   3.1800000e+00	  -4.8560731e+01	  -4.0191936e+01	  -3.9946289e+01	   3.6980756e+00	
   3.1900000e+00	  -4.9665307e+01	  -4.0247813e+01	  -4.4143066e+01	   3.4115646e+00	
   3.2000000e+00	  -4.8922406e+01	  -4.0304473e+01	  -4.6296387e+01	   3.1069611e+00	
   3.2100000e+00	  -4.8932181e+01	  -4.0358483e+01	  -4.7307129e+01	   2.7943564e+00	
   3.2200000e+00	  -4.8814881e+01	  -4.0411817e+01	  -4.9658203e+01	   2.4731813e+00	
   3.2300000e+00	  -4.9244981e+01	  -4.0465797e+01	  -5.3107910e+01	   2.1358512e+00	
   3.2400000e+00	  -4.8990831e+01	  -4.0519989e+01	  -5.7634277e+01	   1.7756549e+00	
   3.2500000e+00	  -4.9381832e+01	  -4.0574271e+01	  -6.0314941e+01	   1.3951438e+00	
   3.2600000e+00	  -4.8961506e+01	  -4.0628121e+01	  -6.2578125e+01	   1.0015332e+00	
   3.2700000e+00	  -4.9284081e+01	  -4.0681328e+01	  -6.5720215e+01	   5.9345993e-01	
   3.2800000e+00	  -4.9499132e+01	  -4.0735885e+01	  -6.8730469e+01	   1.6867494e-01	
   3.2900000e+00	  -4.9870582e+01	  -4.0791937e+01	  -7.2355957e+01	  -2.7423099e-01	
   3.3000000e+00	  -4.9821707e+01	  -4.0848648e+01	  -7.4443359e+01	  -7.3225418e-01	
   3.3100000e+00	  -4.9489357e+01	  -4.0903811e+01	  -7.7519531e+01	  -1.2035796e+00	
   3.3200000e+00	  -4.9323182e+01	  -4.0957066e+01	  -8.0485840e+01	  -1.6908765e+00	
   3.3300000e+00	  -4.9802157e+01	  -4.1010967e+01	  -8.3188477e+01	  -2.1928751e+00	
   3.3400000e+00	  -4.9186331e+01	  -4.1064103e+01	  -8.6572266e+01	  -2.7107905e+00	
   3.3500000e+00	  -4.8873531e+01	  -4.1113997e+01	  -9.0175781e+01	  -3.2473446e+00	
   3.3600000e+00	  -4.9117906e+01	  -4.1163364e+01	  -9.2219238e+01	  -3.7982230e+00	
   3.3700000e+00	  -4.9020156e+01	  -4.1212882e+01	  -9.4416504e+01	  -4.3589319e+00	
   3.3800000e+00	  -4.9078806e+01	  -4.1261966e+01	  -9.7272949e+01	  -4.9319557e+00	
   3.3900000e+00	  -4.9127681e+01	  -4.1311080e+01	  -1.0037109e+02	  -5.5200388e+00	
   3.4000000e+00	  -4.9157006e+01	  -4.1360132e+01	  -1.0289795e+02	  -6.1220546e+00	
   3.4100000e+00	  -4.9117906e+01	  -4.1408845e+01	  -1.0698486e+02	  -6.7410125e+00	
   3.4200000e+00	  -4.8844206e+01	  -4.1456274e+01	  -1.0984131e+02	  -7.3778384e+00	
   3.4300000e+00	  -4.9078806e+01	  -4.1503283e+01	  -1.1493896e+02	  -8.0355859e+00	
   3.4400000e+00	  -4.8902856e+01	  -4.1550182e+01	  -1.1544434e+02	  -8.7067610e+00	
   3.4500000e+00	  -4.9675082e+01	  -4.1598654e+01	  -1.1841064e+02	  -9.3846046e+00	
   3.4600000e+00	  -4.9665307e+01	  -4.1649210e+01	  -1.2179443e+02	  -1.0078090e+01	
   3.4700000e+00	  -4.9088581e+01	  -4.1697613e+01	  -1.2599121e+02	  -1.0790971e+01	
   3.4800000e+00	  -4.9000606e+01	  -4.1743631e+01	  -1.2788086e+02	  -1.1518449e+01	
   3.4900000e+00	  -4.9997657e+01	  -4.1792208e+01	  -1.3293457e+02	  -1.2263116e+01	
   3.5000000e+00	  -4.9440482e+01	  -4.1841858e+01	  -1.3563721e+02	  -1.3027409e+01	
   3.5100000e+00	  -4.9117906e+01	  -4.1888442e+01	  -1.3631836e+02	  -1.3797512e+01	
   3.5200000e+00	  -4.8668256e+01	  -4.1932316e+01	  -1.3950439e+02	  -1.4574903e+01	
   3.5300000e+00	  -4.8824656e+01	  -4.1974996e+01	  -1.4431641e+02	  -1.5372472e+01	
   3.5400000e+00	  -4.8726906e+01	  -4.2017593e+01	  -1.4895264e+02	  -1.6194636e+01	
   3.5500000e+00	  -4.9147231e+01	  -4.2060933e+01	  -1.5002930e+02	  -1.7029541e+01	
   3.5600000e+00	  -4.8756231e+01	  -4.2104094e+01	  -1.5409424e+02	  -1.7875319e+01	
   3.5700000e+00	  -4.9675082e+01	  -4.2148638e+01	  -1.5442383e+02	  -1.8729562e+01	
   3.5800000e+00	  -5.0075857e+01	  -4.2197035e+01	  -1.5690674e+02	  -1.9587263e+01	
   3.5900000e+00	  -4.9811932e+01	  -4.2245558e+01	  -1.6158691e+02	  -2.0462025e+01	
   3.6000000e+00	  -4.9626207e+01	  -4.2292368e+01	  -1.6552002e+02	  -2.1358282e+01	
   3.6100000e+00	  -4.9567557e+01	  -4.2338120e+01	  -1.6855225e+02	  -2.2270740e+01	
   3.6200000e+00	  -4.8981056e+01	  -4.2381565e+01	  -1.7206787e+02	  -2.3197988e+01	
   3.6300000e+00	  -4.9381832e+01	  -4.2424156e+01	  -1.7584717e+02	  -2.4142275e+01	
   3.6400000e+00	  -4.9039706e+01	  -4.2466665e+01	  -1.7815430e+02	  -2.5099708e+01	
   3.6500000e+00	  -4.9108131e+01	  -4.2508049e+01	  -1.8000000e+02	  -2.6064150e+01	
   3.6600000e+00	  -4.8912631e+01	  -4.2548777e+01	  -1.8000000e+02	  -2.7028332e+01	
   3.6700000e+00	  -4.9489357e+01	  -4.2590443e+01	  -1.8000000e+02	  -2.7986474e+01	
   3.6800000e+00	  -4.8844206e+01	  -4.2631634e+01	  -1.8000000e+02	  -2.8938615e+01	
   3.6900000e+00	  -4.8990831e+01	  -4.2671006e+01	  -1.2590332e+01	  -2.9360505e+01	
   3.7000000e+00	  -4.8726906e+01	  -4.2709764e+01	   1.7802246e+02	  -2.8658510e+01	
   3.7100000e+00	  -4.9342732e+01	  -4.2749381e+01	   1.7668213e+02	  -2.7368155e+01	
   3.7200000e+00	  -4.9430707e+01	  -4.2790954e+01	   1.7670410e+02	  -2.6090012e+01	
   3.7300000e+00	  -4.9733732e+01	  -4.2833491e+01	   1.7292480e+02	  -2.4831641e+01	
   3.7400000e+00	  -4.9557782e+01	  -4.2876160e+01	   1.7070557e+02	  -2.3599938e+01	
   3.7500000e+00	  -4.9039706e+01	  -4.2916388e+01	   1.6677246e+02	  -2.2395218e+01	
   3.7600000e+00	  -4.9303631e+01	  -4.2955568e+01	   1.6327881e+02	  -2.1221302e+01	
   3.7700000e+00	  -4.9342732e+01	  -4.2995452e+01	   1.6255371e+02	  -2.0067951e+01	
   3.7800000e+00	  -4.9059256e+01	  -4.3034321e+01	   1.5306152e+02	  -1.8953822e+01	
   3.7900000e+00	  -4.9186331e+01	  -4.3072456e+01	   1.5477539e+02	  -1.7871032e+01	
   3.8000000e+00	  -4.9313406e+01	  -4.3111148e+01	   1.4785400e+02	  -1.6811332e+01	
   3.8100000e+00	  -4.9831482e+01	  -4.3151619e+01	   1.4646973e+02	  -1.5784281e+01	
   3.8200000e+00	  -5.0095407e+01	  -4.3194285e+01	   1.4345947e+02	  -1.4777426e+01	
   3.8300000e+00	  -4.8795331e+01	  -4.3233439e+01	   1.4027344e+02	  -1.3796283e+01	
   3.8400000e+00	  -4.9606657e+01	  -4.3270817e+01	   1.3427490e+02	  -1.2850049e+01	
   3.8500000e+00	  -4.9899907e+01	  -4.3311420e+01	   1.3653809e+02	  -1.1921440e+01	
   3.8600000e+00	  -4.9616432e+01	  -4.3351799e+01	   1.3286865e+02	  -1.1003051e+01	
   3.8700000e+00	  -5.0173607e+01	  -4.3392783e+01	   1.2750732e+02	  -1.0118697e+01	
   3.8800000e+00	  -4.9772832e+01	  -4.3434000e+01	   1.2440918e+02	  -9.2663750e+00	
   3.8900000e+00	  -4.9489357e+01	  -4.3472815e+01	   1.2166260e+02	  -8.4376960e+00	
   3.9000000e+00	  -4.9811932e+01	  -4.3511510e+01	   1.1621338e+02	  -7.6398747e+00	
   3.9100000e+00	  -5.0017207e+01	  -4.3551616e+01	   1.1412598e+02	  -6.8706536e+00	
   3.9200000e+00	  -5.0281132e+01	  -4.3592940e+01	   1.1166504e+02	  -6.1204949e+00	
   3.9300000e+00	  -4.9362282e+01	  -4.3631954e+01	   1.1177490e+02	  -5.3823978e+00	
   3.9400000e+00	  -4.9372057e+01	  -4.3667877e+01	   1.0731445e+02	  -4.6625487e+00	
   3.9500000e+00	  -4.9362282e+01	  -4.3703575e+01	   1.0342529e+02	  -3.9733575e+00	
   3.9600000e+00	  -4.9684857e+01	  -4.3740028e+01	   9.9294434e+01	  -3.3135999e+00	
   3.9700000e+00	  -4.9147231e+01	  -4.3775580e+01	   9.6416016e+01	  -2.6799261e+00	
   3.9800000e+00	  -4.9069031e+01	  -4.3808981e+01	   9.3273926e+01	  -2.0690761e+00	
   3.9900000e+00	  -4.9479582e+01	  -4.3843213e+01	   9.1516113e+01	  -1.4773976e+00	
   4.0000000e+00	  -4.8863756e+01	  -4.3876588e+01	   8.8813477e+01	  -9.0339410e-01	
   4.0100000e+00	  -4.9948782e+01	  -4.3911223e+01	   8.6572266e+01	  -3.4846887e-01	
   4.0200000e+00	  -4.9069031e+01	  -4.3946284e+01	   8.1057129e+01	   1.7868951e-01	
   4.0300000e+00	  -4.9157006e+01	  -4.3978646e+01	   7.6596680e+01	   6.7130485e-01	
   4.0400000e+00	  -4.9577332e+01	  -4.4012398e+01	   7.5585938e+01	   1.1437002e+00	
   4.0500000e+00	  -4.9342732e+01	  -4.4046519e+01	   7.0620117e+01	   1.5944195e+00	
   4.0600000e+00	  -5.0114957e+01	  -4.4082110e+01	   6.9697266e+01	   2.0238737e+00	
   4.0700000e+00	  -4.8990831e+01	  -4.4116377e+01	   6.1721191e+01	   2.4227688e+00	
   4.0800000e+00	  -4.8971281e+01	  -4.4146847e+01	   6.2424316e+01	   2.7963882e+00	
   4.0900000e+00	  -4.9264531e+01	  -4.4177983e+01	   5.6733398e+01	   3.1520468e+00	
   4.1000000e+00	  -4.9049481e+01	  -4.4209170e+01	   5.4975586e+01	   3.4821500e+00	
   4.1100000e+00	  -4.9635982e+01	  -4.4241324e+01	   5.3591309e+01	   3.8003454e+00	
   4.1200000e+00	  -4.9244981e+01	  -4.4273889e+01	   5.0668945e+01	   4.1030604e+00	
   4.1300000e+00	  -4.9860807e+01	  -4.4306954e+01	   4.8999023e+01	   4.3894973e+00	
   4.1400000e+00	  -4.8766006e+01	  -4.4338312e+01	   4.0891113e+01	   4.6435183e+00	
   4.1500000e+00	  -4.9714182e+01	  -4.4369015e+01	   3.9814453e+01	   4.8671843e+00	
   4.1600000e+00	  -4.8697581e+01	  -4.4399310e+01	   4.1879883e+01	   5.0925459e+00	
   4.1700000e+00	  -4.8893081e+01	  -4.4426845e+01	   3.7155762e+01	   5.3081696e+00	
   4.1800000e+00	  -4.9254756e+01	  -4.4455952e+01	   3.0959473e+01	   5.4882426e+00	
   4.1900000e+00	  -4.9831482e+01	  -4.4487816e+01	   2.8234863e+01	   5.6392496e+00	
   4.2000000e+00	  -4.9704407e+01	  -4.4520888e+01	   2.4213867e+01	   5.7681850e+00	
   4.2100000e+00	  -4.9039706e+01	  -4.4551273e+01	   2.0983887e+01	   5.8736045e+00	
   4.2200000e+00	  -4.9518682e+01	  -4.4580887e+01	   1.9863281e+01	   5.9647387e+00	
   4.2300000e+00	  -4.9225431e+01	  -4.4610896e+01	   1.5007324e+01	   6.0365849e+00	
   4.2400000e+00	  -4.9401382e+01	  -4.4640351e+01	   1.3864746e+01	   6.0891951e+00	
   4.2500000e+00	  -4.8941956e+01	  -4.4668733e+01	   1.0986328e+01	   6.1288830e+00	
   4.2600000e+00	  -4.9675082e+01	  -4.4697794e+01	   7.1191406e+00	   6.1471966e+00	
   4.2700000e+00	  -4.8482531e+01	  -4.4725235e+01	   5.0097656e+00	   6.1466784e+00	
   4.2800000e+00	  -4.8981056e+01	  -4.4750330e+01	   3.1860352e+00	   6.1338458e+00	
   4.2900000e+00	  -4.9362282e+01	  -4.4778023e+01	  -6.3720703e-01	   6.1034086e+00	
   4.3000000e+00	  -4.8844206e+01	  -4.4805114e+01	  -4.4165039e+00	   6.0493527e+00	
   4.3100000e+00	  -4.8668256e+01	  -4.4829862e+01	  -8.8769531e+00	   5.9698304e+00	
   4.3200000e+00	  -4.8472756e+01	  -4.4853292e+01	  -8.9208984e+00	   5.8766995e+00	
   4.3300000e+00	  -4.8961506e+01	  -4.4877493e+01	  -1.2634277e+01	   5.7723849e+00	
   4.3400000e+00	  -4.8766006e+01	  -4.4902461e+01	  -1.5974121e+01	   5.6466347e+00	
   4.3500000e+00	  -4.8853981e+01	  -4.4926936e+01	  -2.1467285e+01	   5.4940092e+00	
   4.3600000e+00	  -4.9567557e+01	  -4.4953768e+01	  -2.2302246e+01	   5.3225214e+00	
   4.3700000e+00	  -4.9264531e+01	  -4.4981718e+01	  -2.7136230e+01	   5.1343540e+00	
   4.3800000e+00	  -4.8482531e+01	  -4.5006094e+01	  -2.6389160e+01	   4.9345659e+00	
   4.3900000e+00	  -4.8619381e+01	  -4.5028297e+01	  -3.1706543e+01	   4.7217161e+00	
   4.4000000e+00	  -4.9059256e+01	  -4.5052168e+01	  -3.3552246e+01	   4.4877664e+00	
   4.4100000e+00	  -4.8785556e+01	  -4.5076409e+01	  -3.7814941e+01	   4.2361519e+00	
   4.4200000e+00	  -4.8687806e+01	  -4.5099335e+01	  -3.9858398e+01	   3.9663641e+00	
   4.4300000e+00	  -4.8922406e+01	  -4.5122547e+01	  -4.1791992e+01	   3.6858109e+00	
   4.4400000e+00	  -4.9010381e+01	  -4.5146623e+01	  -4.5021973e+01	   3.3908438e+00	
   4.4500000e+00	  -4.9137456e+01	  -4.5171221e+01	  -4.7548828e+01	   3.0796952e+00	
   4.4600000e+00	  -4.9108131e+01	  -4.5195972e+01	  -5.2778320e+01	   2.7462045e+00	
   4.4700000e+00	  -4.8678031e+01	  -4.5219129e+01	  -5.2294922e+01	   2.3999389e+00	
   4.4800000e+00	  -4.8717131e+01	  -4.5240917e+01	  -5.6228027e+01	   2.0450386e+00	
   4.4900000e+00	  -4.8668256e+01	  -4.5262537e+01	  -5.9655762e+01	   1.6693087e+00	
   4.5000000e+00	  -4.9811932e+01	  -4.5287450e+01	  -6.3369141e+01	   1.2735680e+00	
   4.5100000e+00	  -4.9293856e+01	  -4.5314167e+01	  -6.6708984e+01	   8.5821691e-01	
   4.5200000e+00	  -4.9137456e+01	  -4.5338604e+01	  -6.8225098e+01	   4.3025971e-01	
   4.5300000e+00	  -4.9196106e+01	  -4.5362582e+01	  -7.2817383e+01	  -1.4147029e-02	
   4.5400000e+00	  -4.9157006e+01	  -4.5386471e+01	  -7.5102539e+01	  -4.7730874e-01	
   4.5500000e+00	  -4.9039706e+01	  -4.5409721e+01	  -7.7629395e+01	  -9.5263951e-01	
   4.5600000e+00	  -4.9147231e+01	  -4.5432794e+01	  -8.1672363e+01	  -1.4455682e+00	
   4.5700000e+00	  -4.8873531e+01	  -4.5455202e+01	  -8.3759766e+01	  -1.9546082e+00	
   4.5800000e+00	  -4.9538232e+01	  -4.5478695e+01	  -8.6879883e+01	  -2.4767686e+00	
   4.5900000e+00	  -4.9635982e+01	  -4.5504428e+01	  -8.9846191e+01	  -3.0147197e+00	
   4.6000000e+00	  -4.8922406e+01	  -4.5528071e+01	  -9.2351074e+01	  -3.5664358e+00	
   4.6100000e+00	  -4.8805106e+01	  -4.5548964e+01	  -9.5119629e+01	  -4.1312114e+00	
   4.6200000e+00	  -4.9020156e+01	  -4.5570033e+01	  -9.8283691e+01	  -4.7110290e+00	
   4.6300000e+00	  -4.8687806e+01	  -4.5590602e+01	  -1.0186523e+02	  -5.3083406e+00	
   4.6400000e+00	  -4.8629156e+01	  -4.5609818e+01	  -1.0516113e+02	  -5.9234494e+00	
   4.6500000e+00	  -4.9078806e+01	  -4.5630137e+01	  -1.0720459e+02	  -6.5514271e+00	
   4.6600000e+00	  -4.8893081e+01	  -4.5651157e+01	  -1.1028076e+02	  -7.1915049e+00	
   4.6700000e+00	  -4.9059256e+01	  -4.5671983e+01	  -1.1353271e+02	  -7.8473918e+00	
   4.6800000e+00	  -4.8883306e+01	  -4.5692648e+01	  -1.1610352e+02	  -8.5174059e+00	
   4.6900000e+00	  -4.8805106e+01	  -4.5712388e+01	  -1.1893799e+02	  -9.2001515e+00	
   4.7000000e+00	  -4.9029931e+01	  -4.5732464e+01	  -1.2368408e+02	  -9.9023612e+00	
   4.7100000e+00	  -4.8795331e+01	  -4.5752383e+01	  -1.2752930e+02	  -1.0627079e+01	
   4.7200000e+00	  -4.8785556e+01	  -4.5771412e+01	  -1.3102295e+02	  -1.1370240e+01	
   4.7300000e+00	  -4.9127681e+01	  -4.5791362e+01	  -1.3311035e+02	  -1.2126226e+01	
   4.7400000e+00	  -4.8707356e+01	  -4.5810943e+01	  -1.3431885e+02	  -1.2887798e+01	
   4.7500000e+00	  -4.9372057e+01	  -4.5831166e+01	  -1.3853760e+02	  -1.3661597e+01	
   4.7600000e+00	  -4.9039706e+01	  -4.5852304e+01	  -1.4055908e+02	  -1.4450092e+01	
   4.7700000e+00	  -4.9430707e+01	  -4.5873493e+01	  -1.4387695e+02	  -1.5250370e+01	
   4.7800000e+00	  -4.8805106e+01	  -4.5893814e+01	  -1.4945801e+02	  -1.6073505e+01	
   4.7900000e+00	  -4.9479582e+01	  -4.5914162e+01	  -1.4969971e+02	  -1.6909719e+01	
   4.8000000e+00	  -4.8961506e+01	  -4.5934871e+01	  -1.5585205e+02	  -1.7760721e+01	
   4.8100000e+00	  -4.9391607e+01	  -4.5955176e+01	  -1.5613770e+02	  -1.8626555e+01	
   4.8200000e+00	  -4.8873531e+01	  -4.5975077e+01	  -1.5947754e+02	  -1.9498319e+01	
   4.8300000e+00	  -4.8697581e+01	  -4.5992681e+01	  -1.6413574e+02	  -2.0389671e+01	
   4.8400000e+00	  -4.9137456e+01	  -4.6011001e+01	  -1.6791504e+02	  -2.1301865e+01	
   4.8500000e+00	  -4.8971281e+01	  -4.6030063e+01	  -1.6877197e+02	  -2.2222864e+01	
   4.8600000e+00	  -4.8238156e+01	  -4.6046189e+01	  -1.7470459e+02	  -2.3159358e+01	
   4.8700000e+00	  -4.9567557e+01	  -4.6064082e+01	  -1.7839600e+02	  -2.4120127e+01	
   4.8800000e+00	  -4.9655532e+01	  -4.6086302e+01	  -1.7723145e+02	  -2.5082791e+01	
   4.8900000e+00	  -4.9000606e+01	  -4.6106607e+01	  -1.8000000e+02	  -2.6044449e+01	
   4.9000000e+00	  -4.8805106e+01	  -4.6124121e+01	  -1.8000000e+02	  -2.7008754e+01	
   4.9100000e+00	  -4.8912631e+01	  -4.6141250e+01	  -1.8000000e+02	  -2.7967019e+01	
   4.9200000e+00	  -4.8883306e+01	  -4.6158517e+01	  -1.0942383e+01	  -2.8389833e+01	
   4.9300000e+00	  -4.8990831e+01	  -4.6175921e+01	  -1.1425781e+01	  -2.8282065e+01	
   4.9400000e+00	  -4.9235206e+01	  -4.6194317e+01	   1.7516602e+02	  -2.7592123e+01	
   4.9500000e+00	  -4.9205881e+01	  -4.6213272e+01	   1.7723145e+02	  -2.6315673e+01	
   4.9600000e+00	  -4.8824656e+01	  -4.6230822e+01	   1.7819824e+02	  -2.5037722e+01	
   4.9700000e+00	  -4.9215656e+01	  -4.6248294e+01	   1.7301270e+02	  -2.3780988e+01	
   4.9800000e+00	  -4.9176556e+01	  -4.6266757e+01	   1.7116699e+02	  -2.2554146e+01	
   4.9900000e+00	  -4.8795331e+01	  -4.6283789e+01	   1.6668457e+02	  -2.1354806e+01	
   5.0000000e+00	  -4.9274306e+01	  -4.6301020e+01	   1.6255371e+02	  -2.0189952e+01	
   5.0100000e+00	  -4.9147231e+01	  -4.6319245e+01	   1.6158691e+02	  -1.9048360e+01	
   5.0200000e+00	  -4.7739630e+01	  -4.6332550e+01	   1.5767578e+02	  -1.7929195e+01	
   5.0300000e+00	  -4.6928304e+01	  -4.6338823e+01	   1.5666504e+02	  -1.6832453e+01	
   5.0400000e+00	  -4.5334978e+01	  -4.6337525e+01	   1.5035889e+02	  -1.5765496e+01	
   5.0500000e+00	  -4.3741651e+01	  -4.6326256e+01	   1.5005127e+02	  -1.4725935e+01	
   5.0600000e+00	  -4.2725050e+01	  -4.6306883e+01	   1.4631592e+02	  -1.3705546e+01	
   5.0700000e+00	  -4.1249024e+01	  -4.6279826e+01	   1.4317383e+02	  -1.2713088e+01	
   5.0800000e+00	  -3.9020322e+01	  -4.6241335e+01	   1.3882324e+02	  -1.1750311e+01	
   5.0900000e+00	  -3.8228546e+01	  -4.6193627e+01	   1.4005371e+02	  -1.0803335e+01	
   5.1000000e+00	  -3.6332195e+01	  -4.6137798e+01	   1.3873535e+02	  -9.8625666e+00	
   5.1100000e+00	  -3.3732042e+01	  -4.6068237e+01	   1.3697754e+02	  -8.9373244e+00	
   5.1200000e+00	  -3.2607916e+01	  -4.5987449e+01	   1.3438477e+02	  -8.0315025e+00	
   5.1300000e+00	  -3.1434915e+01	  -4.5899972e+01	   1.2759521e+02	  -7.1607374e+00	
   5.1400000e+00	  -2.9577663e+01	  -4.5803553e+01	   1.2926514e+02	  -6.3114598e+00	
   5.1500000e+00	  -2.7436936e+01	  -4.5695218e+01	   1.2566162e+02	  -5.4735573e+00	
   5.1600000e+00	  -2.5530810e+01	  -4.5574887e+01	   1.2443115e+02	  -4.6560420e+00	
   5.1700000e+00	  -2.2891557e+01	  -4.5441075e+01	   1.2335449e+02	  -3.8508725e+00	
   5.1800000e+00	  -2.0829030e+01	  -4.5293376e+01	   1.1968506e+02	  -3.0656099e+00	
   5.1900000e+00	  -1.9538729e+01	  -4.5136102e+01	   1.2438721e+02	  -2.2820315e+00	
   5.2000000e+00	  -1.5843776e+01	  -4.4964200e+01	   1.2071777e+02	  -1.5001270e+00	
   5.2100000e+00	  -1.4700100e+01	  -4.4778222e+01	   1.1915771e+02	  -7.3949740e-01	
   5.2200000e+00	  -1.2383422e+01	  -4.4582572e+01	   1.1693848e+02	   4.5320729e-03	
   5.2300000e+00	  -1.2471398e+01	  -4.4381167e+01	   1.1819092e+02	   7.4087351e-01	
   5.2400000e+00	  -1.0545721e+01	  -4.4175268e+01	   1.1276367e+02	   1.4595284e+00	
   5.2500000e+00	  -8.1997186e+00	  -4.3957281e+01	   1.1988281e+02	   2.1789805e+00	
   5.2600000e+00	  -7.8575933e+00	  -4.3732241e+01	   1.1950928e+02	   2.9150520e+00	
   5.2700000e+00	  -4.8468905e+00	  -4.3498111e+01	   1.1452148e+02	   3.6297226e+00	
   5.2800000e+00	  -4.9739656e+00	  -4.3256416e+01	   1.1860840e+02	   4.3370956e+00	
   5.2900000e+00	  -2.2271881e+00	  -4.3008030e+01	   1.1485107e+02	   5.0410701e+00	
   5.3000000e+00	  -6.3386163e-01	  -4.2747608e+01	   1.2016846e+02	   5.7455210e+00	
   5.3100000e+00	   5.6846448e-01	  -4.2480062e+01	   1.1825684e+02	   6.4562255e+00	
   5.3200000e+00	   2.2888661e+00	  -4.2205039e+01	   1.2089355e+02	   7.1647494e+00	
   5.3300000e+00	   9.9856487e-01	  -4.1930391e+01	   1.1630127e+02	   7.8627111e+00	
   5.3400000e+00	   1.2038401e+00	  -4.1660861e+01	   1.1843262e+02	   8.5485939e+00	
   5.3500000e+00	   3.5400672e+00	  -4.1385060e+01	   1.1737793e+02	   9.2335526e+00	
   5.3600000e+00	   3.0708668e+00	  -4.1105140e+01	   1.2008057e+02	   9.9193820e+00	
   5.3700000e+00	   5.7296692e+00	  -4.0820116e+01	   1.1838867e+02	   1.0604081e+01	
   5.3800000e+00	   6.5996450e+00	  -4.0525825e+01	   1.1430176e+02	   1.1266394e+01	
   5.3900000e+00	   6.6387451e+00	  -4.0230531e+01	   1.2458496e+02	   1.1943963e+01	
   5.4000000e+00	   8.9065472e+00	  -3.9929862e+01	   1.1935547e+02	   1.2633116e+01	
   5.4100000e+00	   9.5712478e+00	  -3.9621892e+01	   1.2249756e+02	   1.3311415e+01	
   5.4200000e+00	   8.7012720e+00	  -3.9316494e+01	   1.2212402e+02	   1.3994135e+01	
   5.4300000e+00	   1.0509649e+01	  -3.9010070e+01	   1.2552979e+02	   1.4682076e+01	
   5.4400000e+00	   1.0929974e+01	  -3.8698585e+01	   1.2339844e+02	   1.5369699e+01	
   5.4500000e+00	   1.1956350e+01	  -3.8384521e+01	   1.2175049e+02	   1.6041179e+01	
   5.4600000e+00	   1.2474425e+01	  -3.8067587e+01	   1.2467285e+02	   1.6712444e+01	
   5.4700000e+00	   1.5592653e+01	  -3.7741250e+01	   1.2880371e+02	   1.7401594e+01	
   5.4800000e+00	   1.3970002e+01	  -3.7412273e+01	   1.2625488e+02	   1.8091382e+01	
   5.4900000e+00	   1.5318953e+01	  -3.7086214e+01	   1.3029785e+02	   1.8781529e+01	
   5.5000000e+00	   1.7508555e+01	  -3.6751116e+01	   1.3352783e+02	   1.9490130e+01	
   5.5100000e+00	   1.7039355e+01	  -3.6412728e+01	   1.2880371e+02	   2.0189614e+01	
   5.5200000e+00	   1.8730431e+01	  -3.6072634e+01	   1.3530762e+02	   2.0890290e+01	
   5.5300000e+00	   2.1047108e+01	  -3.5722118e+01	   1.3163818e+02	   2.1595454e+01	
   5.5400000e+00	   1.9962082e+01	  -3.5369940e+01	   1.3561523e+02	   2.2297165e+01	
   5.5500000e+00	   2.1066658e+01	  -3.5019907e+01	   1.3434082e+02	   2.3002945e+01	
   5.5600000e+00	   2.2229884e+01	  -3.4664964e+01	   1.4174561e+02	   2.3723503e+01	
   5.5700000e+00	   2.2699085e+01	  -3.4307133e+01	   1.4172363e+02	   2.4462669e+01	
   5.5800000e+00	   2.3285585e+01	  -3.3948236e+01	   1.4209717e+02	   2.5198306e+01	
   5.5900000e+00	   2.3529961e+01	  -3.3588985e+01	   1.4387695e+02	   2.5936080e+01	
   5.6000000e+00	   2.5670688e+01	  -3.3224514e+01	   1.4721680e+02	   2.6685265e+01	
   5.6100000e+00	   2.4311961e+01	  -3.2859878e+01	   1.4734863e+02	   2.7440631e+01	
   5.6200000e+00	   2.6169213e+01	  -3.2495964e+01	   1.4761230e+02	   2.8192504e+01	
   5.6300000e+00	   2.6873014e+01	  -3.2126309e+01	   1.4789795e+02	   2.8941388e+01	
   5.6400000e+00	   2.5396987e+01	  -3.1761387e+01	   1.5183105e+02	   2.9698793e+01	
   5.6500000e+00	   2.9003966e+01	  -3.1392078e+01	   1.5446777e+02	   3.0472029e+01	
   5.6600000e+00	   2.6169213e+01	  -3.1022663e+01	   1.5572021e+02	   3.1252603e+01	
   5.6700000e+00	   2.8867116e+01	  -3.0655991e+01	   1.5815918e+02	   3.2039847e+01	
   5.6800000e+00	   3.0382242e+01	  -3.0278422e+01	   1.6378418e+02	   3.2847416e+01	
   5.6900000e+00	   2.9991242e+01	  -2.9899696e+01	   1.6398193e+02	   3.3668161e+01	
   5.7000000e+00	   3.0607067e+01	  -2.9522639e+01	   1.6239990e+02	   3.4479430e+01	
   5.7100000e+00	   3.0587517e+01	  -2.9146076e+01	   1.6490479e+02	   3.5288509e+01	
   5.7200000e+00	   2.9678441e+01	  -2.8774780e+01	   1.6754150e+02	   3.6108622e+01	
   5.7300000e+00	   3.0372467e+01	  -2.8406483e+01	   1.6998047e+02	   3.6939493e+01	
   5.7400000e+00	   3.0724367e+01	  -2.8037218e+01	   1.7180420e+02	   3.7778511e+01	
   5.7500000e+00	   3.2024443e+01	  -2.7665091e+01	   1.7791260e+02	   3.8637115e+01	
   5.7600000e+00	   3.1359743e+01	  -2.7293306e+01	   1.7567139e+02	   3.9502452e+01	
   5.7700000e+00	   3.3089919e+01	  -2.6920512e+01	   1.7567139e+02	   4.0355350e+01	
   5.7800000e+00	   3.4057645e+01	  -2.6541604e+01	   1.7208984e+02	   4.1191689e+01	
   5.7900000e+00	   3.5152446e+01	  -2.6158611e+01	   1.7982422e+02	   4.2035795e+01	
   5.8000000e+00	   3.6442748e+01	  -2.5770546e+01	  -1.0942383e+01	   4.2301401e+01	
   5.8100000e+00	   3.5797597e+01	  -2.5382892e+01	  -1.4985352e+01	   4.1955246e+01	
   5.8200000e+00	   3.4634371e+01	  -2.5003329e+01	  -1.8000000e+02	   4.1081810e+01	
   5.8300000e+00	   3.7009698e+01	  -2.4622348e+01	  -1.7982422e+02	   3.9697608e+01	
   5.8400000e+00	   3.6139722e+01	  -2.4239038e+01	  -1.8000000e+02	   3.8322076e+01	
   5.8500000e+00	   3.6315672e+01	  -2.3860303e+01	  -1.8000000e+02	   3.6954610e+01	
   5.8600000e+00	   3.6579598e+01	  -2.3482563e+01	  -1.8000000e+02	   3.5595708e+01	
   5.8700000e+00	   3.8221799e+01	  -2.3101219e+01	  -1.7984619e+02	   3.4245800e+01	
   5.8800000e+00	   3.8759425e+01	  -2.2715436e+01	  -1.7351807e+02	   3.2924647e+01	
   5.8900000e+00	   3.9179750e+01	  -2.2329070e+01	  -1.7151855e+02	   3.1637849e+01	
   5.9000000e+00	   3.7136773e+01	  -2.1950206e+01	  -1.7281494e+02	   3.0361313e+01	
   5.9100000e+00	   3.9218850e+01	  -2.1573593e+01	  -1.6767334e+02	   2.9104815e+01	
   5.9200000e+00	   3.9248175e+01	  -2.1192726e+01	  -1.6433350e+02	   2.7882749e+01	
   5.9300000e+00	   3.8739875e+01	  -2.0815744e+01	  -1.6442139e+02	   2.6678522e+01	
   5.9400000e+00	   3.9297050e+01	  -2.0440971e+01	  -1.6387207e+02	   2.5483283e+01	
   5.9500000e+00	   3.9512100e+01	  -2.0066127e+01	  -1.6035645e+02	   2.4308260e+01	
   5.9600000e+00	   3.9248175e+01	  -1.9693783e+01	  -1.5574219e+02	   2.3166058e+01	
   5.9700000e+00	   4.0186576e+01	  -1.9321660e+01	  -1.5369873e+02	   2.2051861e+01	
   5.9800000e+00	   3.9844451e+01	  -1.8950000e+01	  -1.5049072e+02	   2.0961089e+01	
   5.9900000e+00	   4.0900152e+01	  -1.8578433e+01	  -1.4710693e+02	   1.9897793e+01	
   6.0000000e+00	   4.1007677e+01	  -1.8205550e+01	  -1.4365723e+02	   1.8862558e+01	
   6.0100000e+00	   4.1320477e+01	  -1.7833687e+01	  -1.4161377e+02	   1.7851010e+01	
   6.0200000e+00	   4.0851277e+01	  -1.7464643e+01	  -1.3961426e+02	   1.6858460e+01	
   6.0300000e+00	   4.1574627e+01	  -1.7097114e+01	  -1.3649414e+02	   1.5888160e+01	
   6.0400000e+00	   4.1819002e+01	  -1.6728856e+01	  -1.3372559e+02	   1.4942380e+01	
   6.0500000e+00	   4.1144527e+01	  -1.6364253e+01	  -1.3273682e+02	   1.4014290e+01	
   6.0600000e+00	   4.0313651e+01	  -1.6006647e+01	  -1.3053955e+02	   1.3101992e+01	
   6.0700000e+00	   4.0294101e+01	  -1.5653944e+01	  -1.2884766e+02	   1.2207587e+01	
   6.0800000e+00	   4.1887428e+01	  -1.5298522e+01	  -1.2548584e+02	   1.1334612e+01	
   6.0900000e+00	   4.3480754e+01	  -1.4935346e+01	  -1.2115723e+02	   1.0491190e+01	
   6.1000000e+00	   4.2698753e+01	  -1.4571905e+01	  -1.1939941e+02	   9.6721112e+00	
   6.1100000e+00	   4.1877653e+01	  -1.4215760e+01	  -1.1603760e+02	   8.8741965e+00	
   6.1200000e+00	   4.3412329e+01	  -1.3859611e+01	  -1.1258789e+02	   8.1026115e+00	
   6.1300000e+00	   4.3050654e+01	  -1.3502019e+01	  -1.1109375e+02	   7.3513424e+00	
   6.1400000e+00	   4.3676254e+01	  -1.3145840e+01	  -1.0843506e+02	   6.6177846e+00	
   6.1500000e+00	   4.3353679e+01	  -1.2790944e+01	  -1.0667725e+02	   5.9026529e+00	
   6.1600000e+00	   4.4028155e+01	  -1.2437168e+01	  -1.0351318e+02	   5.2074146e+00	
   6.1700000e+00	   4.4155230e+01	  -1.2083098e+01	  -1.0259033e+02	   4.5293302e+00	
   6.1800000e+00	   4.4008605e+01	  -1.1731307e+01	  -9.9074707e+01	   3.8693933e+00	
   6.1900000e+00	   4.3842429e+01	  -1.1382699e+01	  -9.6701660e+01	   3.2320318e+00	
   6.2000000e+00	   4.2522803e+01	  -1.1040927e+01	  -9.1582031e+01	   2.6221277e+00	
   6.2100000e+00	   4.4077030e+01	  -1.0700562e+01	  -8.9011230e+01	   2.0401285e+00	
   6.2200000e+00	   4.5074080e+01	  -1.0354338e+01	  -8.6857910e+01	   1.4765694e+00	
   6.2300000e+00	   4.4673305e+01	  -1.0008416e+01	  -8.4287109e+01	   9.3133498e-01	
   6.2400000e+00	   4.4272530e+01	  -9.6671707e+00	  -8.2749023e+01	   4.0238375e-01	
   6.2500000e+00	   4.5621481e+01	  -9.3250932e+00	  -7.8969727e+01	  -1.0660158e-01	
   6.2600000e+00	   4.5562831e+01	  -8.9811175e+00	  -7.4794922e+01	  -5.8748851e-01	
   6.2700000e+00	   4.4673305e+01	  -8.6422657e+00	  -7.4267578e+01	  -1.0506374e+00	
   6.2800000e+00	   4.4937230e+01	  -8.3074955e+00	  -7.0993652e+01	  -1.4989806e+00	
   6.2900000e+00	   4.5103406e+01	  -7.9734752e+00	  -6.8994141e+01	  -1.9280004e+00	
   6.3000000e+00	   4.6462132e+01	  -7.6367715e+00	  -6.6027832e+01	  -2.3387813e+00	
   6.3100000e+00	   4.6657632e+01	  -7.2973092e+00	  -6.1809082e+01	  -2.7244874e+00	
   6.3200000e+00	   4.4409380e+01	  -6.9664019e+00	  -6.0534668e+01	  -3.0905743e+00	
   6.3300000e+00	   4.5152281e+01	  -6.6422816e+00	  -5.8095703e+01	  -3.4427387e+00	
   6.3400000e+00	   4.5122956e+01	  -6.3179568e+00	  -5.4777832e+01	  -3.7746683e+00	
   6.3500000e+00	   4.5298906e+01	  -5.9952041e+00	  -5.1855469e+01	  -4.0849759e+00	
   6.3600000e+00	   4.6403482e+01	  -5.6704627e+00	  -4.8032227e+01	  -4.3722143e+00	
   6.3700000e+00	   4.6071131e+01	  -5.3453369e+00	  -4.6186523e+01	  -4.6398997e+00	
   6.3800000e+00	   4.6207982e+01	  -5.0228598e+00	  -4.4274902e+01	  -4.8941414e+00	
   6.3900000e+00	   4.4986105e+01	  -4.7058006e+00	  -4.1484375e+01	  -5.1320647e+00	
   6.4000000e+00	   4.4653755e+01	  -4.3955948e+00	  -3.8803711e+01	  -5.3513632e+00	
   6.4100000e+00	   4.7400533e+01	  -4.0797705e+00	  -3.4167480e+01	  -5.5463733e+00	
   6.4200000e+00	   4.7420083e+01	  -3.7572610e+00	  -3.2739258e+01	  -5.7211696e+00	
   6.4300000e+00	   4.5748556e+01	  -3.4419450e+00	  -2.9091797e+01	  -5.8789752e+00	
   6.4400000e+00	   4.8495334e+01	  -3.1252367e+00	  -2.4631348e+01	  -6.0104003e+00	
   6.4500000e+00	   4.7390758e+01	  -2.8053690e+00	  -2.3972168e+01	  -6.1249687e+00	
   6.4600000e+00	   4.7351658e+01	  -2.4910866e+00	  -1.8962402e+01	  -6.2210658e+00	
   6.4700000e+00	   4.5738781e+01	  -2.1839463e+00	  -1.8830566e+01	  -6.3004586e+00	
   6.4800000e+00	   4.6032031e+01	  -1.8828626e+00	  -1.4545898e+01	  -6.3655227e+00	
   6.4900000e+00	   4.7019307e+01	  -1.5796544e+00	  -8.1738281e+00	  -6.3968049e+00	
   6.5000000e+00	   4.7693783e+01	  -1.2731411e+00	  -9.2724609e+00	  -6.4113760e+00	
   6.5100000e+00	   4.7908833e+01	  -9.6576187e-01	  -5.6689453e+00	  -6.4180111e+00	
   6.5200000e+00	   4.8583309e+01	  -6.5752215e-01	  -5.1196289e+00	  -6.4115990e+00	
   6.5300000e+00	   4.8329158e+01	  -3.4989675e-01	   1.3842773e+00	  -6.3831380e+00	
   6.5400000e+00	   4.6755382e+01	  -4.9922796e-02	   5.0537109e-01	  -6.3372391e+00	
   6.5500000e+00	   4.5230481e+01	   2.3846793e-01	   3.1640625e+00	  -6.2860538e+00	
   6.5600000e+00	   4.7586258e+01	   5.2765442e-01	   6.8554688e+00	  -6.2153021e+00	
   6.5700000e+00	   4.7263683e+01	   8.2139709e-01	   1.0700684e+01	  -6.1213907e+00	
   6.5800000e+00	   4.7811083e+01	   1.1140040e+00	   1.5996094e+01	  -5.9994412e+00	
   6.5900000e+00	   4.7908833e+01	   1.4067986e+00	   1.6765137e+01	  -5.8592631e+00	
   6.6000000e+00	   4.7664458e+01	   1.6973001e+00	   2.0236816e+01	  -5.7066820e+00	
   6.6100000e+00	   4.7146382e+01	   1.9835942e+00	   2.2631836e+01	  -5.5366835e+00	
   6.6200000e+00	   4.7547158e+01	   2.2677278e+00	   2.4521484e+01	  -5.3543313e+00	
   6.6300000e+00	   4.7420083e+01	   2.5509388e+00	   3.0651855e+01	  -5.1480044e+00	
   6.6400000e+00	   4.6814032e+01	   2.8300799e+00	   3.5354004e+01	  -4.9090449e+00	
   6.6500000e+00	   4.5621481e+01	   3.1018399e+00	   3.4475098e+01	  -4.6596087e+00	
   6.6600000e+00	   4.7723108e+01	   3.3747447e+00	   3.9550781e+01	  -4.3985915e+00	
   6.6700000e+00	   4.7693783e+01	   3.6524301e+00	   4.3110352e+01	  -4.1121656e+00	
   6.6800000e+00	   4.8671284e+01	   3.9313456e+00	   4.7438965e+01	  -3.8028298e+00	
   6.6900000e+00	   4.8788584e+01	   4.2119429e+00	   4.6801758e+01	  -3.4838710e+00	
   6.7000000e+00	   4.6335057e+01	   4.4834661e+00	   4.9306641e+01	  -3.1610608e+00	
   6.7100000e+00	   4.6833582e+01	   4.7471659e+00	   5.2954102e+01	  -2.8210049e+00	
   6.7200000e+00	   4.6491457e+01	   5.0097040e+00	   5.5788574e+01	  -2.4627790e+00	
   6.7300000e+00	   4.8045683e+01	   5.2743936e+00	   6.0600586e+01	  -2.0828499e+00	
   6.7400000e+00	   4.8475784e+01	   5.5436397e+00	   6.4226074e+01	  -1.6788763e+00	
   6.7500000e+00	   4.7967483e+01	   5.8109546e+00	   6.5698242e+01	  -1.2614682e+00	
   6.7600000e+00	   4.7478733e+01	   6.0734725e+00	   7.1718750e+01	  -8.2320938e-01	
   6.7700000e+00	   4.7635133e+01	   6.3333054e+00	   7.3564453e+01	  -3.6306045e-01	
   6.7800000e+00	   4.8651734e+01	   6.5951843e+00	   7.6354980e+01	   1.0872591e-01	
   6.7900000e+00	   4.8290058e+01	   6.8574740e+00	   8.0661621e+01	   5.9978388e-01	
   6.8000000e+00	   4.8622409e+01	   7.1180290e+00	   8.1979980e+01	   1.1053823e+00	
   6.8100000e+00	   4.8114108e+01	   7.3764010e+00	   8.1518555e+01	   1.6104975e+00	
   6.8200000e+00	   4.8456234e+01	   7.6326342e+00	   9.2768555e+01	   2.1462363e+00	
   6.8300000e+00	   4.9599910e+01	   7.8919157e+00	   9.2482910e+01	   2.7129572e+00	
   6.8400000e+00	   4.8651734e+01	   8.1501855e+00	   9.4438477e+01	   3.2813582e+00	
   6.8500000e+00	   4.7996808e+01	   8.4018170e+00	   9.7229004e+01	   3.8610627e+00	
   6.8600000e+00	   4.9267559e+01	   8.6538011e+00	   1.0210693e+02	   4.4611520e+00	
   6.8700000e+00	   4.8299833e+01	   8.9051558e+00	   1.0430420e+02	   5.0796404e+00	
   6.8800000e+00	   4.7107282e+01	   9.1481707e+00	   1.0632568e+02	   5.7074671e+00	
   6.8900000e+00	   4.7478733e+01	   9.3870920e+00	   1.0883057e+02	   6.3455368e+00	
   6.9000000e+00	   4.7576483e+01	   9.6259862e+00	   1.1616943e+02	   7.0104383e+00	
   6.9100000e+00	   4.9003634e+01	   9.8681597e+00	   1.1729004e+02	   7.6976683e+00	
   6.9200000e+00	   4.8133658e+01	   1.0110561e+01	   1.1555420e+02	   8.3786670e+00	
   6.9300000e+00	   4.7449408e+01	   1.0346577e+01	   1.2381592e+02	   9.0758377e+00	
   6.9400000e+00	   4.7918608e+01	   1.0580441e+01	   1.2416748e+02	   9.7956165e+00	
   6.9500000e+00	   4.9736760e+01	   1.0820004e+01	   1.3192383e+02	   1.0536279e+01	
   6.9600000e+00	   4.9052509e+01	   1.1061617e+01	   1.2803467e+02	   1.1284413e+01	
   6.9700000e+00	   5.0508986e+01	   1.1304136e+01	   1.3666992e+02	   1.2042726e+01	
   6.9800000e+00	   4.7869733e+01	   1.1541431e+01	   1.3814209e+02	   1.2827942e+01	
   6.9900000e+00	   4.7332108e+01	   1.1767290e+01	   1.4110840e+02	   1.3622141e+01	
   7.0000000e+00	   4.6657632e+01	   1.1987939e+01	   1.4471191e+02	   1.4431940e+01	
   7.0100000e+00	   4.8593084e+01	   1.2211155e+01	   1.5016113e+02	   1.5265018e+01	
   7.0200000e+00	   5.0313485e+01	   1.2444422e+01	   1.5332520e+02	   1.6119852e+01	
   7.0300000e+00	   4.6989982e+01	   1.2671208e+01	   1.5477539e+02	   1.6983784e+01	
   7.0400000e+00	   4.9003634e+01	   1.2892471e+01	   1.6046631e+02	   1.7864668e+01	
   7.0500000e+00	   4.9619460e+01	   1.3120583e+01	   1.6083984e+02	   1.8759027e+01	
   7.0600000e+00	   5.0225510e+01	   1.3351093e+01	   1.6578369e+02	   1.9664437e+01	
   7.0700000e+00	   4.7390758e+01	   1.3573179e+01	   1.6806885e+02	   2.0586816e+01	
   7.0800000e+00	   4.7586258e+01	   1.3785608e+01	   1.7189209e+02	   2.1522547e+01	
   7.0900000e+00	   4.9042734e+01	   1.4001881e+01	   1.7573730e+02	   2.2476434e+01	
   7.1000000e+00	   4.9120934e+01	   1.4221605e+01	   1.7380371e+02	   2.3430332e+01	
   7.1100000e+00	   4.7517833e+01	   1.4435178e+01	   1.7734131e+02	   2.4383279e+01	
   7.1200000e+00	   5.0000685e+01	   1.4650168e+01	   1.7997803e+02	   2.5349593e+01	
   7.1300000e+00	   4.9130709e+01	   1.4868862e+01	  -1.2062988e+01	   2.5716686e+01	
   7.1400000e+00	   4.9834510e+01	   1.5085666e+01	  -1.8000000e+02	   2.4954113e+01	
   7.1500000e+00	   4.9472835e+01	   1.5302184e+01	  -1.8000000e+02	   2.3670377e+01	
   7.1600000e+00	   4.7840408e+01	   1.5511100e+01	  -1.8000000e+02	   2.2394681e+01	
   7.1700000e+00	   4.8153208e+01	   1.5714576e+01	  -1.8000000e+02	   2.1126977e+01	
   7.1800000e+00	   4.7498283e+01	   1.5915705e+01	  -1.7795654e+02	   1.9873612e+01	
   7.1900000e+00	   4.7566708e+01	   1.6113737e+01	  -1.7169434e+02	   1.8654109e+01	
   7.2000000e+00	   5.0665386e+01	   1.6320448e+01	  -1.7017822e+02	   1.7466604e+01	
   7.2100000e+00	   5.0323260e+01	   1.6534497e+01	  -1.6773926e+02	   1.6298923e+01	
   7.2200000e+00	   4.9160034e+01	   1.6742491e+01	  -1.6501465e+02	   1.5154728e+01	
   7.2300000e+00	   4.8915659e+01	   1.6944774e+01	  -1.5963135e+02	   1.4043091e+01	
   7.2400000e+00	   4.9814960e+01	   1.7147841e+01	  -1.5750000e+02	   1.2961951e+01	
   7.2500000e+00	   4.8710384e+01	   1.7348993e+01	  -1.5534668e+02	   1.1901002e+01	
   7.2600000e+00	   4.7811083e+01	   1.7542610e+01	  -1.5121582e+02	   1.0866378e+01	
   7.2700000e+00	   4.9013409e+01	   1.7735963e+01	  -1.4921631e+02	   9.8574334e+00	
   7.2800000e+00	   4.9189359e+01	   1.7932421e+01	  -1.4640381e+02	   8.8698786e+00	
   7.2900000e+00	   4.9189359e+01	   1.8128200e+01	  -1.4249268e+02	   7.9095661e+00	
   7.3000000e+00	   4.8544209e+01	   1.8320732e+01	  -1.4110840e+02	   6.9718527e+00	
   7.3100000e+00	   4.8857009e+01	   1.8511017e+01	  -1.3548340e+02	   6.0619640e+00	
   7.3200000e+00	   4.9013409e+01	   1.8701580e+01	  -1.3381348e+02	   5.1806204e+00	
   7.3300000e+00	   4.8964534e+01	   1.8891286e+01	  -1.3286865e+02	   4.3129858e+00	
   7.3400000e+00	   4.7996808e+01	   1.9076620e+01	  -1.2836426e+02	   3.4678515e+00	
   7.3500000e+00	   5.0078885e+01	   1.9264283e+01	  -1.2607910e+02	   2.6492739e+00	
   7.3600000e+00	   4.7439633e+01	   1.9449025e+01	  -1.2223389e+02	   1.8550223e+00	
   7.3700000e+00	   4.7537383e+01	   1.9624651e+01	  -1.1823486e+02	   1.0903119e+00	
   7.3800000e+00	   4.9433735e+01	   1.9805422e+01	  -1.1570801e+02	   3.5082879e-01	
   7.3900000e+00	   4.8426909e+01	   1.9987847e+01	  -1.1093994e+02	  -3.6117658e-01	
   7.4000000e+00	   4.7283233e+01	   2.0162394e+01	  -1.1019287e+02	  -1.0514502e+00	
   7.4100000e+00	   5.1251886e+01	   2.0344695e+01	  -1.0511719e+02	  -1.7191647e+00	
   7.4200000e+00	   4.8211858e+01	   2.0528763e+01	  -1.0344727e+02	  -2.3615714e+00	
   7.4300000e+00	   5.0997736e+01	   2.0710881e+01	  -9.9645996e+01	  -2.9828198e+00	
   7.4400000e+00	   4.7830633e+01	   2.0890665e+01	  -9.7338867e+01	  -3.5810470e+00	
   7.4500000e+00	   4.8241183e+01	   2.1060690e+01	  -9.4855957e+01	  -4.1605259e+00	
   7.4600000e+00	   4.8817909e+01	   2.1232742e+01	  -9.2043457e+01	  -4.7197912e+00	
   7.4700000e+00	   4.9726985e+01	   2.1408370e+01	  -8.8593750e+01	  -5.2559418e+00	
   7.4800000e+00	   4.8641959e+01	   2.1582346e+01	  -8.6286621e+01	  -5.7707052e+00	
   7.4900000e+00	   4.8368259e+01	   2.1750977e+01	  -8.3364258e+01	  -6.2658667e+00	
   7.5000000e+00	   4.9678110e+01	   2.1921798e+01	  -7.8574219e+01	  -6.7337734e+00	
   7.5100000e+00	   4.9023184e+01	   2.2093599e+01	  -7.4685059e+01	  -7.1715682e+00	
   7.5200000e+00	   4.8612634e+01	   2.2260988e+01	  -7.3256836e+01	  -7.5899680e+00	
   7.5300000e+00	   4.9101384e+01	   2.2427572e+01	  -7.1103516e+01	  -7.9945306e+00	
   7.5400000e+00	   4.8378034e+01	   2.2592379e+01	  -6.8312988e+01	  -8.3810762e+00	
   7.5500000e+00	   4.8466009e+01	   2.2754164e+01	  -6.6357422e+01	  -8.7503371e+00	
   7.5600000e+00	   4.9922485e+01	   2.2919772e+01	  -6.1281738e+01	  -9.0952649e+00	
   7.5700000e+00	   4.7293008e+01	   2.3080670e+01	  -6.0644531e+01	  -9.4201407e+00	
   7.5800000e+00	   4.9922485e+01	   2.3240559e+01	  -5.6381836e+01	  -9.7276364e+00	
   7.5900000e+00	   4.9775860e+01	   2.3407223e+01	  -5.3173828e+01	  -1.0009810e+01	
   7.6000000e+00	   4.8270508e+01	   2.3567669e+01	  -4.9372559e+01	  -1.0268264e+01	
   7.6100000e+00	   4.7214807e+01	   2.3719090e+01	  -4.7197266e+01	  -1.0506382e+01	
   7.6200000e+00	   4.7762208e+01	   2.3867970e+01	  -4.6098633e+01	  -1.0732756e+01	
   7.6300000e+00	   5.0098435e+01	   2.4024949e+01	  -4.1748047e+01	  -1.0940646e+01	
   7.6400000e+00	   4.7048632e+01	   2.4178710e+01	  -3.9748535e+01	  -1.1127347e+01	
   7.6500000e+00	   4.9394634e+01	   2.4329303e+01	  -3.5090332e+01	  -1.1292028e+01	
   7.6600000e+00	   5.0039785e+01	   2.4488321e+01	  -3.2497559e+01	  -1.1432970e+01	
   7.6700000e+00	   4.8612634e+01	   2.4643894e+01	  -3.1530762e+01	  -1.1561881e+01	
   7.6800000e+00	   4.9658560e+01	   2.4797299e+01	  -2.7092285e+01	  -1.1673056e+01	
   7.6900000e+00	   4.8974309e+01	   2.4950875e+01	  -2.4301758e+01	  -1.1760896e+01	
   7.7000000e+00	   4.8280283e+01	   2.5099173e+01	  -2.0917969e+01	  -1.1828848e+01	
   7.7100000e+00	   4.8319383e+01	   2.5244491e+01	  -1.8435059e+01	  -1.1878003e+01	
   7.7200000e+00	   4.9062284e+01	   2.5391348e+01	  -1.3623047e+01	  -1.1904003e+01	
   7.7300000e+00	   4.9091609e+01	   2.5539703e+01	  -1.1557617e+01	  -1.1908302e+01	
   7.7400000e+00	   4.8016358e+01	   2.5683854e+01	  -8.3935547e+00	  -1.1896196e+01	
   7.7500000e+00	   4.8700609e+01	   2.5825877e+01	  -4.5483398e+00	  -1.1862215e+01	
   7.7600000e+00	   5.0919536e+01	   2.5976103e+01	  -1.8896484e+00	  -1.1808078e+01	
   7.7700000e+00	   4.8837459e+01	   2.6125816e+01	   2.4169922e-01	  -1.1739278e+01	
   7.7800000e+00	   5.0069110e+01	   2.6271928e+01	   5.1416016e+00	  -1.1648890e+01	
   7.7900000e+00	   5.0098435e+01	   2.6421074e+01	   6.8554688e+00	  -1.1538355e+01	
   7.8000000e+00	   4.7214807e+01	   2.6560347e+01	   7.2729492e+00	  -1.1421837e+01	
   7.8100000e+00	   4.8505109e+01	   2.6693758e+01	   1.2810059e+01	  -1.1287401e+01	
   7.8200000e+00	   4.8241183e+01	   2.6829548e+01	   1.5534668e+01	  -1.1127933e+01	
   7.8300000e+00	   4.8358484e+01	   2.6964027e+01	   1.5556641e+01	  -1.0960862e+01	
   7.8400000e+00	   4.8739709e+01	   2.7099226e+01	   2.0720215e+01	  -1.0778598e+01	
   7.8500000e+00	   4.8397584e+01	   2.7233700e+01	   2.2939453e+01	  -1.0574354e+01	
   7.8600000e+00	   4.7762208e+01	   2.7364271e+01	   2.7575684e+01	  -1.0349920e+01	
   7.8700000e+00	   4.6980207e+01	   2.7489585e+01	   3.1464844e+01	  -1.0100192e+01	
   7.8800000e+00	   4.9326209e+01	   2.7619012e+01	   3.2871094e+01	  -9.8354440e+00	
   7.8900000e+00	   4.9228459e+01	   2.7754670e+01	   3.9814453e+01	  -9.5462054e+00	
   7.9000000e+00	   4.7312558e+01	   2.7883171e+01	   4.1572266e+01	  -9.2315284e+00	
   7.9100000e+00	   4.7674233e+01	   2.8006000e+01	   4.1242676e+01	  -8.9143496e+00	
   7.9200000e+00	   4.7693783e+01	   2.8129254e+01	   4.4582520e+01	  -8.5897301e+00	
   7.9300000e+00	   4.8544209e+01	   2.8254461e+01	   5.0229492e+01	  -8.2389992e+00	
   7.9400000e+00	   4.8162983e+01	   2.8380352e+01	   5.3525391e+01	  -7.8624581e+00	
   7.9500000e+00	   4.6598982e+01	   2.8499363e+01	   5.3283691e+01	  -7.4787105e+00	
   7.9600000e+00	   4.7380983e+01	   2.8615180e+01	   5.7502441e+01	  -7.0849114e+00	
   7.9700000e+00	   4.7273458e+01	   2.8732383e+01	   6.0314941e+01	  -6.6715586e+00	
   7.9800000e+00	   4.7791533e+01	   2.8850138e+01	   6.5039063e+01	  -6.2371919e+00	
   7.9900000e+00	   4.9238234e+01	   2.8973309e+01	   6.7851563e+01	  -5.7819430e+00	
   8.0000000e+00	   4.7664458e+01	   2.9095310e+01	   7.0598145e+01	  -5.3121358e+00	
   8.0100000e+00	   4.8798359e+01	   2.9215169e+01	   7.3630371e+01	  -4.8271733e+00	
   8.0200000e+00	   4.8896109e+01	   2.9338135e+01	   8.0463867e+01	  -4.3143514e+00	
   8.0300000e+00	   4.9502160e+01	   2.9462535e+01	   7.9804688e+01	  -3.7854050e+00	
   8.0400000e+00	   4.8817909e+01	   2.9585911e+01	   8.1848145e+01	  -3.2554364e+00	
   8.0500000e+00	   4.8524659e+01	   2.9705453e+01	   8.4045410e+01	  -2.7155064e+00	
   8.0600000e+00	   4.8905884e+01	   2.9824522e+01	   8.7561035e+01	  -2.1610668e+00	
   8.0700000e+00	   4.9013409e+01	   2.9944375e+01	   8.9912109e+01	  -1.5917269e+00	
   8.0800000e+00	   4.8035908e+01	   3.0060753e+01	   9.8151855e+01	  -9.9278506e-01	
   8.0900000e+00	   4.9296884e+01	   3.0177290e+01	   1.0019531e+02	  -3.6539016e-01	
   8.1000000e+00	   4.9511935e+01	   3.0297720e+01	   1.0406250e+02	   2.7658578e-01	
   8.1100000e+00	   4.9443510e+01	   3.0417854e+01	   1.0531494e+02	   9.3057416e-01	
   8.1200000e+00	   4.8993859e+01	   3.0535614e+01	   1.1155518e+02	   1.6039316e+00	
   8.1300000e+00	   4.8612634e+01	   3.0650034e+01	   1.1234619e+02	   2.2950916e+00	
   8.1400000e+00	   4.9707435e+01	   3.0765971e+01	   1.1590576e+02	   2.9955475e+00	
   8.1500000e+00	   4.8954759e+01	   3.0882255e+01	   1.2045410e+02	   3.7170082e+00	
   8.1600000e+00	   4.8700609e+01	   3.0994656e+01	   1.1808105e+02	   4.4407625e+00	
   8.1700000e+00	   4.8788584e+01	   3.1105834e+01	   1.2251953e+02	   5.1664519e+00	
   8.1800000e+00	   4.9160034e+01	   3.1217753e+01	   1.2722168e+02	   5.9162223e+00	
   8.1900000e+00	   4.9687885e+01	   3.1331788e+01	   1.3339600e+02	   6.6953590e+00	
   8.2000000e+00	   4.9883385e+01	   3.1447375e+01	   1.3691162e+02	   7.4999621e+00	
   8.2100000e+00	   5.0606736e+01	   3.1565114e+01	   1.3983398e+02	   8.3196879e+00	
   8.2200000e+00	   4.9472835e+01	   3.1680831e+01	   1.4501953e+02	   9.1596714e+00	
   8.2300000e+00	   4.7791533e+01	   3.1787006e+01	   1.4578857e+02	   1.0013042e+01	
   8.2400000e+00	   4.9912710e+01	   3.1893894e+01	   1.5005127e+02	   1.0876826e+01	
   8.2500000e+00	   4.9541260e+01	   3.2005592e+01	   1.5189697e+02	   1.1754329e+01	
   8.2600000e+00	   4.9384859e+01	   3.2114938e+01	   1.5134766e+02	   1.2630396e+01	
   8.2700000e+00	   5.0362360e+01	   3.2226170e+01	   1.5833496e+02	   1.3521138e+01	
   8.2800000e+00	   4.9287109e+01	   3.2336399e+01	   1.6053223e+02	   1.4435065e+01	
   8.2900000e+00	   4.8505109e+01	   3.2440121e+01	   1.6475098e+02	   1.5363361e+01	
   8.3000000e+00	   5.0401460e+01	   3.2546683e+01	   1.6591553e+02	   1.6302702e+01	
   8.3100000e+00	   4.9287109e+01	   3.2655027e+01	   1.7630859e+02	   1.7272354e+01	
   8.3200000e+00	   4.9072059e+01	   3.2758529e+01	   1.7564941e+02	   1.8266418e+01	
   8.3300000e+00	   4.9990910e+01	   3.2863587e+01	   1.7718750e+02	   1.9257008e+01	
   8.3400000e+00	   4.8397584e+01	   3.2965875e+01	   1.7611084e+02	   2.0242838e+01	
   8.3500000e+00	   4.9111159e+01	   3.3064766e+01	   1.7527588e+02	   2.1216507e+01	
   8.3600000e+00	   4.8270508e+01	   3.3162641e+01	  -1.0942383e+01	   2.1598270e+01	
   8.3700000e+00	   4.9590135e+01	   3.3261402e+01	  -1.8000000e+02	   2.0865002e+01	
   8.3800000e+00	   4.9179584e+01	   3.3362392e+01	  -1.8000000e+02	   1.9606879e+01	
   8.3900000e+00	   4.9531485e+01	   3.3462565e+01	  -1.8000000e+02	   1.8356635e+01	
   8.4000000e+00	   4.8319383e+01	   3.3559417e+01	  -1.8000000e+02	   1.7114223e+01	
   8.4100000e+00	   4.8485559e+01	   3.3652387e+01	  -1.7887939e+02	   1.5883102e+01	
   8.4200000e+00	   4.8290058e+01	   3.3744683e+01	  -1.7424316e+02	   1.4677721e+01	
   8.4300000e+00	   5.0235285e+01	   3.3841880e+01	  -1.7088135e+02	   1.3504938e+01	
   8.4400000e+00	   5.0039785e+01	   3.3943949e+01	  -1.6839844e+02	   1.2357805e+01	
   8.4500000e+00	   4.9570585e+01	   3.4043296e+01	  -1.6503662e+02	   1.1236162e+01	
   8.4600000e+00	   4.9619460e+01	   3.4140705e+01	  -1.6165283e+02	   1.0142670e+01	
   8.4700000e+00	   4.9433735e+01	   3.4237075e+01	  -1.6185059e+02	   9.0660042e+00	
   8.4800000e+00	   4.9394634e+01	   3.4332137e+01	  -1.5462158e+02	   8.0181028e+00	
   8.4900000e+00	   5.0508986e+01	   3.4429971e+01	  -1.5323730e+02	   7.0037397e+00	
   8.5000000e+00	   4.8710384e+01	   3.4525050e+01	  -1.5189697e+02	   6.0042630e+00	
   8.5100000e+00	   4.9179584e+01	   3.4615369e+01	  -1.4493164e+02	   5.0370579e+00	
   8.5200000e+00	   4.9248009e+01	   3.4706807e+01	  -1.4192139e+02	   4.1071521e+00	
   8.5300000e+00	   4.8612634e+01	   3.4795897e+01	  -1.3772461e+02	   3.2056415e+00	
   8.5400000e+00	   4.9091609e+01	   3.4883938e+01	  -1.4031738e+02	   2.3148009e+00	
   8.5500000e+00	   4.8446459e+01	   3.4970908e+01	  -1.3464844e+02	   1.4391739e+00	
   8.5600000e+00	   4.8348709e+01	   3.5055006e+01	  -1.2994629e+02	   6.0151134e-01	
   8.5700000e+00	   4.9463060e+01	   3.5141761e+01	  -1.2790283e+02	  -2.0977890e-01	
   8.5800000e+00	   4.8847234e+01	   3.5229535e+01	  -1.2350830e+02	  -9.9582533e-01	
   8.5900000e+00	   5.0538311e+01	   3.5320126e+01	  -1.2168457e+02	  -1.7574742e+00	
   8.6000000e+00	   5.0078885e+01	   3.5414006e+01	  -1.1759766e+02	  -2.4958417e+00	
   8.6100000e+00	   4.8964534e+01	   3.5502370e+01	  -1.1583984e+02	  -3.2112802e+00	
   8.6200000e+00	   4.9404409e+01	   3.5588069e+01	  -1.1276367e+02	  -3.9070985e+00	
   8.6300000e+00	   4.8710384e+01	   3.5672434e+01	  -1.0999512e+02	  -4.5802543e+00	
   8.6400000e+00	   4.7820858e+01	   3.5751312e+01	  -1.0575439e+02	  -5.2272424e+00	
   8.6500000e+00	   4.8788584e+01	   3.5829941e+01	  -1.0335938e+02	  -5.8493964e+00	
   8.6600000e+00	   4.8553984e+01	   3.5910373e+01	  -1.0034912e+02	  -6.4507255e+00	
   8.6700000e+00	   4.9062284e+01	   3.5991158e+01	  -9.7602539e+01	  -7.0302592e+00	
   8.6800000e+00	   4.8905884e+01	   3.6072540e+01	  -9.4548340e+01	  -7.5879962e+00	
   8.6900000e+00	   4.8397584e+01	   3.6151330e+01	  -9.2197266e+01	  -8.1253118e+00	
   8.7000000e+00	   4.8837459e+01	   3.6229412e+01	  -8.8659668e+01	  -8.6408199e+00	
   8.7100000e+00	   4.9511935e+01	   3.6310495e+01	  -8.5671387e+01	  -9.1326617e+00	
   8.7200000e+00	   4.8544209e+01	   3.6390152e+01	  -8.2089844e+01	  -9.6008476e+00	
   8.7300000e+00	   4.8847234e+01	   3.6467229e+01	  -7.9694824e+01	  -1.0047384e+01	
   8.7400000e+00	   5.0528536e+01	   3.6550036e+01	  -7.6398926e+01	  -1.0473301e+01	
   8.7500000e+00	   4.7615583e+01	   3.6628469e+01	  -7.4003906e+01	  -1.0878727e+01	
   8.7600000e+00	   4.8143433e+01	   3.6698940e+01	  -7.1345215e+01	  -1.1265787e+01	
   8.7700000e+00	   4.8798359e+01	   3.6772674e+01	  -6.8269043e+01	  -1.1632462e+01	
   8.7800000e+00	   5.0890211e+01	   3.6854548e+01	  -6.4819336e+01	  -1.1976403e+01	
   8.7900000e+00	   4.9922485e+01	   3.6939430e+01	  -6.3127441e+01	  -1.2302088e+01	
   8.8000000e+00	   4.8827684e+01	   3.7017321e+01	  -5.9611816e+01	  -1.2609424e+01	
   8.8100000e+00	   4.9756310e+01	   3.7094204e+01	  -5.6381836e+01	  -1.2893709e+01	
   8.8200000e+00	   4.7723108e+01	   3.7167146e+01	  -5.3503418e+01	  -1.3157084e+01	
   8.8300000e+00	   4.9629235e+01	   3.7239233e+01	  -4.9833984e+01	  -1.3398303e+01	
   8.8400000e+00	   4.9238234e+01	   3.7315614e+01	  -4.7307129e+01	  -1.3618605e+01	
   8.8500000e+00	   4.8681059e+01	   3.7388546e+01	  -4.5483398e+01	  -1.3823902e+01	
   8.8600000e+00	   4.9355534e+01	   3.7461390e+01	  -4.1484375e+01	  -1.4009679e+01	
   8.8700000e+00	   4.9130709e+01	   3.7535185e+01	  -3.8298340e+01	  -1.4171789e+01	
   8.8800000e+00	   4.8876559e+01	   3.7607018e+01	  -3.3090820e+01	  -1.4306598e+01	
   8.8900000e+00	   4.8475784e+01	   3.7676350e+01	  -3.4980469e+01	  -1.4430171e+01	
   8.9000000e+00	   4.8886334e+01	   3.7745278e+01	  -2.9509277e+01	  -1.4541754e+01	
   8.9100000e+00	   4.9228459e+01	   3.7816132e+01	  -2.6630859e+01	  -1.4626489e+01	
   8.9200000e+00	   4.6882457e+01	   3.7880266e+01	  -2.3225098e+01	  -1.4691013e+01	
   8.9300000e+00	   4.7781758e+01	   3.7939468e+01	  -2.0939941e+01	  -1.4737310e+01	
   8.9400000e+00	   5.0401460e+01	   3.8009320e+01	  -1.7907715e+01	  -1.4766664e+01	
   8.9500000e+00	   4.8153208e+01	   3.8079897e+01	  -1.4809570e+01	  -1.4776635e+01	
   8.9600000e+00	   4.9463060e+01	   3.8147094e+01	  -1.1557617e+01	  -1.4766657e+01	
   8.9700000e+00	   5.0411235e+01	   3.8220941e+01	  -7.2949219e+00	  -1.4733208e+01	
   8.9800000e+00	   4.8651734e+01	   3.8291785e+01	  -5.2954102e+00	  -1.4680356e+01	
   8.9900000e+00	   4.7899058e+01	   3.8354318e+01	  -3.1201172e+00	  -1.4614760e+01	
   9.0000000e+00	   4.8837459e+01	   3.8417041e+01	  -2.0654297e+00	  -1.4539460e+01	
   9.0100000e+00	   4.8896109e+01	   3.8482493e+01	   6.5917969e-01	  -1.4452796e+01	
   9.0200000e+00	   4.8153208e+01	   3.8545392e+01	   5.7568359e+00	  -1.4342177e+01	
   9.0300000e+00	   4.8798359e+01	   3.8607591e+01	   7.8442383e+00	  -1.4209749e+01	
   9.0400000e+00	   4.9296884e+01	   3.8672983e+01	   1.1535645e+01	  -1.4060053e+01	
   9.0500000e+00	   4.8925434e+01	   3.8738363e+01	   1.3732910e+01	  -1.3892852e+01	
   9.0600000e+00	   4.8378034e+01	   3.8800455e+01	   1.9445801e+01	  -1.3701926e+01	
   9.0700000e+00	   4.7029082e+01	   3.8856220e+01	   2.1643066e+01	  -1.3487423e+01	
   9.0800000e+00	   4.7908833e+01	   3.8910166e+01	   2.4169922e+01	  -1.3259468e+01	
   9.0900000e+00	   4.9394634e+01	   3.8971183e+01	   2.7883301e+01	  -1.3013399e+01	
   9.1000000e+00	   4.8250958e+01	   3.9032889e+01	   2.8674316e+01	  -1.2754764e+01	
   9.1100000e+00	   4.9052509e+01	   3.9093137e+01	   3.3552246e+01	  -1.2479995e+01	
   9.1200000e+00	   4.8065233e+01	   3.9152426e+01	   3.6276855e+01	  -1.2183138e+01	
   9.1300000e+00	   4.7605808e+01	   3.9206812e+01	   4.0715332e+01	  -1.1865707e+01	
   9.1400000e+00	   4.8759259e+01	   3.9263032e+01	   4.7790527e+01	  -1.1514207e+01	
   9.1500000e+00	   4.8143433e+01	   3.9320583e+01	   4.4165039e+01	  -1.1154104e+01	
   9.1600000e+00	   4.7732883e+01	   3.9374560e+01	   4.8867188e+01	  -1.0792885e+01	
   9.1700000e+00	   4.8319383e+01	   3.9428749e+01	   5.2360840e+01	  -1.0408261e+01	
   9.1800000e+00	   4.8162983e+01	   3.9483946e+01	   5.3898926e+01	  -1.0010288e+01	
   9.1900000e+00	   4.6638082e+01	   3.9533532e+01	   5.5590820e+01	  -9.6046923e+00	
   9.2000000e+00	   4.7508058e+01	   3.9580756e+01	   6.0688477e+01	  -9.1803736e+00	
   9.2100000e+00	   4.9218684e+01	   3.9635766e+01	   6.2753906e+01	  -8.7362797e+00	
   9.2200000e+00	   4.8104333e+01	   3.9692299e+01	   6.9785156e+01	  -8.2664786e+00	
   9.2300000e+00	   4.7488508e+01	   3.9743060e+01	   7.2861328e+01	  -7.7679662e+00	
   9.2400000e+00	   4.8700609e+01	   3.9795369e+01	   7.3212891e+01	  -7.2618413e+00	
   9.2500000e+00	   4.7644908e+01	   3.9847841e+01	   7.6970215e+01	  -6.7460184e+00	
   9.2600000e+00	   4.9042734e+01	   3.9901056e+01	   8.0134277e+01	  -6.2117503e+00	
   9.2700000e+00	   4.8505109e+01	   3.9956632e+01	   8.3254395e+01	  -5.6611481e+00	
   9.2800000e+00	   4.7957708e+01	   4.0008461e+01	   8.6242676e+01	  -5.0948644e+00	
   9.2900000e+00	   4.9609685e+01	   4.0063425e+01	   9.0417480e+01	  -4.5096947e+00	
   9.3000000e+00	   4.8896109e+01	   4.0120983e+01	   9.7624512e+01	  -3.8925449e+00	
   9.3100000e+00	   4.7869733e+01	   4.0172732e+01	   9.6987305e+01	  -3.2586855e+00	
   9.3200000e+00	   4.8641959e+01	   4.0223361e+01	   9.7009277e+01	  -2.6307231e+00	
   9.3300000e+00	   4.8984084e+01	   4.0277163e+01	   1.0182129e+02	  -1.9915550e+00	
   9.3400000e+00	   4.8426909e+01	   4.0329954e+01	   1.1017090e+02	  -1.3151713e+00	
   9.3500000e+00	   4.8749484e+01	   4.0381680e+01	   1.0933594e+02	  -6.1949001e-01	
   9.3600000e+00	   4.8397584e+01	   4.0432989e+01	   1.1199463e+02	   7.7545333e-02	
   9.3700000e+00	   4.8260733e+01	   4.0482447e+01	   1.1474121e+02	   7.8714282e-01	
   9.3800000e+00	   4.6911782e+01	   4.0526942e+01	   1.1942139e+02	   1.5155546e+00	
   9.3900000e+00	   4.9032959e+01	   4.0573577e+01	   1.2045410e+02	   2.2572953e+00	
   9.4000000e+00	   4.7811083e+01	   4.0622736e+01	   1.2399170e+02	   3.0087033e+00	
   9.4100000e+00	   4.8407359e+01	   4.0669628e+01	   1.2777100e+02	   3.7783196e+00	
   9.4200000e+00	   4.9433735e+01	   4.0721308e+01	   1.3209961e+02	   4.5685075e+00	
   9.4300000e+00	   4.8534434e+01	   4.0773062e+01	   1.3401123e+02	   5.3732889e+00	
   9.4400000e+00	   4.7214807e+01	   4.0817542e+01	   1.3699951e+02	   6.1883749e+00	
   9.4500000e+00	   4.8250958e+01	   4.0860857e+01	   1.4247070e+02	   7.0248487e+00	
   9.4600000e+00	   4.8524659e+01	   4.0908002e+01	   1.4264648e+02	   7.8737681e+00	
   9.4700000e+00	   5.0020235e+01	   4.0960393e+01	   1.4471191e+02	   8.7243893e+00	
   9.4800000e+00	   4.8016358e+01	   4.1010864e+01	   1.5444580e+02	   9.6066353e+00	
   9.4900000e+00	   4.9335984e+01	   4.1058876e+01	   1.5323730e+02	   1.0510055e+01	
   9.5000000e+00	   5.1183461e+01	   4.1116506e+01	   1.5758789e+02	   1.1417656e+01	
   9.5100000e+00	   4.9208909e+01	   4.1173376e+01	   1.5938965e+02	   1.2338840e+01	
   9.5200000e+00	   4.9883385e+01	   4.1225820e+01	   1.6523438e+02	   1.3278201e+01	
   9.5300000e+00	   4.8436684e+01	   4.1275516e+01	   1.6501465e+02	   1.4229295e+01	
   9.5400000e+00	   4.7996808e+01	   4.1318992e+01	   1.7549561e+02	   1.5206567e+01	
   9.5500000e+00	   4.7674233e+01	   4.1359809e+01	   1.7518799e+02	   1.6209579e+01	
   9.5600000e+00	   4.8348709e+01	   4.1401472e+01	   1.7619873e+02	   1.7208510e+01	
   9.5700000e+00	   4.7537383e+01	   4.1442445e+01	   1.7696777e+02	   1.8206758e+01	
   9.5800000e+00	   4.7928383e+01	   4.1481845e+01	   1.7600098e+02	   1.9198135e+01	
   9.5900000e+00	   4.8299833e+01	   4.1523387e+01	  -1.3974609e+01	   1.9585315e+01	
   9.6000000e+00	   4.9101384e+01	   4.1568341e+01	  -1.8000000e+02	   1.8855159e+01	
   9.6100000e+00	   4.9228459e+01	   4.1615923e+01	  -1.8000000e+02	   1.7609624e+01	
   9.6200000e+00	   4.9541260e+01	   4.1664584e+01	  -1.8000000e+02	   1.6371891e+01	
   9.6300000e+00	   4.9042734e+01	   4.1712358e+01	  -1.8000000e+02	   1.5141910e+01	
   9.6400000e+00	   4.8593084e+01	   4.1756864e+01	  -1.7973633e+02	   1.3920458e+01	
   9.6500000e+00	   4.8475784e+01	   4.1799316e+01	  -1.7477051e+02	   1.2723035e+01	
   9.6600000e+00	   5.1183461e+01	   4.1849614e+01	  -1.7325439e+02	   1.1553412e+01	
   9.6700000e+00	   4.7468958e+01	   4.1896444e+01	  -1.6686035e+02	   1.0415888e+01	
   9.6800000e+00	   5.0303710e+01	   4.1940225e+01	  -1.6749756e+02	   9.3035178e+00	
   9.6900000e+00	   4.7742658e+01	   4.1984589e+01	  -1.6316895e+02	   8.2096754e+00	
   9.7000000e+00	   4.8769034e+01	   4.2023869e+01	  -1.6011475e+02	   7.1458055e+00	
   9.7100000e+00	   4.9267559e+01	   4.2067679e+01	  -1.5510498e+02	   6.1138537e+00	
   9.7200000e+00	   4.9042734e+01	   4.2112072e+01	  -1.5308350e+02	   5.1103858e+00	
   9.7300000e+00	   4.9785635e+01	   4.2157809e+01	  -1.5071045e+02	   4.1269657e+00	
   9.7400000e+00	   4.8944984e+01	   4.2202953e+01	  -1.4570068e+02	   3.1728266e+00	
   9.7500000e+00	   4.9502160e+01	   4.2246927e+01	  -1.4321777e+02	   2.2481290e+00	
   9.7600000e+00	   4.9130709e+01	   4.2291207e+01	  -1.3895508e+02	   1.3503489e+00	
   9.7700000e+00	   4.8378034e+01	   4.2331689e+01	  -1.3669189e+02	   4.7862965e-01	
   9.7800000e+00	   4.9844285e+01	   4.2374153e+01	  -1.3693359e+02	  -3.8129878e-01	
   9.7900000e+00	   4.8739709e+01	   4.2417483e+01	  -1.3322021e+02	  -1.2249685e+00	
   9.8000000e+00	   4.6950882e+01	   4.2451480e+01	  -1.2643066e+02	  -2.0304612e+00	
   9.8100000e+00	   4.8759259e+01	   4.2485326e+01	  -1.2526611e+02	  -2.8059984e+00	
   9.8200000e+00	   4.9756310e+01	   4.2527745e+01	  -1.2161865e+02	  -3.5616078e+00	
   9.8300000e+00	   4.9130709e+01	   4.2571062e+01	  -1.1825684e+02	  -4.2905330e+00	
   9.8400000e+00	   5.0684936e+01	   4.2617016e+01	  -1.1656494e+02	  -4.9990656e+00	
   9.8500000e+00	   5.0039785e+01	   4.2665529e+01	  -1.1225830e+02	  -5.6843742e+00	
   9.8600000e+00	   4.8788584e+01	   4.2707800e+01	  -1.1036865e+02	  -6.3459851e+00	
   9.8700000e+00	   4.8368259e+01	   4.2744571e+01	  -1.0711670e+02	  -6.9873497e+00	
   9.8800000e+00	   5.0098435e+01	   4.2785213e+01	  -1.0324951e+02	  -7.6024016e+00	
   9.8900000e+00	   4.9150259e+01	   4.2828050e+01	  -1.0037109e+02	  -8.1924755e+00	
   9.9000000e+00	   4.9375084e+01	   4.2868354e+01	  -9.7448730e+01	  -8.7606867e+00	
   9.9100000e+00	   4.8612634e+01	   4.2906721e+01	  -9.6657715e+01	  -9.3137096e+00	
   9.9200000e+00	   4.8710384e+01	   4.2942766e+01	  -9.3647461e+01	  -9.8513638e+00	
   9.9300000e+00	   4.9580360e+01	   4.2981617e+01	  -8.9143066e+01	  -1.0362116e+01	
   9.9400000e+00	   4.8847234e+01	   4.3020652e+01	  -8.6352539e+01	  -1.0846824e+01	
   9.9500000e+00	   5.1056386e+01	   4.3064065e+01	  -8.2067871e+01	  -1.1306337e+01	
   9.9600000e+00	   4.8690834e+01	   4.3106717e+01	  -7.9167480e+01	  -1.1740471e+01	
   9.9700000e+00	   4.9081834e+01	   4.3142918e+01	  -7.6772461e+01	  -1.2155301e+01	
   9.9800000e+00	   4.9091609e+01	   4.3180147e+01	  -7.2246094e+01	  -1.2545857e+01	
   9.9900000e+00	   4.9404409e+01	   4.3218153e+01	  -7.2048340e+01	  -1.2919172e+01	
   1.0000000e+01	   4.7781758e+01	   4.3251819e+01	  -6.8532715e+01	  -1.3278519e+01	
