   0.0000000e+00	   6.4147949e+00	  -4.5791147e-01	  -6.2609656e-02	  -5.0000000e+01	  -1.1414795e+02	  -1.5607305e+01	   6.8727064e-01	
   5.0000000e-01	   5.9006348e+00	   3.4716422e+00	   3.6657501e-01	  -5.0000000e+01	  -1.0900635e+02	  -4.1850976e+01	   2.4289926e-01	
   1.0000000e+00	   4.5207520e+00	   4.3025179e+00	   1.3292834e+00	  -5.0000000e+01	  -9.5207520e+01	  -5.8328418e+01	   2.1823404e-02	
   1.5000000e+00	   3.6286621e+00	   2.8069415e+00	   1.9378483e+00	  -5.0000000e+01	  -8.6286621e+01	  -6.7193540e+01	   8.2172057e-02	
   2.0000000e+00	   3.2990723e+00	  -1.7443621e-01	   1.7678684e+00	  -5.0000000e+01	  -8.2990723e+01	  -7.1964042e+01	   3.4735085e-01	
   2.5000000e+00	   2.3959961e+00	   3.0610918e+00	   1.6791203e+00	  -5.0000000e+01	  -7.3959961e+01	  -7.3744606e+01	  -6.6509568e-02	
   3.0000000e+00	   1.8312988e+00	  -3.7586083e-02	   1.6333524e+00	  -5.0000000e+01	  -6.8312988e+01	  -7.3031393e+01	   1.8688849e-01	
   3.5000000e+00	   1.3830566e+00	   7.3463963e-01	   1.2820073e+00	  -5.0000000e+01	  -6.3830566e+01	  -7.1128234e+01	   6.4841701e-02	
   4.0000000e+00	   8.6889648e-01	   1.0376649e+00	   1.1737577e+00	  -5.0000000e+01	  -5.8688965e+01	  -6.8429627e+01	  -1.6876842e-02	
   4.5000000e+00	   8.5131836e-01	   4.0613989e-02	   1.0002166e+00	  -5.0000000e+01	  -5.8513184e+01	  -6.5741936e+01	   8.1070437e-02	
   5.0000000e+00	   1.0855713e+01	  -1.4842874e+00	   5.2930828e-01	   5.0000000e+01	  -5.8557129e+01	  -6.3771188e+01	   1.2340000e+00	
   5.5000000e+00	   9.0363770e+00	   9.7178729e+00	   1.5103327e+00	   5.0000000e+01	  -4.0363770e+01	  -5.9857810e+01	  -6.8149595e-02	
   6.0000000e+00	   7.0522461e+00	   3.4618671e+00	   2.8993701e+00	   5.0000000e+01	  -2.0522461e+01	  -5.1814142e+01	   3.5903790e-01	
   6.5000000e+00	   6.0458984e+00	   3.9897176e+00	   3.1253615e+00	   5.0000000e+01	  -1.0458984e+01	  -4.1881231e+01	   2.0561808e-01	
   7.0000000e+00	   4.6704102e+00	   3.9506176e+00	   3.3563800e+00	   5.0000000e+01	   3.2958984e+00	  -3.1407895e+01	   7.1979256e-02	
   7.5000000e+00	   4.0288086e+00	   1.6339405e+00	   3.2021224e+00	   5.0000000e+01	   9.7119141e+00	  -2.1040630e+01	   2.3948681e-01	
   8.0000000e+00	   3.2509766e+00	   2.2106660e+00	   2.8521463e+00	   5.0000000e+01	   1.7490234e+01	  -1.1567597e+01	   1.0403106e-01	
   8.5000000e+00	   1.9348145e+00	   1.0572149e+00	   2.5190188e+00	   5.0000000e+01	   3.0651855e+01	  -1.8219442e+00	   8.7759953e-02	
   9.0000000e+00	   1.9436035e+00	   5.8801449e-01	   2.0551244e+00	   5.0000000e+01	   3.0563965e+01	   7.0462418e+00	   1.3555890e-01	
   9.5000000e+00	   1.1943359e+00	   1.1256400e+00	   1.7274411e+00	   5.0000000e+01	   3.8056641e+01	   1.4501803e+01	   6.8695948e-03	
   1.0000000e+01	   6.6479492e-01	  -3.7586083e-02	   1.4038277e+00	   5.0000000e+01	   4.3352051e+01	   2.1667084e+01	   7.0238100e-02	
