   0.0000000e+00	  -5.0000000e+01	   1.3629639e+02	   1.8635633e+01	  -1.0000000e+01	  -1.8629639e+01	  -1.8629639e+01	   0.0000000e+00	  -0.0000000e+00	
   5.0000000e-01	  -5.0000000e+01	   1.9687500e+01	   3.4867059e+01	  -6.9687500e+00	  -6.9687500e+00	  -6.9687500e+00	   0.0000000e+00	  -0.0000000e+00	
   1.0000000e+00	  -5.0000000e+01	  -1.8000000e+02	   3.4130759e+00	   1.0000000e+01	   1.3000000e+01	   1.3000000e+01	   0.0000000e+00	   0.0000000e+00	
   1.5000000e+00	  -5.0000000e+01	   1.7909912e+02	   2.3565688e+00	  -1.0000000e+01	  -2.2909912e+01	  -2.2909912e+01	   0.0000000e+00	  -0.0000000e+00	
   2.0000000e+00	  -5.0000000e+01	   1.4860107e+02	   4.6518181e+01	  -1.0000000e+01	  -1.9860107e+01	  -1.9860107e+01	   0.0000000e+00	  -0.0000000e+00	
   2.5000000e+00	  -5.0000000e+01	  -5.9370117e+01	   4.5997873e+01	   9.3701172e-01	   9.3701172e-01	   9.3701172e-01	   0.0000000e+00	   0.0000000e+00	
   3.0000000e+00	  -5.0000000e+01	   1.6538818e+02	   4.7915127e+01	  -1.0000000e+01	  -2.1538818e+01	  -2.1538818e+01	   0.0000000e+00	  -0.0000000e+00	
   3.5000000e+00	  -5.0000000e+01	   4.4824219e+00	   5.8038571e+01	  -5.4482422e+00	  -5.4482422e+00	  -5.4482422e+00	   0.0000000e+00	  -0.0000000e+00	
   4.0000000e+00	  -5.0000000e+01	   1.7760498e+02	   6.7064070e+01	  -1.0000000e+01	  -2.2760498e+01	  -2.2760498e+01	   0.0000000e+00	  -0.0000000e+00	
   4.5000000e+00	  -5.0000000e+01	  -4.4956055e+01	   6.6861819e+01	  -5.0439453e-01	  -5.0439453e-01	  -5.0439453e-01	   0.0000000e+00	  -0.0000000e+00	
   5.0000000e+00	   5.0000000e+01	   1.6523438e+02	   6.5023458e+01	  -1.0000000e+01	  -1.1523438e+01	  -1.1523438e+01	   0.0000000e+00	  -0.0000000e+00	
   5.5000000e+00	   5.0000000e+01	  -1.0942383e+01	   6.8338456e+01	   6.0942383e+00	   6.0942383e+00	   6.0942383e+00	   0.0000000e+00	   0.0000000e+00	
   6.0000000e+00	   5.0000000e+01	  -8.2441406e+01	   3.6882547e+01	   1.0000000e+01	   1.3244141e+01	   1.3244141e+01	   0.0000000e+00	   0.0000000e+00	
   6.5000000e+00	   5.0000000e+01	   6.8181152e+01	   2.4846953e+01	  -1.8181152e+00	  -1.8181152e+00	  -1.8181152e+00	   0.0000000e+00	  -0.0000000e+00	
   7.0000000e+00	   5.0000000e+01	  -1.8000000e+02	   2.7635182e+00	   1.0000000e+01	   2.3000000e+01	   2.3000000e+01	   0.0000000e+00	   0.0000000e+00	
   7.5000000e+00	   5.0000000e+01	  -4.3220215e+01	  -2.8512804e+01	   9.3220215e+00	   9.3220215e+00	   9.3220215e+00	   0.0000000e+00	   0.0000000e+00	
   8.0000000e+00	   5.0000000e+01	  -1.8000000e+02	  -5.1236383e+01	   1.0000000e+01	   2.3000000e+01	   2.3000000e+01	   0.0000000e+00	   0.0000000e+00	
   8.5000000e+00	   5.0000000e+01	   7.4860840e+01	  -5.1600956e+01	  -2.4860840e+00	  -2.4860840e+00	  -2.4860840e+00	   0.0000000e+00	  -0.0000000e+00	
   9.0000000e+00	   5.0000000e+01	  -1.5583008e+02	  -4.8561110e+01	   1.0000000e+01	   2.0583008e+01	   2.0583008e+01	   0.0000000e+00	   0.0000000e+00	
   9.5000000e+00	   5.0000000e+01	  -2.6103516e+01	  -6.0157262e+01	   7.6103516e+00	   7.6103516e+00	   7.6103516e+00	   0.0000000e+00	   0.0000000e+00	
   1.0000000e+01	   5.0000000e+01	  -1.8000000e+02	  -7.1887082e+01	   1.0000000e+01	   2.3000000e+01	   2.3000000e+01	   0.0000000e+00	   0.0000000e+00	
