   0.0000000e+00	   1.0000000e+00	  -1.0932871e+00	   4.9240723e+01	
   1.0000000e-01	   1.0000000e+00	   2.6543920e-01	   5.1108398e+01	
   2.0000000e-01	   1.0000000e+00	   1.4970903e+00	   5.2954102e+01	
   3.0000000e-01	   1.0000000e+00	   3.4911922e+00	   5.1459961e+01	
   4.0000000e-01	   1.0000000e+00	   5.0356436e+00	   6.1743164e+01	
   5.0000000e-01	   1.0000000e+00	   7.2643456e+00	   6.1545410e+01	
   6.0000000e-01	   1.0000000e+00	   7.9485963e+00	   6.6489258e+01	
   7.0000000e-01	   1.0000000e+00	   9.3073225e+00	   7.0905762e+01	
   8.0000000e-01	   1.0000000e+00	   9.1411474e+00	   8.0090332e+01	
   9.0000000e-01	   1.0000000e+00	   1.1057049e+01	   8.6506348e+01	
   1.0000000e+00	   1.0000000e+00	   9.7374229e+00	   9.2241211e+01	
