   0.0000000e+00	   1.0000000e+00	  -1.1910371e+00	   8.1958008e+01	
   1.0000000e-01	   1.0000000e+00	   6.7598957e-01	   8.3737793e+01	
   2.0000000e-01	   1.0000000e+00	   2.3084161e+00	   8.5803223e+01	
   3.0000000e-01	   1.0000000e+00	   5.0551936e+00	   8.5847168e+01	
   4.0000000e-01	   1.0000000e+00	   4.9183435e+00	   9.4724121e+01	
   5.0000000e-01	   1.0000000e+00	   7.1861456e+00	   9.6218262e+01	
   6.0000000e-01	   1.0000000e+00	   8.5448718e+00	   1.0171143e+02	
   7.0000000e-01	   1.0000000e+00	   1.0030673e+01	   1.0366699e+02	
   8.0000000e-01	   1.0000000e+00	   9.9915732e+00	   1.0931396e+02	
   9.0000000e-01	   1.0000000e+00	   9.6103478e+00	   1.1682861e+02	
   1.0000000e+00	   1.0000000e+00	   8.7501470e+00	   1.2355225e+02	
