   0.0000000e+00	  -5.0000000e+00	  -4.4813646e-01	   4.8164063e+01	
   1.0000000e-01	  -5.0000000e+00	  -7.2417677e+00	   5.0207520e+01	
   2.0000000e-01	  -5.0000000e+00	  -1.3791024e+01	   4.1484375e+01	
   3.0000000e-01	  -5.0000000e+00	  -2.1132056e+01	   2.7246094e+01	
   4.0000000e-01	  -5.0000000e+00	  -2.7094811e+01	   9.3603516e+00	
   5.0000000e-01	  -5.0000000e+00	  -3.1513115e+01	  -4.1528320e+00	
   6.0000000e-01	  -5.0000000e+00	  -3.6400620e+01	  -2.6938477e+01	
   7.0000000e-01	  -5.0000000e+00	  -3.9088747e+01	  -4.9855957e+01	
   8.0000000e-01	  -5.0000000e+00	  -4.1786650e+01	  -7.5915527e+01	
   9.0000000e-01	  -5.0000000e+00	  -4.3057401e+01	  -1.0061279e+02	
   1.0000000e+00	  -5.0000000e+00	  -4.5374078e+01	  -1.2759521e+02	
   1.1000000e+00	  -5.0000000e+00	  -4.5921478e+01	  -1.5831299e+02	
   1.2000000e+00	  -5.0000000e+00	  -4.6517754e+01	  -1.8000000e+02	
   1.3000000e+00	  -5.0000000e+00	  -4.7348630e+01	   1.6363037e+02	
   1.4000000e+00	  -5.0000000e+00	  -4.7798280e+01	   1.3251709e+02	
   1.5000000e+00	  -5.0000000e+00	  -4.7368180e+01	   9.7932129e+01	
   1.6000000e+00	  -5.0000000e+00	  -4.7984005e+01	   6.6467285e+01	
   1.7000000e+00	  -5.0000000e+00	  -4.8375006e+01	   3.9814453e+01	
   1.8000000e+00	  -5.0000000e+00	  -4.7759180e+01	   6.8115234e+00	
   1.9000000e+00	  -5.0000000e+00	  -4.8414106e+01	  -2.3818359e+01	
   2.0000000e+00	  -5.0000000e+00	  -4.8521631e+01	  -5.1503906e+01	
   2.1000000e+00	  -5.0000000e+00	  -4.8590056e+01	  -7.8903809e+01	
   2.2000000e+00	  -5.0000000e+00	  -4.8238156e+01	  -1.1107178e+02	
   2.3000000e+00	  -5.0000000e+00	  -4.8345681e+01	  -1.4016357e+02	
   2.4000000e+00	  -5.0000000e+00	  -4.8697581e+01	  -1.7206787e+02	
   2.5000000e+00	  -5.0000000e+00	  -4.9635982e+01	   1.7769287e+02	
   2.6000000e+00	  -5.0000000e+00	  -4.9274306e+01	   1.4062500e+02	
   2.7000000e+00	  -5.0000000e+00	  -4.8111080e+01	   1.1463135e+02	
   2.8000000e+00	  -5.0000000e+00	  -4.8893081e+01	   8.4045410e+01	
   2.9000000e+00	  -5.0000000e+00	  -4.8766006e+01	   4.6142578e+01	
   3.0000000e+00	   5.0000000e+00	  -4.8091530e+01	   1.8962402e+01	
   3.1000000e+00	   5.0000000e+00	  -3.5432894e+01	  -4.4384766e+00	
   3.2000000e+00	   5.0000000e+00	  -1.6977677e+01	  -1.9138184e+01	
   3.3000000e+00	   5.0000000e+00	  -5.8498659e-01	  -2.5158691e+01	
   3.4000000e+00	   5.0000000e+00	   9.0433973e+00	  -2.2192383e+01	
   3.5000000e+00	   5.0000000e+00	   1.6990480e+01	  -1.0942383e+01	
   3.6000000e+00	   5.0000000e+00	   2.2454710e+01	   9.8876953e-01	
   3.7000000e+00	   5.0000000e+00	   2.7537714e+01	   2.0698242e+01	
   3.8000000e+00	   5.0000000e+00	   3.4233596e+01	   4.0363770e+01	
   3.9000000e+00	   5.0000000e+00	   3.9228625e+01	   6.0358887e+01	
   4.0000000e+00	   5.0000000e+00	   4.0088826e+01	   8.7824707e+01	
   4.1000000e+00	   5.0000000e+00	   4.2473928e+01	   1.1032471e+02	
   4.2000000e+00	   5.0000000e+00	   4.3734904e+01	   1.4264648e+02	
   4.3000000e+00	   5.0000000e+00	   4.3901079e+01	   1.7472656e+02	
   4.4000000e+00	   5.0000000e+00	   4.5904956e+01	  -1.8000000e+02	
   4.5000000e+00	   5.0000000e+00	   4.6941107e+01	  -1.4987549e+02	
   4.6000000e+00	   5.0000000e+00	   4.7517833e+01	  -1.1964111e+02	
   4.7000000e+00	   5.0000000e+00	   4.6941107e+01	  -9.1362305e+01	
   4.8000000e+00	   5.0000000e+00	   4.9619460e+01	  -6.3808594e+01	
   4.9000000e+00	   5.0000000e+00	   4.7771983e+01	  -3.4057617e+01	
   5.0000000e+00	   5.0000000e+00	   4.7165932e+01	  -5.6250000e+00	
   5.1000000e+00	   5.0000000e+00	   4.7517833e+01	   2.8850098e+01	
   5.2000000e+00	   5.0000000e+00	   4.6843357e+01	   5.7392578e+01	
   5.3000000e+00	   5.0000000e+00	   4.9189359e+01	   8.6638184e+01	
   5.4000000e+00	   5.0000000e+00	   4.8808134e+01	   1.1825684e+02	
   5.5000000e+00	   5.0000000e+00	   4.8622409e+01	   1.4996338e+02	
   5.6000000e+00	   5.0000000e+00	   5.0254835e+01	   1.7997803e+02	
   5.7000000e+00	   5.0000000e+00	   4.6765157e+01	  -1.6705811e+02	
   5.8000000e+00	   5.0000000e+00	   4.7117057e+01	  -1.3675781e+02	
   5.9000000e+00	   5.0000000e+00	   4.8221633e+01	  -1.0700684e+02	
   6.0000000e+00	   5.0000000e+00	   4.8974309e+01	  -7.7145996e+01	
