   0.0000000e+00	  -1.2815674e+01	  -6.6911110e-02	  -9.1486714e-03	  -5.0000000e+01	   7.8156738e+01	   1.0686272e+01	  -1.2748763e+00	
   5.0000000e-01	  -1.1227051e+01	  -9.2554196e+00	  -1.2812774e+00	  -5.0000000e+01	   6.2270508e+01	   2.6964471e+01	  -1.9716312e-01	
   1.0000000e+00	  -8.9638672e+00	  -4.7393654e+00	  -2.8443918e+00	  -5.0000000e+01	   3.9638672e+01	   3.3524748e+01	  -4.2245018e-01	
   1.5000000e+00	  -7.5202637e+00	  -1.1562322e+01	  -4.2954807e+00	  -5.0000000e+01	   2.5202637e+01	   3.3222825e+01	   4.0420580e-01	
   2.0000000e+00	  -6.8918457e+00	   1.9760658e+00	  -4.4315660e+00	  -5.0000000e+01	   1.8918457e+01	   3.0170417e+01	  -8.8679115e-01	
   2.5000000e+00	  -5.5910645e+00	  -6.0394416e+00	  -3.7753014e+00	  -5.0000000e+01	   5.9106445e+00	   2.5314943e+01	   4.4837716e-02	
   3.0000000e+00	  -4.5957031e+00	  -2.1587630e+00	  -3.8638472e+00	  -5.0000000e+01	  -4.0429688e+00	   1.8647747e+01	  -2.4369401e-01	
   3.5000000e+00	  -3.9189453e+00	  -2.9994138e+00	  -3.5125203e+00	  -5.0000000e+01	  -1.0810547e+01	   1.1517479e+01	  -9.1953150e-02	
   4.0000000e+00	  -2.9104004e+00	  -2.4617883e+00	  -3.2986987e+00	  -5.0000000e+01	  -2.0895996e+01	   4.0327429e+00	  -4.4861207e-02	
   4.5000000e+00	  -2.8444824e+00	  -1.4842874e+00	  -2.9361868e+00	  -5.0000000e+01	  -2.1555176e+01	  -2.8743359e+00	  -1.3601950e-01	
   5.0000000e+00	   7.9377441e+00	  -8.6846185e-01	  -2.4549530e+00	   5.0000000e+01	  -2.9377441e+01	  -9.0522796e+00	   8.8062060e-01	
   5.5000000e+00	   6.8742676e+00	   6.4530199e+00	  -1.0200582e+00	   5.0000000e+01	  -1.8742676e+01	  -1.3156269e+01	   4.2124768e-02	
   6.0000000e+00	   5.3713379e+00	   1.8196656e+00	   3.8999817e-01	   5.0000000e+01	  -3.7133789e+00	  -1.2628977e+01	   3.5516723e-01	
   6.5000000e+00	   4.6748047e+00	   3.1881669e+00	   9.6806486e-01	   5.0000000e+01	   3.2519531e+00	  -9.2385789e+00	   1.4866378e-01	
   7.0000000e+00	   3.6860352e+00	   2.5821163e+00	   1.4923038e+00	   5.0000000e+01	   1.3139648e+01	  -4.4710175e+00	   1.1039188e-01	
   7.5000000e+00	   3.1806641e+00	  -5.2633653e-01	   1.3653064e+00	   5.0000000e+01	   1.8193359e+01	   1.0357382e+00	   3.7070006e-01	
   8.0000000e+00	   2.2731934e+00	   3.4129921e+00	   1.3866419e+00	   5.0000000e+01	   2.7268066e+01	   6.9683911e+00	  -1.1397987e-01	
   8.5000000e+00	   1.8447266e+00	  -5.9476160e-01	   1.3927874e+00	   5.0000000e+01	   3.1552734e+01	   1.3105326e+01	   2.4394882e-01	
   9.0000000e+00	   1.7282715e+00	   1.1256400e+00	   1.0845056e+00	   5.0000000e+01	   3.2717285e+01	   1.8309135e+01	   6.0263149e-02	
   9.5000000e+00	   1.2009277e+00	  -7.4138673e-01	   8.4047792e-01	   5.0000000e+01	   3.7990723e+01	   2.2970182e+01	   1.9423145e-01	
   1.0000000e+01	   7.1533203e-01	   1.0181149e+00	   6.4847964e-01	   5.0000000e+01	   4.2846680e+01	   2.7741610e+01	  -3.0278286e-02	
