   0.0000000e+00	   1.0474399e+00	   5.8056633e-03	   3.7001953e+01	   2.0509136e-01	
   5.0000000e-02	  -3.2926641e+00	   3.6871578e-03	   3.4782715e+01	   9.6775549e-01	
   1.0000000e-01	  -7.8282683e+00	  -7.2175920e-02	   3.4541016e+01	   2.3391669e+00	
   1.5000000e-01	  -1.1493897e+01	  -3.0006455e-01	   3.2871094e+01	   4.1434235e+00	
   2.0000000e-01	  -1.6000176e+01	  -7.3539484e-01	   2.6542969e+01	   6.1993753e+00	
   2.5000000e-01	  -1.9323679e+01	  -1.4158862e+00	   1.7402344e+01	   8.2812332e+00	
   3.0000000e-01	  -2.2393032e+01	  -2.3564480e+00	   1.4458008e+01	   1.0184958e+01	
   3.5000000e-01	  -2.5628560e+01	  -3.5548020e+00	   7.3828125e+00	   1.1781306e+01	
   4.0000000e-01	  -2.7906137e+01	  -4.9985318e+00	  -5.8666992e+00	   1.2927926e+01	
   4.5000000e-01	  -3.0711564e+01	  -6.6654816e+00	  -1.1337891e+01	   1.3472561e+01	
   5.0000000e-01	  -3.2402641e+01	  -8.5273255e+00	  -2.1533203e+01	   1.3332453e+01	
   5.5000000e-01	  -3.4729093e+01	  -1.0551153e+01	  -3.1420898e+01	   1.2448958e+01	
   6.0000000e-01	  -3.5247169e+01	  -1.2697862e+01	  -4.3044434e+01	   1.0759198e+01	
   6.5000000e-01	  -3.8375171e+01	  -1.4931357e+01	  -5.4404297e+01	   8.2146218e+00	
   7.0000000e-01	  -3.9958723e+01	  -1.7231154e+01	  -6.5566406e+01	   4.7896989e+00	
   7.5000000e-01	  -4.0554998e+01	  -1.9571255e+01	  -7.8266602e+01	   4.7863040e-01	
   8.0000000e-01	  -4.2617525e+01	  -2.1918570e+01	  -9.2746582e+01	  -4.7293997e+00	
   8.5000000e-01	  -4.2197200e+01	  -2.4243457e+01	  -1.0349121e+02	  -1.0830717e+01	
   9.0000000e-01	  -4.3018301e+01	  -2.6510165e+01	  -1.1766357e+02	  -1.7790031e+01	
   9.5000000e-01	  -4.4562752e+01	  -2.8695359e+01	  -1.3097900e+02	  -2.5572602e+01	
   1.0000000e+00	  -4.4943977e+01	  -3.0790614e+01	  -1.4690918e+02	  -3.4156349e+01	
   1.0500000e+00	  -4.6038778e+01	  -3.2786248e+01	  -1.6143311e+02	  -4.3522271e+01	
   1.1000000e+00	  -4.6156079e+01	  -3.4672759e+01	  -1.7826416e+02	  -5.3649499e+01	
   1.1500000e+00	  -4.6253829e+01	  -3.6437969e+01	  -1.8000000e+02	  -6.4438557e+01	
   1.2000000e+00	  -4.6977179e+01	  -3.8072647e+01	   1.7811035e+02	  -7.3646035e+01	
   1.2500000e+00	  -4.7192230e+01	  -3.9576306e+01	   1.6532227e+02	  -7.7493535e+01	
   1.3000000e+00	  -4.7915580e+01	  -4.0952109e+01	   1.4277832e+02	  -7.5245260e+01	
   1.3500000e+00	  -4.7778730e+01	  -4.2203473e+01	   1.2856201e+02	  -6.8564905e+01	
   1.4000000e+00	  -4.8316356e+01	  -4.3332916e+01	   1.1287354e+02	  -5.8852944e+01	
   1.4500000e+00	  -4.8071980e+01	  -4.4343530e+01	   9.6877441e+01	  -4.7269960e+01	
   1.5000000e+00	  -4.8590056e+01	  -4.5239721e+01	   8.2463379e+01	  -3.4789634e+01	
   1.5500000e+00	  -4.9088581e+01	  -4.6031565e+01	   6.5566406e+01	  -2.2209517e+01	
   1.6000000e+00	  -4.8687806e+01	  -4.6728468e+01	   4.7460938e+01	  -1.0195955e+01	
   1.6500000e+00	  -4.8580281e+01	  -4.7331615e+01	   3.7441406e+01	   7.4765810e-01	
   1.7000000e+00	  -4.8785556e+01	  -4.7844034e+01	   2.1884766e+01	   1.0294174e+01	
   1.7500000e+00	  -4.9342732e+01	  -4.8277206e+01	   4.8779297e+00	   1.8187985e+01	
   1.8000000e+00	  -4.9244981e+01	  -4.8644085e+01	  -1.0612793e+01	   2.4222678e+01	
   1.8500000e+00	  -4.9450257e+01	  -4.8952884e+01	  -2.4433594e+01	   2.8292198e+01	
   1.9000000e+00	  -4.8941956e+01	  -4.9207244e+01	  -3.7814941e+01	   3.0384541e+01	
   1.9500000e+00	  -4.9039706e+01	  -4.9408413e+01	  -5.4514160e+01	   3.0529662e+01	
   2.0000000e+00	  -4.9792382e+01	  -4.9564965e+01	  -7.0092773e+01	   2.8766592e+01	
   2.0500000e+00	  -4.9372057e+01	  -4.9688873e+01	  -8.5056152e+01	   2.5166332e+01	
   2.1000000e+00	  -4.9792382e+01	  -4.9785734e+01	  -9.9821777e+01	   1.9840603e+01	
   2.1500000e+00	  -4.9518682e+01	  -4.9859602e+01	  -1.1436768e+02	   1.2923943e+01	
   2.2000000e+00	  -4.9743507e+01	  -4.9913960e+01	  -1.2972656e+02	   4.5583922e+00	
   2.2500000e+00	  -4.8893081e+01	  -4.9947751e+01	  -1.4671143e+02	  -5.1269897e+00	
   2.3000000e+00	  -4.9587107e+01	  -4.9959988e+01	  -1.6242188e+02	  -1.6015055e+01	
   2.3500000e+00	  -4.8941956e+01	  -4.9954098e+01	  -1.7826416e+02	  -2.7980944e+01	
   2.4000000e+00	  -4.9196106e+01	  -4.9931926e+01	  -1.2348633e+01	  -3.9887737e+01	
   2.4500000e+00	  -4.9499132e+01	  -4.9898127e+01	   1.7066162e+02	  -4.8717411e+01	
   2.5000000e+00	  -5.0242032e+01	  -4.9864653e+01	   1.5624756e+02	  -5.2018681e+01	
   2.5500000e+00	  -4.9010381e+01	  -4.9835270e+01	   1.3987793e+02	  -5.0055742e+01	
   2.6000000e+00	  -4.9420932e+01	  -4.9802553e+01	   1.2256348e+02	  -4.4278058e+01	
   2.6500000e+00	  -4.9235206e+01	  -4.9764588e+01	   1.0753418e+02	  -3.5939586e+01	
   2.7000000e+00	  -4.9508907e+01	  -4.9724995e+01	   9.3537598e+01	  -2.6075453e+01	
   2.7500000e+00	  -4.9499132e+01	  -4.9686926e+01	   7.9013672e+01	  -1.5527227e+01	
   2.8000000e+00	  -4.9763057e+01	  -4.9653794e+01	   6.0183105e+01	  -5.0079958e+00	
   2.8500000e+00	  -4.9196106e+01	  -4.9625080e+01	   4.4736328e+01	   4.8799307e+00	
   2.9000000e+00	  -5.0154057e+01	  -4.9601026e+01	   2.9333496e+01	   1.3682103e+01	
   2.9500000e+00	  -4.8902856e+01	  -4.9581780e+01	   1.6435547e+01	   2.1091795e+01	
   3.0000000e+00	  -4.9587107e+01	  -4.9562044e+01	  -2.0874023e+00	   2.6891085e+01	
   3.0500000e+00	  -4.8844206e+01	  -4.9538884e+01	  -1.7600098e+01	   3.0909378e+01	
   3.1000000e+00	  -4.9254756e+01	  -4.9511329e+01	  -2.8872070e+01	   3.3075246e+01	
   3.1500000e+00	  -4.9332957e+01	  -4.9481732e+01	  -4.6779785e+01	   3.3399473e+01	
   3.2000000e+00	  -4.9704407e+01	  -4.9456358e+01	  -6.2182617e+01	   3.1895355e+01	
   3.2500000e+00	  -4.9714182e+01	  -4.9439534e+01	  -7.6530762e+01	   2.8610908e+01	
   3.3000000e+00	  -4.9811932e+01	  -4.9432637e+01	  -9.1274414e+01	   2.3647441e+01	
   3.3500000e+00	  -4.8981056e+01	  -4.9430376e+01	  -1.0694092e+02	   1.7119650e+01	
   3.4000000e+00	  -5.0378882e+01	  -4.9430957e+01	  -1.2229980e+02	   9.1433526e+00	
   3.4500000e+00	  -4.9362282e+01	  -4.9439056e+01	  -1.3693359e+02	  -1.5427755e-01	
   3.5000000e+00	  -4.9508907e+01	  -4.9450287e+01	  -1.5394043e+02	  -1.0645514e+01	
   3.5500000e+00	  -4.9215656e+01	  -4.9458143e+01	  -1.6914551e+02	  -2.2213910e+01	
   3.6000000e+00	  -4.9606657e+01	  -4.9462850e+01	  -1.8000000e+02	  -3.4711399e+01	
   3.6500000e+00	  -4.8912631e+01	  -4.9463794e+01	   1.7329834e+02	  -4.5922200e+01	
   3.7000000e+00	  -4.9078806e+01	  -4.9457098e+01	   1.6842041e+02	  -5.2024798e+01	
   3.7500000e+00	  -4.9088581e+01	  -4.9442481e+01	   1.4822754e+02	  -5.2109200e+01	
   3.8000000e+00	  -4.9215656e+01	  -4.9423581e+01	   1.3286865e+02	  -4.7708357e+01	
   3.8500000e+00	  -4.9440482e+01	  -4.9404377e+01	   1.1498291e+02	  -4.0194606e+01	
   3.9000000e+00	  -4.9538232e+01	  -4.9389094e+01	   1.0081055e+02	  -3.0716572e+01	
   3.9500000e+00	  -4.8814881e+01	  -4.9375611e+01	   8.5517578e+01	  -2.0216678e+01	
   4.0000000e+00	  -4.8932181e+01	  -4.9357042e+01	   6.7917480e+01	  -9.4769021e+00	
   4.0500000e+00	  -4.9196106e+01	  -4.9333565e+01	   5.2778320e+01	   8.5307959e-01	
   4.1000000e+00	  -4.9391607e+01	  -4.9311337e+01	   3.7529297e+01	   1.0275975e+01	
   4.1500000e+00	  -5.0212707e+01	  -4.9298785e+01	   2.2236328e+01	   1.8425841e+01	
   4.2000000e+00	  -4.9244981e+01	  -4.9299080e+01	   8.5913086e+00	   2.5045891e+01	
   4.2500000e+00	  -4.8746456e+01	  -4.9300718e+01	  -4.7460938e+00	   2.9984137e+01	
   4.3000000e+00	  -4.8932181e+01	  -4.9293533e+01	  -2.0852051e+01	   3.3153353e+01	
   4.3500000e+00	  -4.9499132e+01	  -4.9281881e+01	  -3.8012695e+01	   3.4488077e+01	
   4.4000000e+00	  -4.9763057e+01	  -4.9275688e+01	  -5.1833496e+01	   3.3968034e+01	
   4.4500000e+00	  -5.0105182e+01	  -4.9281967e+01	  -6.9016113e+01	   3.1630655e+01	
   4.5000000e+00	  -4.9069031e+01	  -4.9297607e+01	  -8.1562500e+01	   2.7553146e+01	
   4.5500000e+00	  -4.8678031e+01	  -4.9308640e+01	  -9.7229004e+01	   2.1851383e+01	
   4.6000000e+00	  -4.9205881e+01	  -4.9308587e+01	  -1.1434570e+02	   1.4637243e+01	
   4.6500000e+00	  -4.9880357e+01	  -4.9307080e+01	  -1.2845215e+02	   6.0171615e+00	
   4.7000000e+00	  -4.9460032e+01	  -4.9312515e+01	  -1.4440430e+02	  -3.8773542e+00	
   4.7500000e+00	  -4.9665307e+01	  -4.9323606e+01	  -1.5989502e+02	  -1.4913955e+01	
   4.8000000e+00	  -4.8775781e+01	  -4.9333995e+01	  -1.7677002e+02	  -2.6974124e+01	
   4.8500000e+00	  -4.9088581e+01	  -4.9336602e+01	  -1.8000000e+02	  -3.9877413e+01	
   4.9000000e+00	  -4.9284081e+01	  -4.9332541e+01	   1.7402344e+02	  -5.1336886e+01	
   4.9500000e+00	  -4.9469807e+01	  -4.9328161e+01	   1.5831299e+02	  -5.7566559e+01	
   5.0000000e+00	  -4.9196106e+01	  -4.9325247e+01	   1.4198730e+02	  -5.7772470e+01	
   5.0500000e+00	  -4.3223576e+01	  -4.9288463e+01	   1.2676025e+02	  -5.3502427e+01	
   5.1000000e+00	  -3.5667494e+01	  -4.9115766e+01	   1.1744385e+02	  -4.6053624e+01	
   5.1500000e+00	  -2.6312810e+01	  -4.8669340e+01	   1.0834717e+02	  -3.6462504e+01	
   5.2000000e+00	  -1.6449826e+01	  -4.7813360e+01	   1.0210693e+02	  -2.5555521e+01	
   5.2500000e+00	  -9.0208194e+00	  -4.6446024e+01	   9.6679688e+01	  -1.3986287e+01	
   5.3000000e+00	   1.1288962e-02	  -4.4512422e+01	   9.9997559e+01	  -2.2195805e+00	
   5.3500000e+00	   4.4002680e+00	  -4.2002594e+01	   9.4702148e+01	   9.4217307e+00	
   5.4000000e+00	   8.8772221e+00	  -3.8963439e+01	   1.0140381e+02	   2.0701361e+01	
   5.4500000e+00	   1.3168451e+01	  -3.5470035e+01	   1.0777588e+02	   3.1521535e+01	
   5.5000000e+00	   1.5367828e+01	  -3.1605745e+01	   1.1036865e+02	   4.1856037e+01	
   5.5500000e+00	   2.0167358e+01	  -2.7455355e+01	   1.1660889e+02	   5.1671134e+01	
   5.6000000e+00	   2.4429261e+01	  -2.3078855e+01	   1.2535400e+02	   6.0984700e+01	
   5.6500000e+00	   2.7567039e+01	  -1.8527076e+01	   1.2977051e+02	   6.9846160e+01	
   5.7000000e+00	   2.9492716e+01	  -1.3866771e+01	   1.4323975e+02	   7.8321192e+01	
   5.7500000e+00	   3.3881695e+01	  -9.1598159e+00	   1.5262207e+02	   8.6524668e+01	
   5.8000000e+00	   3.4214045e+01	  -4.4586908e+00	   1.6787109e+02	   9.4591988e+01	
   5.8500000e+00	   3.5905122e+01	   1.7092190e-01	   1.7481445e+02	   1.0263094e+02	
   5.9000000e+00	   3.8192474e+01	   4.6738912e+00	  -1.5270996e+01	   1.0957686e+02	
   5.9500000e+00	   4.0391851e+01	   9.0225295e+00	  -1.7635254e+02	   1.1253194e+02	
   6.0000000e+00	   4.0997902e+01	   1.3191584e+01	  -1.6573975e+02	   1.0944521e+02	
   6.0500000e+00	   4.0841502e+01	   1.7142439e+01	  -1.5314941e+02	   1.0088322e+02	
   6.1000000e+00	   4.2210003e+01	   2.0840174e+01	  -1.3673584e+02	   8.8415822e+01	
   6.1500000e+00	   4.3949954e+01	   2.4277177e+01	  -1.2700195e+02	   7.3403065e+01	
   6.2000000e+00	   4.5318456e+01	   2.7463642e+01	  -1.1102783e+02	   5.6972245e+01	
   6.2500000e+00	   4.4116130e+01	   3.0396978e+01	  -9.8591309e+01	   4.0070084e+01	
   6.3000000e+00	   4.4927455e+01	   3.3061329e+01	  -8.3979492e+01	   2.3472603e+01	
   6.3500000e+00	   4.5709456e+01	   3.5457867e+01	  -7.0070801e+01	   7.7950930e+00	
   6.4000000e+00	   4.5768106e+01	   3.7600299e+01	  -5.7216797e+01	  -6.4916991e+00	
   6.4500000e+00	   4.5445531e+01	   3.9494939e+01	  -4.2890625e+01	  -1.9049060e+01	
   6.5000000e+00	   4.7380983e+01	   4.1156616e+01	  -2.8015137e+01	  -2.9630571e+01	
   6.5500000e+00	   4.8573534e+01	   4.2621174e+01	  -1.4831543e+01	  -3.8077835e+01	
   6.6000000e+00	   4.8319383e+01	   4.3917946e+01	   1.2524414e+00	  -4.4310960e+01	
   6.6500000e+00	   4.7420083e+01	   4.5050413e+01	   1.7578125e+01	  -4.8290943e+01	
   6.7000000e+00	   4.9208909e+01	   4.6024732e+01	   2.7795410e+01	  -5.0051607e+01	
   6.7500000e+00	   4.8084783e+01	   4.6859419e+01	   4.3198242e+01	  -4.9706873e+01	
   6.8000000e+00	   4.8299833e+01	   4.7562430e+01	   6.5786133e+01	  -4.7331197e+01	
   6.8500000e+00	   4.8573534e+01	   4.8142076e+01	   8.0859375e+01	  -4.2962492e+01	
   6.9000000e+00	   4.9081834e+01	   4.8617124e+01	   9.6416016e+01	  -3.6716104e+01	
   6.9500000e+00	   4.8632184e+01	   4.9002538e+01	   1.0946777e+02	  -2.8776208e+01	
   7.0000000e+00	   4.7674233e+01	   4.9300150e+01	   1.2546387e+02	  -1.9336610e+01	
   7.0500000e+00	   4.9726985e+01	   4.9519117e+01	   1.4033936e+02	  -8.5732141e+00	
   7.1000000e+00	   4.6823807e+01	   4.9671606e+01	   1.5567627e+02	   3.3502208e+00	
   7.1500000e+00	   4.8104333e+01	   4.9753771e+01	   1.7435303e+02	   1.6294252e+01	
   7.2000000e+00	   4.9208909e+01	   4.9782024e+01	  -1.1623535e+01	   2.9029831e+01	
   7.2500000e+00	   4.8866784e+01	   4.9783924e+01	  -1.7547363e+02	   3.8449836e+01	
   7.3000000e+00	   4.9433735e+01	   4.9770150e+01	  -1.5980713e+02	   4.2245542e+01	
   7.3500000e+00	   4.8876559e+01	   4.9745431e+01	  -1.4385498e+02	   4.0807054e+01	
   7.4000000e+00	   5.0313485e+01	   4.9717425e+01	  -1.2871582e+02	   3.5556484e+01	
   7.4500000e+00	   4.7312558e+01	   4.9683615e+01	  -1.1467529e+02	   2.7703666e+01	
   7.5000000e+00	   4.8896109e+01	   4.9629382e+01	  -9.9799805e+01	   1.8263070e+01	
   7.5500000e+00	   4.8632184e+01	   4.9559455e+01	  -8.5429688e+01	   8.0826586e+00	
   7.6000000e+00	   4.8397584e+01	   4.9483061e+01	  -6.8884277e+01	  -2.1310348e+00	
   7.6500000e+00	   4.9257784e+01	   4.9403887e+01	  -5.4140625e+01	  -1.1800152e+01	
   7.7000000e+00	   4.7429858e+01	   4.9322345e+01	  -4.0385742e+01	  -2.0487411e+01	
   7.7500000e+00	   4.8681059e+01	   4.9232155e+01	  -2.6345215e+01	  -2.7883772e+01	
   7.8000000e+00	   4.7781758e+01	   4.9135792e+01	  -9.6240234e+00	  -3.3757828e+01	
   7.8500000e+00	   4.7566708e+01	   4.9032398e+01	   1.6040039e+00	  -3.7957167e+01	
   7.9000000e+00	   4.8876559e+01	   4.8925555e+01	   2.3840332e+01	  -4.0381888e+01	
   7.9500000e+00	   4.8827684e+01	   4.8831378e+01	   3.4848633e+01	  -4.0961982e+01	
   8.0000000e+00	   4.8485559e+01	   4.8754254e+01	   4.9987793e+01	  -3.9722839e+01	
   8.0500000e+00	   4.8935209e+01	   4.8690924e+01	   6.7456055e+01	  -3.6728658e+01	
   8.1000000e+00	   4.8896109e+01	   4.8642916e+01	   8.3320313e+01	  -3.2029935e+01	
   8.1500000e+00	   4.8358484e+01	   4.8607321e+01	   9.9360352e+01	  -2.5708796e+01	
   8.2000000e+00	   4.9345759e+01	   4.8581752e+01	   1.1252197e+02	  -1.7889873e+01	
   8.2500000e+00	   4.8915659e+01	   4.8570359e+01	   1.3532959e+02	  -8.6836503e+00	
   8.3000000e+00	   4.8514884e+01	   4.8569054e+01	   1.4754639e+02	   1.8229140e+00	
   8.3500000e+00	   5.0313485e+01	   4.8578998e+01	   1.6514648e+02	   1.3497253e+01	
   8.4000000e+00	   5.0313485e+01	   4.8615447e+01	   1.7624268e+02	   2.6172240e+01	
   8.4500000e+00	   5.0108210e+01	   4.8681145e+01	  -1.8000000e+02	   3.7613540e+01	
   8.5000000e+00	   4.8905884e+01	   4.8759869e+01	  -1.7184814e+02	   4.3970817e+01	
   8.5500000e+00	   4.8338934e+01	   4.8829670e+01	  -1.5593994e+02	   4.4319840e+01	
   8.6000000e+00	   4.7771983e+01	   4.8874687e+01	  -1.3840576e+02	   4.0168416e+01	
   8.6500000e+00	   4.9062284e+01	   4.8896583e+01	  -1.2065186e+02	   3.2886019e+01	
   8.7000000e+00	   4.8436684e+01	   4.8907172e+01	  -1.0582031e+02	   2.3633990e+01	
   8.7500000e+00	   4.8456234e+01	   4.8908796e+01	  -9.3845215e+01	   1.3338994e+01	
   8.8000000e+00	   4.7107282e+01	   4.8892478e+01	  -7.8200684e+01	   2.7387052e+00	
   8.8500000e+00	   4.8338934e+01	   4.8854135e+01	  -6.3215332e+01	  -7.5481842e+00	
   8.9000000e+00	   4.8045683e+01	   4.8803555e+01	  -4.9218750e+01	  -1.7025622e+01	
   8.9500000e+00	   4.7205032e+01	   4.8743213e+01	  -3.3618164e+01	  -2.5320038e+01	
   9.0000000e+00	   4.9990910e+01	   4.8680890e+01	  -2.0104980e+01	  -3.2157775e+01	
   9.0500000e+00	   4.8192308e+01	   4.8634615e+01	  -5.1855469e+00	  -3.7358438e+01	
   9.1000000e+00	   4.9384859e+01	   4.8604330e+01	   8.6791992e+00	  -4.0815687e+01	
   9.1500000e+00	   4.8866784e+01	   4.8587902e+01	   2.9421387e+01	  -4.2448797e+01	
   9.2000000e+00	   4.8798359e+01	   4.8583421e+01	   4.3549805e+01	  -4.2199830e+01	
   9.2500000e+00	   4.8035908e+01	   4.8580752e+01	   6.0336914e+01	  -4.0084576e+01	
   9.3000000e+00	   4.7762208e+01	   4.8569244e+01	   7.2993164e+01	  -3.6187139e+01	
   9.3500000e+00	   4.8426909e+01	   4.8547336e+01	   8.9494629e+01	  -3.0624127e+01	
   9.4000000e+00	   4.8338934e+01	   4.8522951e+01	   1.0753418e+02	  -2.3497589e+01	
   9.4500000e+00	   5.0117985e+01	   4.8509692e+01	   1.1944336e+02	  -1.4919530e+01	
   9.5000000e+00	   4.8593084e+01	   4.8516418e+01	   1.4075684e+02	  -5.0191297e+00	
   9.5500000e+00	   4.9726985e+01	   4.8538241e+01	   1.5598389e+02	   6.1073813e+00	
   9.6000000e+00	   4.9150259e+01	   4.8572591e+01	   1.7171631e+02	   1.8343214e+01	
   9.6500000e+00	   4.8035908e+01	   4.8609927e+01	  -1.2414551e+01	   3.0434331e+01	
   9.7000000e+00	   4.8006583e+01	   4.8633112e+01	  -1.7925293e+02	   3.9262779e+01	
   9.7500000e+00	   4.8729934e+01	   4.8641960e+01	  -1.6332275e+02	   4.2500975e+01	
   9.8000000e+00	   4.9101384e+01	   4.8649046e+01	  -1.4468994e+02	   4.0545821e+01	
   9.8500000e+00	   4.8172758e+01	   4.8657543e+01	  -1.3181396e+02	   3.4841381e+01	
   9.9000000e+00	   4.7928383e+01	   4.8657392e+01	  -1.1529053e+02	   2.6598574e+01	
   9.9500000e+00	   4.9023184e+01	   4.8648531e+01	  -1.0111816e+02	   1.6838876e+01	
   1.0000000e+01	   4.8378034e+01	   4.8640097e+01	  -8.5913086e+01	   6.4137982e+00	
