   0.0000000e+00	  -5.0000000e+01	  -1.8036065e-02	  -1.1524063e-02	  -7.4982714e+00	  -7.4982714e+00	  -7.4982714e+00	   0.0000000e+00	  -0.0000000e+00	
   1.0000000e-01	  -5.0000000e+01	  -1.0936721e+01	  -6.9978454e+00	  -7.9499775e+00	  -7.9499775e+00	  -6.4503232e+00	  -1.4996543e+00	  -0.0000000e+00	
   2.0000000e-01	  -5.0000000e+01	  -2.2813357e+01	  -2.0560797e+01	  -7.2055994e+00	  -7.2055994e+00	  -4.4158805e+00	  -2.7897189e+00	  -0.0000000e+00	
   3.0000000e-01	  -5.0000000e+01	  -3.2793641e+01	  -3.0704993e+01	  -6.5671461e+00	  -6.5671461e+00	  -2.8942511e+00	  -3.6728950e+00	  -0.0000000e+00	
   4.0000000e-01	  -5.0000000e+01	  -4.0545223e+01	  -3.8806644e+01	  -5.9307486e+00	  -5.9307486e+00	  -1.6790034e+00	  -4.2517452e+00	  -0.0000000e+00	
   5.0000000e-01	  -5.0000000e+01	  -4.5276328e+01	  -4.4664528e+01	  -5.3878668e+00	  -5.3878668e+00	  -8.0032087e-01	  -4.5875459e+00	  -0.0000000e+00	
   6.0000000e-01	  -5.0000000e+01	  -4.7593005e+01	  -4.7103612e+01	  -5.1820683e+00	  -5.1820683e+00	  -4.3445825e-01	  -4.7476101e+00	  -0.0000000e+00	
   7.0000000e-01	  -5.0000000e+01	  -4.9274306e+01	  -4.8955282e+01	  -4.9912095e+00	  -4.9912095e+00	  -1.5670777e-01	  -4.8345017e+00	  -0.0000000e+00	
   8.0000000e-01	  -5.0000000e+01	  -5.0320232e+01	  -5.0129042e+01	  -4.8464870e+00	  -4.8464870e+00	   1.9356237e-02	  -4.8658433e+00	   0.0000000e+00	
   9.0000000e-01	  -5.0000000e+01	  -5.0105182e+01	  -5.0296519e+01	  -4.8174942e+00	  -4.8174942e+00	   4.4477797e-02	  -4.8619720e+00	   0.0000000e+00	
   1.0000000e+00	  -5.0000000e+01	  -4.9352507e+01	  -4.9533126e+01	  -4.9231076e+00	  -4.9231076e+00	  -7.0031124e-02	  -4.8530765e+00	  -0.0000000e+00	
   1.1000000e+00	  -5.0000000e+01	  -4.9157006e+01	  -4.9112377e+01	  -5.0002261e+00	  -5.0002261e+00	  -1.3314341e-01	  -4.8670827e+00	  -0.0000000e+00	
   1.2000000e+00	  -5.0000000e+01	  -4.9078806e+01	  -4.9127702e+01	  -5.0245561e+00	  -5.0245561e+00	  -1.3084467e-01	  -4.8937114e+00	  -0.0000000e+00	
   1.3000000e+00	  -5.0000000e+01	  -4.9215656e+01	  -4.9146466e+01	  -5.0479104e+00	  -5.0479104e+00	  -1.2803004e-01	  -4.9198803e+00	  -0.0000000e+00	
   1.4000000e+00	  -5.0000000e+01	  -4.9225431e+01	  -4.9249853e+01	  -5.0580084e+00	  -5.0580084e+00	  -1.1252208e-01	  -4.9454863e+00	  -0.0000000e+00	
   1.5000000e+00	  -5.0000000e+01	  -4.9782607e+01	  -4.9579874e+01	  -5.0310096e+00	  -5.0310096e+00	  -6.3018861e-02	  -4.9679907e+00	  -0.0000000e+00	
   1.6000000e+00	  -5.0000000e+01	  -5.0154057e+01	  -5.0115580e+01	  -4.9632575e+00	  -4.9632575e+00	   1.7336988e-02	  -4.9805945e+00	   0.0000000e+00	
   1.7000000e+00	  -5.0000000e+01	  -5.0085632e+01	  -5.0154003e+01	  -4.9540266e+00	  -4.9540266e+00	   2.3100506e-02	  -4.9771271e+00	   0.0000000e+00	
   1.8000000e+00	  -5.0000000e+01	  -4.9665307e+01	  -4.9770278e+01	  -5.0069654e+00	  -5.0069654e+00	  -3.4458346e-02	  -4.9725070e+00	  -0.0000000e+00	
   1.9000000e+00	  -5.0000000e+01	  -4.9538232e+01	  -4.9530963e+01	  -5.0497542e+00	  -5.0497542e+00	  -7.0355492e-02	  -4.9793987e+00	  -0.0000000e+00	
   2.0000000e+00	  -5.0000000e+01	  -4.9753282e+01	  -4.9669350e+01	  -5.0430673e+00	  -5.0430673e+00	  -4.9597541e-02	  -4.9934698e+00	  -0.0000000e+00	
   2.1000000e+00	  -5.0000000e+01	  -4.9675082e+01	  -4.9753617e+01	  -5.0403467e+00	  -5.0403467e+00	  -3.6957416e-02	  -5.0033893e+00	  -0.0000000e+00	
   2.2000000e+00	  -5.0000000e+01	  -4.9430707e+01	  -4.9481507e+01	  -5.0885548e+00	  -5.0885548e+00	  -7.7773988e-02	  -5.0107808e+00	  -0.0000000e+00	
   2.3000000e+00	  -5.0000000e+01	  -4.9616432e+01	  -4.9514156e+01	  -5.0992122e+00	  -5.0992122e+00	  -7.2876641e-02	  -5.0263356e+00	  -0.0000000e+00	
   2.4000000e+00	  -5.0000000e+01	  -4.9792382e+01	  -4.9782783e+01	  -5.0734935e+00	  -5.0734935e+00	  -3.2582570e-02	  -5.0409109e+00	  -0.0000000e+00	
   2.5000000e+00	  -5.0000000e+01	  -4.9909682e+01	  -4.9880732e+01	  -5.0653177e+00	  -5.0653177e+00	  -1.7890272e-02	  -5.0474274e+00	  -0.0000000e+00	
   2.6000000e+00	  -5.0000000e+01	  -5.0652583e+01	  -5.0394881e+01	  -4.9917733e+00	  -4.9917733e+00	   5.9232121e-02	  -5.0510055e+00	   0.0000000e+00	
   2.7000000e+00	  -5.0000000e+01	  -4.9489357e+01	  -5.0047841e+01	  -5.0319829e+00	  -5.0319829e+00	   7.1761887e-03	  -5.0391590e+00	   0.0000000e+00	
   2.8000000e+00	  -5.0000000e+01	  -4.9655532e+01	  -4.9326633e+01	  -5.1387289e+00	  -5.1387289e+00	  -1.0100508e-01	  -5.0377238e+00	  -0.0000000e+00	
   2.9000000e+00	  -5.0000000e+01	  -4.9743507e+01	  -4.9819545e+01	  -5.0849930e+00	  -5.0849930e+00	  -2.7068187e-02	  -5.0579248e+00	  -0.0000000e+00	
   3.0000000e+00	  -5.0000000e+01	  -4.9792382e+01	  -4.9803700e+01	  -5.0927835e+00	  -5.0927835e+00	  -2.9445024e-02	  -5.0633385e+00	  -0.0000000e+00	
   3.1000000e+00	  -5.0000000e+01	  -4.9987882e+01	  -4.9861918e+01	  -5.0899397e+00	  -5.0899397e+00	  -2.0712279e-02	  -5.0692275e+00	  -0.0000000e+00	
   3.2000000e+00	  -5.0000000e+01	  -5.0163832e+01	  -5.0195396e+01	  -5.0440605e+00	  -5.0440605e+00	   2.9309374e-02	  -5.0733699e+00	   0.0000000e+00	
   3.3000000e+00	  -5.0000000e+01	  -5.0721008e+01	  -5.0495969e+01	  -4.9931127e+00	  -4.9931127e+00	   7.4395294e-02	  -5.0675080e+00	   0.0000000e+00	
   3.4000000e+00	  -5.0000000e+01	  -4.9000606e+01	  -4.9739949e+01	  -5.0916366e+00	  -5.0916366e+00	  -3.9007660e-02	  -5.0526290e+00	  -0.0000000e+00	
   3.5000000e+00	  -5.0000000e+01	  -5.0310457e+01	  -4.9474430e+01	  -5.1392660e+00	  -5.1392660e+00	  -7.8835447e-02	  -5.0604305e+00	  -0.0000000e+00	
   3.6000000e+00	  -5.0000000e+01	  -5.0408208e+01	  -5.0727060e+01	  -4.9671386e+00	  -4.9671386e+00	   1.0905904e-01	  -5.0761976e+00	   0.0000000e+00	
   3.7000000e+00	  -5.0000000e+01	  -4.9244981e+01	  -4.9623535e+01	  -5.1108556e+00	  -5.1108556e+00	  -5.6469806e-02	  -5.0543858e+00	  -0.0000000e+00	
   3.8000000e+00	  -5.0000000e+01	  -4.9665307e+01	  -4.9212301e+01	  -5.1838346e+00	  -5.1838346e+00	  -1.1815483e-01	  -5.0656798e+00	  -0.0000000e+00	
   3.9000000e+00	  -5.0000000e+01	  -4.9596882e+01	  -4.9888042e+01	  -5.1061044e+00	  -5.1061044e+00	  -1.6793666e-02	  -5.0893107e+00	  -0.0000000e+00	
   4.0000000e+00	  -5.0000000e+01	  -4.9763057e+01	  -4.9572743e+01	  -5.1567580e+00	  -5.1567580e+00	  -6.4088508e-02	  -5.0926695e+00	  -0.0000000e+00	
   4.1000000e+00	  -5.0000000e+01	  -5.0212707e+01	  -5.0110113e+01	  -5.0889702e+00	  -5.0889702e+00	   1.6516918e-02	  -5.1054872e+00	   0.0000000e+00	
   4.2000000e+00	  -5.0000000e+01	  -5.0779658e+01	  -5.0669097e+01	  -5.0018192e+00	  -5.0018192e+00	   1.0036462e-01	  -5.1021838e+00	   0.0000000e+00	
   4.3000000e+00	  -5.0000000e+01	  -5.0496183e+01	  -5.0639040e+01	  -4.9862549e+00	  -4.9862549e+00	   9.5855964e-02	  -5.0821109e+00	   0.0000000e+00	
   4.4000000e+00	  -5.0000000e+01	  -5.0349557e+01	  -5.0348960e+01	  -5.0105957e+00	  -5.0105957e+00	   5.2343980e-02	  -5.0629397e+00	   0.0000000e+00	
   4.5000000e+00	  -5.0000000e+01	  -5.0124732e+01	  -5.0180776e+01	  -5.0253544e+00	  -5.0253544e+00	   2.7116419e-02	  -5.0524709e+00	   0.0000000e+00	
   4.6000000e+00	  -5.0000000e+01	  -4.9420932e+01	  -4.9662074e+01	  -5.0977364e+00	  -5.0977364e+00	  -5.0688834e-02	  -5.0470476e+00	  -0.0000000e+00	
   4.7000000e+00	  -5.0000000e+01	  -4.9909682e+01	  -4.9593620e+01	  -5.1181423e+00	  -5.1181423e+00	  -6.0956974e-02	  -5.0571853e+00	  -0.0000000e+00	
   4.8000000e+00	  -5.0000000e+01	  -5.0388657e+01	  -5.0366902e+01	  -5.0143415e+00	  -5.0143415e+00	   5.5035257e-02	  -5.0693767e+00	   0.0000000e+00	
   4.9000000e+00	  -5.0000000e+01	  -4.9851032e+01	  -5.0092164e+01	  -5.0445451e+00	  -5.0445451e+00	   1.3824594e-02	  -5.0583697e+00	   0.0000000e+00	
   5.0000000e+00	   5.0000000e+01	  -4.9469807e+01	  -4.9462402e+01	   9.8637556e+00	   9.8637556e+00	   1.4919360e+01	  -5.0556048e+00	   0.0000000e+00	
   5.1000000e+00	   5.0000000e+01	  -2.2148656e+01	  -3.2008215e+01	   1.0000000e+01	   1.0229500e+01	   1.2301232e+01	  -2.0717327e+00	   0.0000000e+00	
   5.2000000e+00	   5.0000000e+01	   1.2722651e+00	  -2.0962487e+00	   8.1800011e+00	   8.1800011e+00	   7.8144373e+00	   3.6556379e-01	   0.0000000e+00	
   5.3000000e+00	   5.0000000e+01	   1.3481251e+01	   1.1696830e+01	   7.6739267e+00	   7.6739267e+00	   5.7454755e+00	   1.9284513e+00	   0.0000000e+00	
   5.4000000e+00	   5.0000000e+01	   2.7420414e+01	   2.3056715e+01	   7.1190390e+00	   7.1190390e+00	   4.0414927e+00	   3.0775463e+00	   0.0000000e+00	
   5.5000000e+00	   5.0000000e+01	   3.8260899e+01	   3.6918871e+01	   5.8480142e+00	   5.8480142e+00	   1.9621693e+00	   3.8858449e+00	   0.0000000e+00	
   5.6000000e+00	   5.0000000e+01	   4.1877653e+01	   4.1455551e+01	   5.5599460e+00	   5.5599460e+00	   1.2816673e+00	   4.2782787e+00	   0.0000000e+00	
   5.7000000e+00	   5.0000000e+01	   4.8886334e+01	   4.6574356e+01	   5.0484588e+00	   5.0484588e+00	   5.1384660e-01	   4.5346122e+00	   0.0000000e+00	
   5.8000000e+00	   5.0000000e+01	   4.8632184e+01	   4.9955765e+01	   4.6440168e+00	   4.6440168e+00	   6.6352689e-03	   4.6373815e+00	   0.0000000e+00	
   5.9000000e+00	   5.0000000e+01	   5.0010460e+01	   4.9011863e+01	   4.7869292e+00	   4.7869292e+00	   1.4822061e-01	   4.6387086e+00	   0.0000000e+00	
   6.0000000e+00	   5.0000000e+01	   5.0098435e+01	   5.0349984e+01	   4.6158552e+00	   4.6158552e+00	  -5.2497533e-02	   4.6683527e+00	  -0.0000000e+00	
   6.1000000e+00	   5.0000000e+01	   4.8045683e+01	   4.8891651e+01	   4.8241055e+00	   4.8241055e+00	   1.6625233e-01	   4.6578532e+00	   0.0000000e+00	
   6.2000000e+00	   5.0000000e+01	   4.8632184e+01	   4.7813878e+01	   5.0190219e+00	   5.0190219e+00	   3.2791829e-01	   4.6911037e+00	   0.0000000e+00	
   6.3000000e+00	   5.0000000e+01	   4.8133658e+01	   4.8767110e+01	   4.9416208e+00	   4.9416208e+00	   1.8493348e-01	   4.7566873e+00	   0.0000000e+00	
   6.4000000e+00	   5.0000000e+01	   4.8661509e+01	   4.8197439e+01	   5.0640581e+00	   5.0640581e+00	   2.7038410e-01	   4.7936740e+00	   0.0000000e+00	
   6.5000000e+00	   5.0000000e+01	   4.9130709e+01	   4.9110865e+01	   4.9811211e+00	   4.9811211e+00	   1.3337031e-01	   4.8477508e+00	   0.0000000e+00	
   6.6000000e+00	   5.0000000e+01	   4.9179584e+01	   4.9270082e+01	   4.9839127e+00	   4.9839127e+00	   1.0948776e-01	   4.8744249e+00	   0.0000000e+00	
   6.7000000e+00	   5.0000000e+01	   4.8681059e+01	   4.8754756e+01	   5.0831090e+00	   5.0831090e+00	   1.8678658e-01	   4.8963224e+00	   0.0000000e+00	
   6.8000000e+00	   5.0000000e+01	   4.9130709e+01	   4.8959507e+01	   5.0897537e+00	   5.0897537e+00	   1.5607389e-01	   4.9336798e+00	   0.0000000e+00	
   6.9000000e+00	   5.0000000e+01	   4.9375084e+01	   4.9350424e+01	   5.0623310e+00	   5.0623310e+00	   9.7436409e-02	   4.9648945e+00	   0.0000000e+00	
   7.0000000e+00	   5.0000000e+01	   4.8817909e+01	   4.9062675e+01	   5.1249806e+00	   5.1249806e+00	   1.4059882e-01	   4.9843818e+00	   0.0000000e+00	
   7.1000000e+00	   5.0000000e+01	   5.0088660e+01	   4.9486269e+01	   5.0895612e+00	   5.0895612e+00	   7.7059627e-02	   5.0125016e+00	   0.0000000e+00	
   7.2000000e+00	   5.0000000e+01	   5.1027061e+01	   5.0988356e+01	   4.8796601e+00	   4.8796601e+00	  -1.4825340e-01	   5.0279135e+00	  -0.0000000e+00	
   7.3000000e+00	   5.0000000e+01	   4.9218684e+01	   4.9952300e+01	   5.0054178e+00	   5.0054178e+00	   7.1549758e-03	   4.9982628e+00	   0.0000000e+00	
   7.4000000e+00	   5.0000000e+01	   4.7429858e+01	   4.7662144e+01	   5.3503723e+00	   5.3503723e+00	   3.5067843e-01	   4.9996938e+00	   0.0000000e+00	
   7.5000000e+00	   5.0000000e+01	   4.9150259e+01	   4.8365297e+01	   5.3150350e+00	   5.3150350e+00	   2.4520552e-01	   5.0698295e+00	   0.0000000e+00	
   7.6000000e+00	   5.0000000e+01	   5.0303710e+01	   5.0299502e+01	   5.0739453e+00	   5.0739453e+00	  -4.4925343e-02	   5.1188706e+00	  -0.0000000e+00	
   7.7000000e+00	   5.0000000e+01	   5.0577411e+01	   5.0546587e+01	   5.0278974e+00	   5.0278974e+00	  -8.1988121e-02	   5.1098856e+00	  -0.0000000e+00	
   7.8000000e+00	   5.0000000e+01	   4.9756310e+01	   5.0027844e+01	   5.0893114e+00	   5.0893114e+00	  -4.1765295e-03	   5.0934879e+00	  -0.0000000e+00	
   7.9000000e+00	   5.0000000e+01	   5.0147310e+01	   4.9894191e+01	   5.1085240e+00	   5.1085240e+00	   1.5871386e-02	   5.0926526e+00	   0.0000000e+00	
   8.0000000e+00	   5.0000000e+01	   5.0000685e+01	   5.0142423e+01	   5.0744634e+00	   5.0744634e+00	  -2.1363500e-02	   5.0958269e+00	  -0.0000000e+00	
   8.1000000e+00	   5.0000000e+01	   5.0215735e+01	   5.0113733e+01	   5.0744943e+00	   5.0744943e+00	  -1.7059914e-02	   5.0915542e+00	  -0.0000000e+00	
   8.2000000e+00	   5.0000000e+01	   5.0235285e+01	   5.0237671e+01	   5.0524915e+00	   5.0524915e+00	  -3.5650705e-02	   5.0881422e+00	  -0.0000000e+00	
   8.3000000e+00	   5.0000000e+01	   4.9951810e+01	   5.0089118e+01	   5.0676443e+00	   5.0676443e+00	  -1.3367756e-02	   5.0810121e+00	  -0.0000000e+00	
   8.4000000e+00	   5.0000000e+01	   5.0802236e+01	   5.0401366e+01	   5.0181336e+00	   5.0181336e+00	  -6.0204921e-02	   5.0783385e+00	  -0.0000000e+00	
   8.5000000e+00	   5.0000000e+01	   4.8065233e+01	   4.9262627e+01	   5.1769035e+00	   5.1769035e+00	   1.1060600e-01	   5.0662975e+00	   0.0000000e+00	
   8.6000000e+00	   5.0000000e+01	   4.9081834e+01	   4.8130625e+01	   5.3688250e+00	   5.3688250e+00	   2.8040630e-01	   5.0884187e+00	   0.0000000e+00	
   8.7000000e+00	   5.0000000e+01	   5.0430785e+01	   5.0306770e+01	   5.0984844e+00	   5.0984844e+00	  -4.6015568e-02	   5.1445000e+00	  -0.0000000e+00	
   8.8000000e+00	   5.0000000e+01	   4.9795410e+01	   5.0254165e+01	   5.0971721e+00	   5.0971721e+00	  -3.8124814e-02	   5.1352969e+00	  -0.0000000e+00	
   8.9000000e+00	   5.0000000e+01	   5.0391685e+01	   4.9846929e+01	   5.1506326e+00	   5.1506326e+00	   2.2960701e-02	   5.1276719e+00	   0.0000000e+00	
   9.0000000e+00	   5.0000000e+01	   5.0010460e+01	   5.0446530e+01	   5.0652845e+00	   5.0652845e+00	  -6.6979553e-02	   5.1322641e+00	  -0.0000000e+00	
   9.1000000e+00	   5.0000000e+01	   5.0870661e+01	   5.0372750e+01	   5.0629557e+00	   5.0629557e+00	  -5.5912481e-02	   5.1188682e+00	  -0.0000000e+00	
   9.2000000e+00	   5.0000000e+01	   5.0098435e+01	   5.0571813e+01	   5.0219136e+00	   5.0219136e+00	  -8.5772023e-02	   5.1076857e+00	  -0.0000000e+00	
   9.3000000e+00	   5.0000000e+01	   4.9863835e+01	   4.9787649e+01	   5.1223839e+00	   5.1223839e+00	   3.1852692e-02	   5.0905313e+00	   0.0000000e+00	
   9.4000000e+00	   5.0000000e+01	   4.9687885e+01	   4.9696134e+01	   5.1424817e+00	   5.1424817e+00	   4.5579940e-02	   5.0969018e+00	   0.0000000e+00	
   9.5000000e+00	   5.0000000e+01	   5.0030010e+01	   4.9968296e+01	   5.1107734e+00	   5.1107734e+00	   4.7556613e-03	   5.1060178e+00	   0.0000000e+00	
   9.6000000e+00	   5.0000000e+01	   5.0088660e+01	   5.0057248e+01	   5.0983817e+00	   5.0983817e+00	  -8.5871888e-03	   5.1069689e+00	  -0.0000000e+00	
   9.7000000e+00	   5.0000000e+01	   5.0577411e+01	   5.0449061e+01	   5.0378923e+00	   5.0378923e+00	  -6.7359153e-02	   5.1052515e+00	  -0.0000000e+00	
   9.8000000e+00	   5.0000000e+01	   4.8935209e+01	   4.9577273e+01	   5.1551886e+00	   5.1551886e+00	   6.3409000e-02	   5.0917796e+00	   0.0000000e+00	
   9.9000000e+00	   5.0000000e+01	   5.0987961e+01	   4.9937296e+01	   5.1138671e+00	   5.1138671e+00	   9.4056714e-03	   5.1044614e+00	   0.0000000e+00	
   1.0000000e+01	   5.0000000e+01	   4.9678110e+01	   5.0622665e+01	   5.0129428e+00	   5.0129428e+00	  -9.3399739e-02	   5.1063426e+00	  -0.0000000e+00	
