   0.0000000e+00	   1.0000000e+00	  -1.2203622e+00	   9.7009277e+01	
   1.0000000e-01	   1.0000000e+00	   5.0003941e-01	   9.6372070e+01	
   2.0000000e-01	   1.0000000e+00	   1.9271907e+00	   9.8459473e+01	
   3.0000000e-01	   1.0000000e+00	   4.1070177e+00	   9.9733887e+01	
   4.0000000e-01	   1.0000000e+00	   5.5146190e+00	   1.0006348e+02	
   5.0000000e-01	   1.0000000e+00	   6.4041449e+00	   1.0683105e+02	
   6.0000000e-01	   1.0000000e+00	   8.4080217e+00	   1.1104980e+02	
   7.0000000e-01	   1.0000000e+00	   9.3659726e+00	   1.1529053e+02	
   8.0000000e-01	   1.0000000e+00	   1.1047274e+01	   1.2590332e+02	
   9.0000000e-01	   1.0000000e+00	   1.0353248e+01	   1.3576904e+02	
   1.0000000e+00	   1.0000000e+00	   1.1936800e+01	   1.4044922e+02	
