   0.0000000e+00	   1.0000000e+00	  -5.5566156e-01	   2.5488281e+01	
   1.0000000e-01	   1.0000000e+00	  -1.9398623e-01	   2.8608398e+01	
   2.0000000e-01	   1.0000000e+00	   2.1813410e+00	   2.6762695e+01	
   3.0000000e-01	   1.0000000e+00	   3.5107422e+00	   2.8959961e+01	
   4.0000000e-01	   1.0000000e+00	   4.8890185e+00	   3.2211914e+01	
   5.0000000e-01	   1.0000000e+00	   6.6582951e+00	   3.7573242e+01	
   6.0000000e-01	   1.0000000e+00	   8.2516216e+00	   4.2011719e+01	
   7.0000000e-01	   1.0000000e+00	   9.5223727e+00	   4.7197266e+01	
   8.0000000e-01	   1.0000000e+00	   9.1118223e+00	   5.6008301e+01	
   9.0000000e-01	   1.0000000e+00	   1.0998399e+01	   6.0051270e+01	
   1.0000000e+00	   1.0000000e+00	   9.3757476e+00	   6.5192871e+01	
