   0.0000000e+00	  -8.8801187e-01	  -2.1775480e-02	  -2.4038086e+01	  -5.8945255e-01	
   1.0000000e-02	  -1.6700126e+00	  -8.3434416e-02	  -2.2807617e+01	  -1.7092759e+00	
   2.0000000e-02	  -9.4666192e-01	  -1.4350759e-01	  -2.1752930e+01	  -2.7181439e+00	
   3.0000000e-02	  -2.6279635e+00	  -2.2412509e-01	  -2.0917969e+01	  -3.6311964e+00	
   4.0000000e-02	  -2.0805630e+00	  -3.2859392e-01	  -1.8786621e+01	  -4.4267313e+00	
   5.0000000e-02	  -2.9798638e+00	  -4.3656842e-01	  -1.8764648e+01	  -5.1304477e+00	
   6.0000000e-02	  -2.9994138e+00	  -5.6177921e-01	  -2.0390625e+01	  -5.8389844e+00	
   7.0000000e-02	  -3.8889396e+00	  -7.0314126e-01	  -2.1643066e+01	  -6.5833555e+00	
   8.0000000e-02	  -5.9221415e+00	  -9.0924045e-01	  -2.2324219e+01	  -7.3386352e+00	
   9.0000000e-02	  -6.5770671e+00	  -1.1711491e+00	  -2.0720215e+01	  -8.0342437e+00	
   1.0000000e-01	  -7.7793932e+00	  -1.4657557e+00	  -2.3532715e+01	  -8.7253715e+00	
   1.1000000e-01	  -8.8057692e+00	  -1.8005652e+00	  -2.6257324e+01	  -9.5183831e+00	
   1.2000000e-01	  -8.1606186e+00	  -2.1283028e+00	  -2.5664063e+01	  -1.0324767e+01	
   1.3000000e-01	  -8.9230693e+00	  -2.4428435e+00	  -2.5598145e+01	  -1.1075439e+01	
   1.4000000e-01	  -1.0144945e+01	  -2.7906170e+00	  -2.4741211e+01	  -1.1766666e+01	
   1.5000000e-01	  -1.2305222e+01	  -3.2042704e+00	  -2.5993652e+01	  -1.2433691e+01	
   1.6000000e-01	  -1.2002197e+01	  -3.6431797e+00	  -2.6389160e+01	  -1.3108414e+01	
   1.7000000e-01	  -1.3243623e+01	  -4.0835746e+00	  -2.8520508e+01	  -1.3812008e+01	
   1.8000000e-01	  -1.4094049e+01	  -4.5536667e+00	  -3.0366211e+01	  -1.4578620e+01	
   1.9000000e-01	  -1.4661000e+01	  -5.0354603e+00	  -3.0366211e+01	  -1.5352894e+01	
   2.0000000e-01	  -1.5794901e+01	  -5.5353328e+00	  -3.3178711e+01	  -1.6158163e+01	
   2.1000000e-01	  -1.5648275e+01	  -6.0348995e+00	  -3.0695801e+01	  -1.6932020e+01	
   2.2000000e-01	  -1.6283651e+01	  -6.5219508e+00	  -3.2453613e+01	  -1.7650145e+01	
   2.3000000e-01	  -1.7349127e+01	  -7.0268232e+00	  -3.5639648e+01	  -1.8454281e+01	
   2.4000000e-01	  -1.6596451e+01	  -7.5146054e+00	  -3.5815430e+01	  -1.9301417e+01	
   2.5000000e-01	  -1.9333454e+01	  -8.0271241e+00	  -3.5661621e+01	  -2.0107546e+01	
   2.6000000e-01	  -1.9704904e+01	  -8.5907314e+00	  -3.7045898e+01	  -2.0904313e+01	
   2.7000000e-01	  -1.9704904e+01	  -9.1358062e+00	  -4.0012207e+01	  -2.1768687e+01	
   2.8000000e-01	  -2.1200481e+01	  -9.6908227e+00	  -4.0759277e+01	  -2.2681727e+01	
   2.9000000e-01	  -2.1835856e+01	  -1.0270874e+01	  -4.1286621e+01	  -2.3581240e+01	
   3.0000000e-01	  -2.1767431e+01	  -1.0836380e+01	  -4.3527832e+01	  -2.4504527e+01	
   3.1000000e-01	  -2.2363707e+01	  -1.1387095e+01	  -4.4780273e+01	  -2.5468203e+01	
   3.2000000e-01	  -2.2520107e+01	  -1.1929259e+01	  -4.4230957e+01	  -2.6401859e+01	
   3.3000000e-01	  -2.4670609e+01	  -1.2501402e+01	  -4.6428223e+01	  -2.7330135e+01	
   3.4000000e-01	  -2.4954084e+01	  -1.3105170e+01	  -4.7702637e+01	  -2.8298018e+01	
   3.5000000e-01	  -2.4543534e+01	  -1.3676212e+01	  -4.8427734e+01	  -2.9267463e+01	
   3.6000000e-01	  -2.5042059e+01	  -1.4221405e+01	  -5.0405273e+01	  -3.0255637e+01	
   3.7000000e-01	  -2.5882710e+01	  -1.4772699e+01	  -5.2470703e+01	  -3.1294488e+01	
   3.8000000e-01	  -2.5970685e+01	  -1.5319727e+01	  -5.0910645e+01	  -3.2294782e+01	
   3.9000000e-01	  -2.5687210e+01	  -1.5835133e+01	  -5.2580566e+01	  -3.3248713e+01	
   4.0000000e-01	  -2.7818162e+01	  -1.6370565e+01	  -5.5151367e+01	  -3.4259850e+01	
   4.1000000e-01	  -2.8052762e+01	  -1.6937744e+01	  -5.9567871e+01	  -3.5392737e+01	
   4.2000000e-01	  -2.8649037e+01	  -1.7497482e+01	  -6.1457520e+01	  -3.6624700e+01	
   4.3000000e-01	  -2.9812264e+01	  -1.8072915e+01	  -6.2775879e+01	  -3.7874910e+01	
   4.4000000e-01	  -2.9694963e+01	  -1.8645774e+01	  -6.5654297e+01	  -3.9166717e+01	
   4.5000000e-01	  -3.0252139e+01	  -1.9201324e+01	  -6.6796875e+01	  -4.0493771e+01	
   4.6000000e-01	  -3.0819089e+01	  -1.9757194e+01	  -6.9367676e+01	  -4.1846800e+01	
   4.7000000e-01	  -3.1131890e+01	  -2.0307376e+01	  -7.0510254e+01	  -4.3224530e+01	
   4.8000000e-01	  -3.1923665e+01	  -2.0857660e+01	  -7.2575684e+01	  -4.4613358e+01	
   4.9000000e-01	  -3.1913890e+01	  -2.1400133e+01	  -7.3586426e+01	  -4.6009505e+01	
   5.0000000e-01	  -3.1092790e+01	  -2.1895627e+01	  -7.6376953e+01	  -4.7430394e+01	
   5.1000000e-01	  -3.2920716e+01	  -2.2391509e+01	  -7.6948242e+01	  -4.8864036e+01	
   5.2000000e-01	  -3.2950041e+01	  -2.2908614e+01	  -7.9584961e+01	  -5.0306032e+01	
   5.3000000e-01	  -3.4054617e+01	  -2.3428164e+01	  -8.2463379e+01	  -5.1812549e+01	
   5.4000000e-01	  -3.3497442e+01	  -2.3935657e+01	  -8.4023438e+01	  -5.3354019e+01	
   5.5000000e-01	  -3.4631343e+01	  -2.4432403e+01	  -8.6506348e+01	  -5.4919031e+01	
   5.6000000e-01	  -3.4426068e+01	  -2.4927558e+01	  -8.7495117e+01	  -5.6492421e+01	
   5.7000000e-01	  -3.5227619e+01	  -2.5413051e+01	  -8.9956055e+01	  -5.8073239e+01	
   5.8000000e-01	  -3.4298993e+01	  -2.5871617e+01	  -9.1845703e+01	  -5.9683212e+01	
   5.9000000e-01	  -3.5227619e+01	  -2.6307694e+01	  -9.4174805e+01	  -6.1317678e+01	
   6.0000000e-01	  -3.6009619e+01	  -2.6764332e+01	  -9.6086426e+01	  -6.2975973e+01	
   6.1000000e-01	  -3.5139643e+01	  -2.7196417e+01	  -9.7448730e+01	  -6.4633222e+01	
   6.2000000e-01	  -3.6429945e+01	  -2.7617619e+01	  -1.0012939e+02	  -6.6308334e+01	
   6.3000000e-01	  -3.6146469e+01	  -2.8042853e+01	  -1.0261230e+02	  -6.8027913e+01	
   6.4000000e-01	  -3.7035995e+01	  -2.8462093e+01	  -1.0560059e+02	  -6.9797320e+01	
   6.5000000e-01	  -3.7593171e+01	  -2.8896247e+01	  -1.0836914e+02	  -7.1621117e+01	
   6.6000000e-01	  -3.7847321e+01	  -2.9329005e+01	  -1.1102783e+02	  -7.3488554e+01	
   6.7000000e-01	  -3.8208996e+01	  -2.9755639e+01	  -1.1282959e+02	  -7.5373783e+01	
   6.8000000e-01	  -3.8951897e+01	  -3.0188436e+01	  -1.1601563e+02	  -7.7288863e+01	
   6.9000000e-01	  -3.8756397e+01	  -3.0613430e+01	  -1.1691650e+02	  -7.9210239e+01	
   7.0000000e-01	  -3.8169896e+01	  -3.0998406e+01	  -1.1913574e+02	  -8.1113895e+01	
   7.1000000e-01	  -3.9342897e+01	  -3.1378883e+01	  -1.2353027e+02	  -8.3086370e+01	
   7.2000000e-01	  -3.9958723e+01	  -3.1784565e+01	  -1.2610107e+02	  -8.5132909e+01	
   7.3000000e-01	  -4.0232423e+01	  -3.2192163e+01	  -1.2816650e+02	  -8.7192767e+01	
   7.4000000e-01	  -4.0261748e+01	  -3.2587202e+01	  -1.3271484e+02	  -8.9313784e+01	
   7.5000000e-01	  -4.0124898e+01	  -3.2960231e+01	  -1.3220947e+02	  -9.1429919e+01	
   7.6000000e-01	  -4.0418148e+01	  -3.3318800e+01	  -1.3315430e+02	  -9.3453048e+01	
   7.7000000e-01	  -4.1317449e+01	  -3.3689028e+01	  -1.3798828e+02	  -9.5518662e+01	
   7.8000000e-01	  -4.1620474e+01	  -3.4070581e+01	  -1.3950439e+02	  -9.7638687e+01	
   7.9000000e-01	  -4.1483624e+01	  -3.4437496e+01	  -1.4302002e+02	  -9.9778124e+01	
   8.0000000e-01	  -4.0760274e+01	  -3.4765323e+01	  -1.4559082e+02	  -1.0196189e+02	
   8.1000000e-01	  -4.1278349e+01	  -3.5072039e+01	  -1.4926025e+02	  -1.0419157e+02	
   8.2000000e-01	  -4.1728000e+01	  -3.5387442e+01	  -1.4965576e+02	  -1.0641158e+02	
   8.3000000e-01	  -4.1757325e+01	  -3.5699123e+01	  -1.5394043e+02	  -1.0863748e+02	
   8.4000000e-01	  -4.2539325e+01	  -3.6015412e+01	  -1.5580811e+02	  -1.1090508e+02	
   8.5000000e-01	  -4.1444524e+01	  -3.6308520e+01	  -1.6051025e+02	  -1.1322258e+02	
   8.6000000e-01	  -4.2167875e+01	  -3.6578144e+01	  -1.6400391e+02	  -1.1562739e+02	
   8.7000000e-01	  -4.2451350e+01	  -3.6859233e+01	  -1.6532227e+02	  -1.1803225e+02	
   8.8000000e-01	  -4.3262676e+01	  -3.7153384e+01	  -1.6881592e+02	  -1.2043718e+02	
   8.9000000e-01	  -4.3233351e+01	  -3.7452284e+01	  -1.7204590e+02	  -1.2288903e+02	
   9.0000000e-01	  -4.3507051e+01	  -3.7742518e+01	  -1.7301270e+02	  -1.2532355e+02	
   9.1000000e-01	  -4.3741651e+01	  -3.8030982e+01	  -1.7918701e+02	  -1.2781378e+02	
   9.2000000e-01	  -4.3262676e+01	  -3.8299306e+01	  -1.7903320e+02	  -1.3032952e+02	
   9.3000000e-01	  -4.4161977e+01	  -3.8564778e+01	  -1.8000000e+02	  -1.3274181e+02	
   9.4000000e-01	  -4.3673226e+01	  -3.8827298e+01	  -1.8000000e+02	  -1.3505951e+02	
   9.5000000e-01	  -4.4396577e+01	  -3.9082695e+01	  -1.8000000e+02	  -1.3726353e+02	
   9.6000000e-01	  -4.4484552e+01	  -3.9345463e+01	  -1.8000000e+02	  -1.3935947e+02	
   9.7000000e-01	  -4.4494327e+01	  -3.9597740e+01	  -1.4633789e+01	  -1.3729756e+02	
   9.8000000e-01	  -4.4719152e+01	  -3.9843397e+01	   1.7604492e+02	  -1.2660599e+02	
   9.9000000e-01	  -4.4083777e+01	  -4.0066940e+01	   1.7604492e+02	  -1.1176301e+02	
   1.0000000e+00	  -4.4992853e+01	  -4.0286230e+01	   1.7826416e+02	  -9.7593568e+01	
   1.0100000e+00	  -4.4601852e+01	  -4.0507470e+01	   1.7589111e+02	  -8.4122808e+01	
   1.0200000e+00	  -4.5012403e+01	  -4.0718339e+01	   1.7149658e+02	  -7.1478649e+01	
   1.0300000e+00	  -4.5393628e+01	  -4.0938282e+01	   1.7105713e+02	  -5.9573138e+01	
   1.0400000e+00	  -4.5276328e+01	  -4.1153910e+01	   1.6560791e+02	  -4.8395911e+01	
   1.0500000e+00	  -4.5716203e+01	  -4.1366873e+01	   1.6547607e+02	  -3.7903708e+01	
   1.0600000e+00	  -4.5667328e+01	  -4.1578980e+01	   1.5976318e+02	  -2.8069398e+01	
   1.0700000e+00	  -4.5823728e+01	  -4.1783321e+01	   1.5826904e+02	  -1.8894122e+01	
   1.0800000e+00	  -4.6087654e+01	  -4.1987947e+01	   1.5501709e+02	  -1.0285214e+01	
   1.0900000e+00	  -4.6019228e+01	  -4.2187332e+01	   1.5391846e+02	  -2.2051968e+00	
   1.1000000e+00	  -4.6244054e+01	  -4.2380774e+01	   1.4976563e+02	   5.3497756e+00	
   1.1100000e+00	  -4.5921478e+01	  -4.2562331e+01	   1.4484375e+02	   1.2311701e+01	
   1.1200000e+00	  -4.6586179e+01	  -4.2743374e+01	   1.4073486e+02	   1.8710743e+01	
   1.1300000e+00	  -4.5862828e+01	  -4.2914100e+01	   1.4040527e+02	   2.4687117e+01	
   1.1400000e+00	  -4.6488429e+01	  -4.3074056e+01	   1.3532959e+02	   3.0237843e+01	
   1.1500000e+00	  -4.6175629e+01	  -4.3233837e+01	   1.3374756e+02	   3.5353087e+01	
   1.1600000e+00	  -4.6644829e+01	  -4.3389618e+01	   1.3445068e+02	   4.0195910e+01	
   1.1700000e+00	  -4.6674154e+01	  -4.3549983e+01	   1.2385986e+02	   4.4558764e+01	
   1.1800000e+00	  -4.6830554e+01	  -4.3707038e+01	   1.2289307e+02	   4.8424238e+01	
   1.1900000e+00	  -4.6605729e+01	  -4.3854712e+01	   1.2229980e+02	   5.2061881e+01	
   1.2000000e+00	  -4.7387730e+01	  -4.4008806e+01	   1.1036865e+02	   5.5214004e+01	
   1.2100000e+00	  -4.6938079e+01	  -4.4163494e+01	   1.1882813e+02	   5.8126405e+01	
   1.2200000e+00	  -4.7162905e+01	  -4.4305081e+01	   1.1335693e+02	   6.0969250e+01	
   1.2300000e+00	  -4.6947854e+01	  -4.4439965e+01	   1.0894043e+02	   6.3430211e+01	
   1.2400000e+00	  -4.7368180e+01	  -4.4573267e+01	   1.0368896e+02	   6.5533404e+01	
   1.2500000e+00	  -4.7387730e+01	  -4.4710818e+01	   1.0357910e+02	   6.7401982e+01	
   1.2600000e+00	  -4.7026054e+01	  -4.4833233e+01	   9.2944336e+01	   6.8915443e+01	
   1.2700000e+00	  -4.7241105e+01	  -4.4946050e+01	   9.6745605e+01	   7.0187110e+01	
   1.2800000e+00	  -4.6840329e+01	  -4.5048779e+01	   9.4328613e+01	   7.1430356e+01	
   1.2900000e+00	  -4.7182455e+01	  -4.5145032e+01	   8.8549805e+01	   7.2411654e+01	
   1.3000000e+00	  -4.7417055e+01	  -4.5250706e+01	   8.1958008e+01	   7.3041480e+01	
   1.3100000e+00	  -4.7426830e+01	  -4.5357191e+01	   8.8088379e+01	   7.3629101e+01	
   1.3200000e+00	  -4.8032880e+01	  -4.5473554e+01	   7.7321777e+01	   7.4074217e+01	
   1.3300000e+00	  -4.7465930e+01	  -4.5585169e+01	   8.1782227e+01	   7.4342865e+01	
   1.3400000e+00	  -4.7954680e+01	  -4.5689392e+01	   7.1608887e+01	   7.4458248e+01	
   1.3500000e+00	  -4.7632105e+01	  -4.5792579e+01	   7.2905273e+01	   7.4350296e+01	
   1.3600000e+00	  -4.8111080e+01	  -4.5894541e+01	   6.8247070e+01	   7.4165201e+01	
   1.3700000e+00	  -4.7563680e+01	  -4.5989824e+01	   6.7653809e+01	   7.3860409e+01	
   1.3800000e+00	  -4.8717131e+01	  -4.6095295e+01	   6.3852539e+01	   7.3462804e+01	
   1.3900000e+00	  -4.7759180e+01	  -4.6200388e+01	   5.9941406e+01	   7.2895578e+01	
   1.4000000e+00	  -4.8384781e+01	  -4.6292177e+01	   5.4052734e+01	   7.2115864e+01	
   1.4100000e+00	  -4.8140405e+01	  -4.6388813e+01	   5.5283203e+01	   7.1260163e+01	
   1.4200000e+00	  -4.9137456e+01	  -4.6499166e+01	   4.7285156e+01	   7.0280477e+01	
   1.4300000e+00	  -4.8091530e+01	  -4.6602908e+01	   4.8295898e+01	   6.9177497e+01	
   1.4400000e+00	  -4.8062205e+01	  -4.6675196e+01	   3.5463867e+01	   6.7838735e+01	
   1.4500000e+00	  -4.8541181e+01	  -4.6754964e+01	   4.3505859e+01	   6.6448169e+01	
   1.4600000e+00	  -4.7837380e+01	  -4.6825308e+01	   3.5529785e+01	   6.5127419e+01	
   1.4700000e+00	  -4.8013330e+01	  -4.6879258e+01	   3.7243652e+01	   6.3717882e+01	
   1.4800000e+00	  -4.7935130e+01	  -4.6932959e+01	   3.7045898e+01	   6.2414651e+01	
   1.4900000e+00	  -4.7944905e+01	  -4.6982348e+01	   3.1596680e+01	   6.1036863e+01	
   1.5000000e+00	  -4.8169730e+01	  -4.7035068e+01	   2.8015137e+01	   5.9505196e+01	
   1.5100000e+00	  -4.8189280e+01	  -4.7091195e+01	   2.7883301e+01	   5.7957589e+01	
   1.5200000e+00	  -4.8228380e+01	  -4.7146007e+01	   2.1445313e+01	   5.6324780e+01	
   1.5300000e+00	  -4.8453206e+01	  -4.7204604e+01	   2.0522461e+01	   5.4591548e+01	
   1.5400000e+00	  -4.8423881e+01	  -4.7265120e+01	   1.7885742e+01	   5.2856034e+01	
   1.5500000e+00	  -4.8394556e+01	  -4.7321230e+01	   1.3425293e+01	   5.1031601e+01	
   1.5600000e+00	  -4.8228380e+01	  -4.7369795e+01	   8.0859375e+00	   4.9056337e+01	
   1.5700000e+00	  -4.8697581e+01	  -4.7423408e+01	   8.4155273e+00	   4.7055099e+01	
   1.5800000e+00	  -4.8306581e+01	  -4.7476310e+01	   5.9765625e+00	   4.5100283e+01	
   1.5900000e+00	  -4.8394556e+01	  -4.7519186e+01	   7.2509766e-01	   4.3052755e+01	
   1.6000000e+00	  -4.8003555e+01	  -4.7552529e+01	  -1.4941406e+00	   4.0922451e+01	
   1.6100000e+00	  -4.7974230e+01	  -4.7573930e+01	  -5.4272461e+00	   3.8745759e+01	
   1.6200000e+00	  -4.8453206e+01	  -4.7605307e+01	  -8.9208984e+00	   3.6493703e+01	
   1.6300000e+00	  -4.8922406e+01	  -4.7658396e+01	  -1.0942383e+01	   3.4216854e+01	
   1.6400000e+00	  -4.8423881e+01	  -4.7708163e+01	  -1.4677734e+01	   3.1910503e+01	
   1.6500000e+00	  -4.8130630e+01	  -4.7736073e+01	  -1.7709961e+01	   2.9551311e+01	
   1.6600000e+00	  -4.8775781e+01	  -4.7771243e+01	  -1.9050293e+01	   2.7200599e+01	
   1.6700000e+00	  -4.8902856e+01	  -4.7823625e+01	  -2.2785645e+01	   2.4840710e+01	
   1.6800000e+00	  -4.8384781e+01	  -4.7863850e+01	  -2.4631348e+01	   2.2459700e+01	
   1.6900000e+00	  -4.8492306e+01	  -4.7892035e+01	  -2.8410645e+01	   2.0057529e+01	
   1.7000000e+00	  -4.8003555e+01	  -4.7909489e+01	  -3.3046875e+01	   1.7566806e+01	
   1.7100000e+00	  -4.8453206e+01	  -4.7925129e+01	  -3.5112305e+01	   1.5033901e+01	
   1.7200000e+00	  -5.4562586e+01	  -4.8100839e+01	  -3.6079102e+01	   1.2550862e+01	
   1.7300000e+00	  -4.8756231e+01	  -4.8275363e+01	  -3.9990234e+01	   1.0069985e+01	
   1.7400000e+00	  -4.8208830e+01	  -4.8285523e+01	  -4.2385254e+01	   7.5561408e+00	
   1.7500000e+00	  -4.8443431e+01	  -4.8287514e+01	  -4.5197754e+01	   5.0378871e+00	
   1.7600000e+00	  -4.8541181e+01	  -4.8297558e+01	  -4.8208008e+01	   2.5003533e+00	
   1.7700000e+00	  -4.8726906e+01	  -4.8314060e+01	  -5.1789551e+01	  -7.4373135e-02	
   1.7800000e+00	  -5.6722863e+01	  -4.8530381e+01	  -5.2294922e+01	  -2.6230444e+00	
   1.7900000e+00	  -4.8257706e+01	  -4.8724588e+01	  -5.5305176e+01	  -5.1329294e+00	
   1.8000000e+00	  -4.9098356e+01	  -4.8722305e+01	  -5.9919434e+01	  -7.7066869e+00	
   1.8100000e+00	  -4.8462981e+01	  -4.8725167e+01	  -6.2116699e+01	  -1.0321249e+01	
   1.8200000e+00	  -4.8306581e+01	  -4.8708473e+01	  -6.6445313e+01	  -1.2967609e+01	
   1.8300000e+00	  -4.9303631e+01	  -4.8713212e+01	  -6.9719238e+01	  -1.5670609e+01	
   1.8400000e+00	  -4.8531406e+01	  -4.8723232e+01	  -7.1301270e+01	  -1.8360122e+01	
   1.8500000e+00	  -4.9332957e+01	  -4.8733480e+01	  -7.6003418e+01	  -2.1071831e+01	
   1.8600000e+00	  -4.8824656e+01	  -4.8750416e+01	  -7.8046875e+01	  -2.3815961e+01	
   1.8700000e+00	  -4.8697581e+01	  -4.8750941e+01	  -8.0266113e+01	  -2.6530039e+01	
   1.8800000e+00	  -4.9929232e+01	  -4.8778526e+01	  -8.4155273e+01	  -2.9260798e+01	
   1.8900000e+00	  -4.8541181e+01	  -4.8800923e+01	  -8.6770020e+01	  -3.2017117e+01	
   1.9000000e+00	  -4.8335906e+01	  -4.8783151e+01	  -8.7429199e+01	  -3.4718540e+01	
   1.9100000e+00	  -4.8668256e+01	  -4.8769366e+01	  -9.2109375e+01	  -3.7418406e+01	
   1.9200000e+00	  -4.7563680e+01	  -4.8737321e+01	  -9.5976563e+01	  -4.0195456e+01	
   1.9300000e+00	  -4.8414106e+01	  -4.8700616e+01	  -9.7492676e+01	  -4.2968319e+01	
   1.9400000e+00	  -5.6840163e+01	  -4.8893185e+01	  -1.0021729e+02	  -4.5709181e+01	
   1.9500000e+00	  -4.8257706e+01	  -4.9072475e+01	  -1.0404053e+02	  -4.8476186e+01	
   1.9600000e+00	  -5.5901763e+01	  -4.9219960e+01	  -1.0674316e+02	  -5.1267513e+01	
   1.9700000e+00	  -4.8521631e+01	  -4.9366685e+01	  -1.1093994e+02	  -5.4091129e+01	
   1.9800000e+00	  -5.6282988e+01	  -4.9515562e+01	  -1.1232422e+02	  -5.6913122e+01	
   1.9900000e+00	  -4.8384781e+01	  -4.9653781e+01	  -1.1540039e+02	  -5.9706094e+01	
   2.0000000e+00	  -5.1346608e+01	  -4.9664174e+01	  -1.2166260e+02	  -6.2591081e+01	
   2.0100000e+00	  -4.8423881e+01	  -4.9675016e+01	  -1.2282715e+02	  -6.5516695e+01	
   2.0200000e+00	  -5.6419838e+01	  -4.9809730e+01	  -1.2761719e+02	  -6.8444843e+01	
   2.0300000e+00	  -4.9225431e+01	  -4.9957493e+01	  -1.2735352e+02	  -7.1340380e+01	
   2.0400000e+00	  -5.0965383e+01	  -4.9964256e+01	  -1.3137451e+02	  -7.4186045e+01	
   2.0500000e+00	  -4.8394556e+01	  -4.9950314e+01	  -1.3645020e+02	  -7.7115216e+01	
   2.0600000e+00	  -5.5804012e+01	  -5.0055707e+01	  -1.3779053e+02	  -8.0058061e+01	
   2.0700000e+00	  -4.8668256e+01	  -5.0162642e+01	  -1.4053711e+02	  -8.2956798e+01	
   2.0800000e+00	  -4.8257706e+01	  -5.0079285e+01	  -1.4236084e+02	  -8.5825442e+01	
   2.0900000e+00	  -4.8345681e+01	  -4.9992106e+01	  -1.4651367e+02	  -8.8699954e+01	
   2.1000000e+00	  -4.8052430e+01	  -4.9904169e+01	  -1.5064453e+02	  -9.1636621e+01	
   2.1100000e+00	  -4.8648706e+01	  -4.9827975e+01	  -1.5136963e+02	  -9.4548339e+01	
   2.1200000e+00	  -4.8981056e+01	  -4.9778290e+01	  -1.5688477e+02	  -9.7470278e+01	
   2.1300000e+00	  -4.8697581e+01	  -4.9732240e+01	  -1.5956543e+02	  -1.0044989e+02	
   2.1400000e+00	  -4.8091530e+01	  -4.9666636e+01	  -1.6037842e+02	  -1.0336904e+02	
   2.1500000e+00	  -4.9127681e+01	  -4.9614795e+01	  -1.6613525e+02	  -1.0630613e+02	
   2.1600000e+00	  -4.8443431e+01	  -4.9574127e+01	  -1.6677246e+02	  -1.0925597e+02	
   2.1700000e+00	  -4.8981056e+01	  -4.9531857e+01	  -1.7296875e+02	  -1.1222871e+02	
   2.1800000e+00	  -4.8042655e+01	  -4.9481833e+01	  -1.7694580e+02	  -1.1530512e+02	
   2.1900000e+00	  -4.9567557e+01	  -4.9448644e+01	  -1.7846191e+02	  -1.1836535e+02	
   2.2000000e+00	  -4.8218605e+01	  -4.9421398e+01	  -1.8000000e+02	  -1.2135040e+02	
   2.2100000e+00	  -4.8375006e+01	  -4.9366244e+01	  -1.8000000e+02	  -1.2422676e+02	
   2.2200000e+00	  -4.7759180e+01	  -4.9302529e+01	  -1.8000000e+02	  -1.2696206e+02	
   2.2300000e+00	  -4.8316356e+01	  -4.9240502e+01	  -1.8000000e+02	  -1.2956321e+02	
   2.2400000e+00	  -4.8032880e+01	  -4.9188227e+01	  -1.5073242e+01	  -1.2799253e+02	
   2.2500000e+00	  -4.8687806e+01	  -4.9147625e+01	   1.7760498e+02	  -1.1772982e+02	
   2.2600000e+00	  -4.7925355e+01	  -4.9106378e+01	   1.7562744e+02	  -1.0329414e+02	
   2.2700000e+00	  -4.9059256e+01	  -4.9076261e+01	   1.7608887e+02	  -8.9603617e+01	
   2.2800000e+00	  -4.7984005e+01	  -4.9049061e+01	   1.7520996e+02	  -7.6594755e+01	
   2.2900000e+00	  -4.8853981e+01	  -4.9018160e+01	   1.7562744e+02	  -6.4235204e+01	
   2.3000000e+00	  -4.8853981e+01	  -4.9010108e+01	   1.6980469e+02	  -5.2614351e+01	
   2.3100000e+00	  -4.9704407e+01	  -4.9023305e+01	   1.6349854e+02	  -4.1860842e+01	
   2.3200000e+00	  -4.8443431e+01	  -4.9025787e+01	   1.6068604e+02	  -3.1858325e+01	
   2.3300000e+00	  -4.9323182e+01	  -4.9018800e+01	   1.5743408e+02	  -2.2495073e+01	
   2.3400000e+00	  -4.8404331e+01	  -4.9011196e+01	   1.5681885e+02	  -1.3685854e+01	
   2.3500000e+00	  -4.9293856e+01	  -4.9003246e+01	   1.5018311e+02	  -5.4864741e+00	
   2.3600000e+00	  -4.9567557e+01	  -4.9024210e+01	   1.4879883e+02	   2.1141184e+00	
   2.3700000e+00	  -4.8814881e+01	  -4.9032400e+01	   1.4926025e+02	   9.3193236e+00	
   2.3800000e+00	  -4.7905805e+01	  -4.8999441e+01	   1.4110840e+02	   1.5982581e+01	
   2.3900000e+00	  -4.9508907e+01	  -4.8985116e+01	   1.3869141e+02	   2.2059885e+01	
   2.4000000e+00	  -4.9851032e+01	  -4.9019194e+01	   1.3383545e+02	   2.7660794e+01	
   2.4100000e+00	  -4.9303631e+01	  -4.9046567e+01	   1.3227539e+02	   3.2829686e+01	
   2.4200000e+00	  -4.8189280e+01	  -4.9031848e+01	   1.2768311e+02	   3.7594213e+01	
   2.4300000e+00	  -5.0222482e+01	  -4.9040383e+01	   1.2711182e+02	   4.1998453e+01	
   2.4400000e+00	  -4.8306581e+01	  -4.9051376e+01	   1.2091553e+02	   4.6020744e+01	
   2.4500000e+00	  -4.9675082e+01	  -4.9048407e+01	   1.1504883e+02	   4.9549964e+01	
   2.4600000e+00	  -4.9117906e+01	  -4.9065478e+01	   1.1761963e+02	   5.2825279e+01	
   2.4700000e+00	  -4.9098356e+01	  -4.9067570e+01	   1.1441162e+02	   5.5924337e+01	
   2.4800000e+00	  -4.9342732e+01	  -4.9075072e+01	   1.1247803e+02	   5.8745327e+01	
   2.4900000e+00	  -4.9313406e+01	  -4.9087480e+01	   1.0575439e+02	   6.1215677e+01	
   2.5000000e+00	  -4.9411157e+01	  -4.9100957e+01	   1.0491943e+02	   6.3379525e+01	
   2.5100000e+00	  -4.9508907e+01	  -4.9118567e+01	   9.9514160e+01	   6.5284230e+01	
   2.5200000e+00	  -4.8902856e+01	  -4.9122850e+01	   9.9624023e+01	   6.6965670e+01	
   2.5300000e+00	  -4.9010381e+01	  -4.9114697e+01	   9.7932129e+01	   6.8525852e+01	
   2.5400000e+00	  -4.9499132e+01	  -4.9121566e+01	   9.3603516e+01	   6.9861886e+01	
   2.5500000e+00	  -4.9000606e+01	  -4.9127858e+01	   8.8264160e+01	   7.0895323e+01	
   2.5600000e+00	  -4.9890132e+01	  -4.9143430e+01	   8.6044922e+01	   7.1692727e+01	
   2.5700000e+00	  -4.9635982e+01	  -4.9173819e+01	   8.1166992e+01	   7.2276990e+01	
   2.5800000e+00	  -4.9753282e+01	  -4.9199361e+01	   7.6816406e+01	   7.2606301e+01	
   2.5900000e+00	  -4.9430707e+01	  -4.9218617e+01	   7.7145996e+01	   7.2820860e+01	
   2.6000000e+00	  -4.9665307e+01	  -4.9234771e+01	   7.1762695e+01	   7.2900972e+01	
   2.6100000e+00	  -4.9284081e+01	  -4.9246538e+01	   6.6577148e+01	   7.2717989e+01	
   2.6200000e+00	  -4.9548007e+01	  -4.9254851e+01	   6.4885254e+01	   7.2375334e+01	
   2.6300000e+00	  -4.9362282e+01	  -4.9264674e+01	   6.5610352e+01	   7.2025777e+01	
   2.6400000e+00	  -4.9704407e+01	  -4.9277851e+01	   5.6118164e+01	   7.1478380e+01	
   2.6500000e+00	  -5.0496183e+01	  -4.9318186e+01	   5.3481445e+01	   7.0660409e+01	
   2.6600000e+00	  -4.9763057e+01	  -4.9357981e+01	   5.3767090e+01	   6.9824902e+01	
   2.6700000e+00	  -4.9479582e+01	  -4.9370896e+01	   5.0449219e+01	   6.8956016e+01	
   2.6800000e+00	  -4.9596882e+01	  -4.9379103e+01	   4.6933594e+01	   6.7962174e+01	
   2.6900000e+00	  -4.9450257e+01	  -4.9386188e+01	   4.6604004e+01	   6.6922783e+01	
   2.7000000e+00	  -4.9538232e+01	  -4.9391487e+01	   4.0012207e+01	   6.5764643e+01	
   2.7100000e+00	  -4.9284081e+01	  -4.9392452e+01	   3.7902832e+01	   6.4449935e+01	
   2.7200000e+00	  -5.0095407e+01	  -4.9407032e+01	   3.4299316e+01	   6.3059616e+01	
   2.7300000e+00	  -4.9127681e+01	  -4.9417062e+01	   3.2673340e+01	   6.1609247e+01	
   2.7400000e+00	  -4.9645757e+01	  -4.9415574e+01	   2.4785156e+01	   5.9996706e+01	
   2.7500000e+00	  -5.0398432e+01	  -4.9445320e+01	   2.3928223e+01	   5.8248805e+01	
   2.7600000e+00	  -4.9293856e+01	  -4.9464977e+01	   2.3071289e+01	   5.6544600e+01	
   2.7700000e+00	  -4.8805106e+01	  -4.9444600e+01	   2.1730957e+01	   5.4870094e+01	
   2.7800000e+00	  -4.9157006e+01	  -4.9421866e+01	   1.5600586e+01	   5.3094517e+01	
   2.7900000e+00	  -4.8619381e+01	  -4.9395693e+01	   1.1403809e+01	   5.1152782e+01	
   2.8000000e+00	  -4.9352507e+01	  -4.9375598e+01	   7.9760742e+00	   4.9119311e+01	
   2.8100000e+00	  -4.9215656e+01	  -4.9371110e+01	   5.1635742e+00	   4.7032547e+01	
   2.8200000e+00	  -4.9000606e+01	  -4.9358212e+01	   1.5820313e+00	   4.4891333e+01	
   2.8300000e+00	  -4.9069031e+01	  -4.9342352e+01	   3.0322266e+00	   4.2802867e+01	
   2.8400000e+00	  -4.9518682e+01	  -4.9339974e+01	  -3.0981445e+00	   4.0702060e+01	
   2.8500000e+00	  -4.8541181e+01	  -4.9324768e+01	  -6.7895508e+00	   3.8463438e+01	
   2.8600000e+00	  -4.9117906e+01	  -4.9300481e+01	  -7.8222656e+00	   3.6218762e+01	
   2.8700000e+00	  -4.8863756e+01	  -4.9285295e+01	  -8.2617188e+00	   3.4048072e+01	
   2.8800000e+00	  -4.9284081e+01	  -4.9274928e+01	  -1.5776367e+01	   3.1788792e+01	
   2.8900000e+00	  -4.9352507e+01	  -4.9277055e+01	  -1.5754395e+01	   2.9456582e+01	
   2.9000000e+00	  -4.8717131e+01	  -4.9265175e+01	  -1.7578125e+01	   2.7194570e+01	
   2.9100000e+00	  -4.8345681e+01	  -4.9229188e+01	  -2.4851074e+01	   2.4820428e+01	
   2.9200000e+00	  -4.8590056e+01	  -4.9191851e+01	  -2.2587891e+01	   2.2439875e+01	
   2.9300000e+00	  -4.9352507e+01	  -4.9181033e+01	  -2.7861328e+01	   2.0102255e+01	
   2.9400000e+00	  -4.8599831e+01	  -4.9170986e+01	  -3.0146484e+01	   1.7693931e+01	
   2.9500000e+00	  -4.8707356e+01	  -4.9145612e+01	  -3.3771973e+01	   1.5258780e+01	
   2.9600000e+00	  -4.9352507e+01	  -4.9139938e+01	  -3.6936035e+01	   1.2776566e+01	
   2.9700000e+00	  -4.9420932e+01	  -4.9152041e+01	  -4.0737305e+01	   1.0245287e+01	
   2.9800000e+00	  -4.9469807e+01	  -4.9166427e+01	  -4.4011230e+01	   7.6646549e+00	
   2.9900000e+00	  -4.8736681e+01	  -4.9163328e+01	  -4.6911621e+01	   5.0591809e+00	
   3.0000000e+00	  -4.9166781e+01	  -4.9152951e+01	  -4.9482422e+01	   2.4473253e+00	
   3.0100000e+00	  -4.8912631e+01	  -4.9147397e+01	  -5.1833496e+01	  -1.5712876e-01	
   3.0200000e+00	  -4.9332957e+01	  -4.9146190e+01	  -5.5415039e+01	  -2.7793293e+00	
   3.0300000e+00	  -4.9225431e+01	  -4.9152713e+01	  -5.8513184e+01	  -5.4367254e+00	
   3.0400000e+00	  -4.9772832e+01	  -4.9169703e+01	  -6.2358398e+01	  -8.1340566e+00	
   3.0500000e+00	  -4.9626207e+01	  -4.9195687e+01	  -6.5500488e+01	  -1.0870442e+01	
   3.0600000e+00	  -4.8775781e+01	  -4.9195947e+01	  -6.5874023e+01	  -1.3558835e+01	
   3.0700000e+00	  -4.9518682e+01	  -4.9193558e+01	  -7.0334473e+01	  -1.6233918e+01	
   3.0800000e+00	  -4.8883306e+01	  -4.9193922e+01	  -7.3234863e+01	  -1.8958305e+01	
   3.0900000e+00	  -4.8443431e+01	  -4.9167902e+01	  -7.4311523e+01	  -2.1646604e+01	
   3.1000000e+00	  -4.9244981e+01	  -4.9152027e+01	  -7.9233398e+01	  -2.4350153e+01	
   3.1100000e+00	  -4.8844206e+01	  -4.9146758e+01	  -8.1518555e+01	  -2.7097840e+01	
   3.1200000e+00	  -4.9127681e+01	  -4.9138872e+01	  -8.5056152e+01	  -2.9853554e+01	
   3.1300000e+00	  -4.8863756e+01	  -4.9131851e+01	  -8.7714844e+01	  -3.2626063e+01	
   3.1400000e+00	  -4.8873531e+01	  -4.9118942e+01	  -9.1010742e+01	  -3.5408615e+01	
   3.1500000e+00	  -4.9450257e+01	  -4.9121049e+01	  -9.3186035e+01	  -3.8188864e+01	
   3.1600000e+00	  -4.8795331e+01	  -4.9121134e+01	  -9.7624512e+01	  -4.0994941e+01	
   3.1700000e+00	  -4.8775781e+01	  -4.9104677e+01	  -9.7998047e+01	  -4.3781397e+01	
   3.1800000e+00	  -4.8824656e+01	  -4.9089745e+01	  -1.0226074e+02	  -4.6544884e+01	
   3.1900000e+00	  -4.8853981e+01	  -4.9077463e+01	  -1.0458984e+02	  -4.9334482e+01	
   3.2000000e+00	  -4.9225431e+01	  -4.9075611e+01	  -1.0755615e+02	  -5.2117122e+01	
   3.2100000e+00	  -4.8795331e+01	  -4.9072412e+01	  -1.1124756e+02	  -5.4926549e+01	
   3.2200000e+00	  -4.8687806e+01	  -4.9056187e+01	  -1.1414795e+02	  -5.7759835e+01	
   3.2300000e+00	  -4.8736681e+01	  -4.9039319e+01	  -1.1693848e+02	  -6.0593718e+01	
   3.2400000e+00	  -4.9039706e+01	  -4.9031907e+01	  -1.1972900e+02	  -6.3425475e+01	
   3.2500000e+00	  -4.8570506e+01	  -4.9020784e+01	  -1.2291504e+02	  -6.6264908e+01	
   3.2600000e+00	  -4.9518682e+01	  -4.9021952e+01	  -1.2774902e+02	  -6.9161749e+01	
   3.2700000e+00	  -4.8697581e+01	  -4.9026178e+01	  -1.3036377e+02	  -7.2099176e+01	
   3.2800000e+00	  -4.8922406e+01	  -4.9015576e+01	  -1.3313232e+02	  -7.5024548e+01	
   3.2900000e+00	  -4.8697581e+01	  -4.9005493e+01	  -1.3616455e+02	  -7.7948696e+01	
   3.3000000e+00	  -4.8853981e+01	  -4.8994228e+01	  -1.3880127e+02	  -8.0868445e+01	
   3.3100000e+00	  -4.8609606e+01	  -4.8981357e+01	  -1.4091064e+02	  -8.3761383e+01	
   3.3200000e+00	  -4.8590056e+01	  -4.8962646e+01	  -1.4475586e+02	  -8.6658457e+01	
   3.3300000e+00	  -4.9274306e+01	  -4.8961152e+01	  -1.4653564e+02	  -8.9551384e+01	
   3.3400000e+00	  -4.9508907e+01	  -4.8982262e+01	  -1.4868896e+02	  -9.2398878e+01	
   3.3500000e+00	  -4.8345681e+01	  -4.8979567e+01	  -1.5345703e+02	  -9.5276446e+01	
   3.3600000e+00	  -4.9088581e+01	  -4.8966696e+01	  -1.5695068e+02	  -9.8215479e+01	
   3.3700000e+00	  -4.9020156e+01	  -4.8970996e+01	  -1.6046631e+02	  -1.0118225e+02	
   3.3800000e+00	  -4.9381832e+01	  -4.8982276e+01	  -1.6239990e+02	  -1.0413715e+02	
   3.3900000e+00	  -4.8726906e+01	  -4.8985811e+01	  -1.6664063e+02	  -1.0709853e+02	
   3.4000000e+00	  -4.8668256e+01	  -4.8971675e+01	  -1.6817871e+02	  -1.1005638e+02	
   3.4100000e+00	  -4.8902856e+01	  -4.8962548e+01	  -1.7323242e+02	  -1.1303081e+02	
   3.4200000e+00	  -4.9362282e+01	  -4.8970886e+01	  -1.7756104e+02	  -1.1608944e+02	
   3.4300000e+00	  -4.8599831e+01	  -4.8971385e+01	  -1.7905518e+02	  -1.1914084e+02	
   3.4400000e+00	  -4.9176556e+01	  -4.8967305e+01	  -1.8000000e+02	  -1.2210240e+02	
   3.4500000e+00	  -4.8599831e+01	  -4.8963425e+01	  -1.8000000e+02	  -1.2494189e+02	
   3.4600000e+00	  -4.8326131e+01	  -4.8938882e+01	  -1.8000000e+02	  -1.2764211e+02	
   3.4700000e+00	  -4.8932181e+01	  -4.8923692e+01	  -1.2744141e+01	  -1.2610853e+02	
   3.4800000e+00	  -4.8609606e+01	  -4.8916198e+01	  -1.2260742e+01	  -1.2053692e+02	
   3.4900000e+00	  -4.8678031e+01	  -4.8902840e+01	   1.7714355e+02	  -1.1058221e+02	
   3.5000000e+00	  -4.8541181e+01	  -4.8888458e+01	   1.7723145e+02	  -9.6469059e+01	
   3.5100000e+00	  -4.8541181e+01	  -4.8871427e+01	   1.7437500e+02	  -8.3115950e+01	
   3.5200000e+00	  -4.9244981e+01	  -4.8872489e+01	   1.7228760e+02	  -7.0538951e+01	
   3.5300000e+00	  -4.9176556e+01	  -4.8889079e+01	   1.7081543e+02	  -5.8666056e+01	
   3.5400000e+00	  -4.9049481e+01	  -4.8900062e+01	   1.6762939e+02	  -4.7489672e+01	
   3.5500000e+00	  -4.9215656e+01	  -4.8911465e+01	   1.6352051e+02	  -3.7040297e+01	
   3.5600000e+00	  -4.9225431e+01	  -4.8926623e+01	   1.6114746e+02	  -2.7262341e+01	
   3.5700000e+00	  -5.0242032e+01	  -4.8966206e+01	   1.5495117e+02	  -1.8174061e+01	
   3.5800000e+00	  -4.8990831e+01	  -4.8998095e+01	   1.5319336e+02	  -9.7265463e+00	
   3.5900000e+00	  -4.9802157e+01	  -4.9017634e+01	   1.4789795e+02	  -1.8662817e+00	
   3.6000000e+00	  -4.9391607e+01	  -4.9046042e+01	   1.4668945e+02	   5.4490039e+00	
   3.6100000e+00	  -4.8736681e+01	  -4.9046930e+01	   1.4110840e+02	   1.2239034e+01	
   3.6200000e+00	  -4.8932181e+01	  -4.9036508e+01	   1.4091064e+02	   1.8554353e+01	
   3.6300000e+00	  -4.8736681e+01	  -4.9026598e+01	   1.3899902e+02	   2.4508223e+01	
   3.6400000e+00	  -4.9528457e+01	  -4.9031795e+01	   1.3144043e+02	   2.9937872e+01	
   3.6500000e+00	  -4.9587107e+01	  -4.9057591e+01	   1.2963867e+02	   3.4871702e+01	
   3.6600000e+00	  -4.9450257e+01	  -4.9080204e+01	   1.2697998e+02	   3.9454184e+01	
   3.6700000e+00	  -4.9655532e+01	  -4.9103387e+01	   1.2304688e+02	   4.3650284e+01	
   3.6800000e+00	  -5.0183382e+01	  -4.9143409e+01	   1.1770752e+02	   4.7413219e+01	
   3.6900000e+00	  -4.9332957e+01	  -4.9173559e+01	   1.1636719e+02	   5.0827811e+01	
   3.7000000e+00	  -5.0085632e+01	  -4.9199833e+01	   1.1493896e+02	   5.4007050e+01	
   3.7100000e+00	  -4.9157006e+01	  -4.9220504e+01	   1.1091797e+02	   5.6896746e+01	
   3.7200000e+00	  -4.8912631e+01	  -4.9211398e+01	   1.0909424e+02	   5.9501400e+01	
   3.7300000e+00	  -4.9792382e+01	  -4.9218318e+01	   1.0595215e+02	   6.1856543e+01	
   3.7400000e+00	  -4.9108131e+01	  -4.9229693e+01	   1.0092041e+02	   6.3895747e+01	
   3.7500000e+00	  -4.9665307e+01	  -4.9237394e+01	   9.6745605e+01	   6.5609183e+01	
   3.7600000e+00	  -4.9274306e+01	  -4.9248793e+01	   9.3515625e+01	   6.7057009e+01	
   3.7700000e+00	  -4.8951731e+01	  -4.9242134e+01	   9.5866699e+01	   6.8412277e+01	
   3.7800000e+00	  -4.9196106e+01	  -4.9233884e+01	   8.9121094e+01	   6.9593317e+01	
   3.7900000e+00	  -4.9303631e+01	  -4.9234668e+01	   8.5319824e+01	   7.0457809e+01	
   3.8000000e+00	  -4.9684857e+01	  -4.9247398e+01	   8.1672363e+01	   7.1097248e+01	
   3.8100000e+00	  -4.9929232e+01	  -4.9274845e+01	   8.0178223e+01	   7.1579247e+01	
   3.8200000e+00	  -4.9714182e+01	  -4.9301665e+01	   7.9365234e+01	   7.1981033e+01	
   3.8300000e+00	  -4.9987882e+01	  -4.9328608e+01	   7.4597168e+01	   7.2226257e+01	
   3.8400000e+00	  -4.9802157e+01	  -4.9356386e+01	   6.9345703e+01	   7.2213760e+01	
   3.8500000e+00	  -4.9235206e+01	  -4.9364346e+01	   6.6687012e+01	   7.2007906e+01	
   3.8600000e+00	  -4.9704407e+01	  -4.9369518e+01	   6.3698730e+01	   7.1673675e+01	
   3.8700000e+00	  -5.0271357e+01	  -4.9399845e+01	   5.7392578e+01	   7.1127921e+01	
   3.8800000e+00	  -4.9391607e+01	  -4.9421014e+01	   6.0974121e+01	   7.0542120e+01	
   3.8900000e+00	  -4.9538232e+01	  -4.9423167e+01	   5.3217773e+01	   6.9882677e+01	
   3.9000000e+00	  -4.9635982e+01	  -4.9431207e+01	   5.0690918e+01	   6.9003414e+01	
   3.9100000e+00	  -4.9772832e+01	  -4.9444606e+01	   4.5395508e+01	   6.7975458e+01	
   3.9200000e+00	  -4.9909682e+01	  -4.9464059e+01	   4.5021973e+01	   6.6858905e+01	
   3.9300000e+00	  -4.8932181e+01	  -4.9461944e+01	   4.0671387e+01	   6.5681268e+01	
   3.9400000e+00	  -4.9870582e+01	  -4.9458973e+01	   3.9111328e+01	   6.4416448e+01	
   3.9500000e+00	  -4.9137456e+01	  -4.9461183e+01	   3.6254883e+01	   6.3105359e+01	
   3.9600000e+00	  -4.9694632e+01	  -4.9458969e+01	   3.5617676e+01	   6.1772900e+01	
   3.9700000e+00	  -4.9450257e+01	  -4.9464534e+01	   2.9707031e+01	   6.0345225e+01	
   3.9800000e+00	  -4.9440482e+01	  -4.9463594e+01	   2.7773438e+01	   5.8795214e+01	
   3.9900000e+00	  -5.0242032e+01	  -4.9482116e+01	   2.6257324e+01	   5.7236629e+01	
   4.0000000e+00	  -4.9176556e+01	  -4.9493257e+01	   2.1752930e+01	   5.5606849e+01	
   4.0100000e+00	  -4.8981056e+01	  -4.9472931e+01	   1.7600098e+01	   5.3844710e+01	
   4.0200000e+00	  -4.9039706e+01	  -4.9450246e+01	   1.4787598e+01	   5.1998190e+01	
   4.0300000e+00	  -4.9010381e+01	  -4.9429393e+01	   1.2370605e+01	   5.0113995e+01	
   4.0400000e+00	  -4.9948782e+01	  -4.9431855e+01	   9.2944336e+00	   4.8187505e+01	
   4.0500000e+00	  -5.0046532e+01	  -4.9459603e+01	   4.6582031e+00	   4.6166375e+01	
   4.0600000e+00	  -4.8951731e+01	  -4.9461542e+01	   2.8564453e+00	   4.4086499e+01	
   4.0700000e+00	  -4.8873531e+01	  -4.9434622e+01	  -1.9335938e+00	   4.1946985e+01	
   4.0800000e+00	  -4.9264531e+01	  -4.9416692e+01	  -5.5151367e+00	   3.9707115e+01	
   4.0900000e+00	  -4.8990831e+01	  -4.9402518e+01	  -5.7348633e+00	   3.7483882e+01	
   4.1000000e+00	  -4.9499132e+01	  -4.9394792e+01	  -1.1931152e+01	   3.5212353e+01	
   4.1100000e+00	  -4.8971281e+01	  -4.9386965e+01	  -1.3315430e+01	   3.2866339e+01	
   4.1200000e+00	  -4.9626207e+01	  -4.9382639e+01	  -1.8149414e+01	   3.0482899e+01	
   4.1300000e+00	  -4.9430707e+01	  -4.9389790e+01	  -1.9226074e+01	   2.8071413e+01	
   4.1400000e+00	  -4.9264531e+01	  -4.9387722e+01	  -2.2983398e+01	   2.5659656e+01	
   4.1500000e+00	  -4.9469807e+01	  -4.9386714e+01	  -2.5598145e+01	   2.3209926e+01	
   4.1600000e+00	  -4.9372057e+01	  -4.9388392e+01	  -2.6586914e+01	   2.0791975e+01	
   4.1700000e+00	  -4.9049481e+01	  -4.9379681e+01	  -2.9838867e+01	   1.8388619e+01	
   4.1800000e+00	  -4.9665307e+01	  -4.9378588e+01	  -3.2431641e+01	   1.5959809e+01	
   4.1900000e+00	  -4.8981056e+01	  -4.9375870e+01	  -3.4343262e+01	   1.3539660e+01	
   4.2000000e+00	  -4.9772832e+01	  -4.9375923e+01	  -4.1088867e+01	   1.1025915e+01	
   4.2100000e+00	  -4.9587107e+01	  -4.9390834e+01	  -4.1923828e+01	   8.4495634e+00	
   4.2200000e+00	  -4.9215656e+01	  -4.9391352e+01	  -4.6120605e+01	   5.8761784e+00	
   4.2300000e+00	  -4.9577332e+01	  -4.9391604e+01	  -4.9570313e+01	   3.2414964e+00	
   4.2400000e+00	  -4.8990831e+01	  -4.9386331e+01	  -4.9108887e+01	   6.6275025e-01	
   4.2500000e+00	  -4.9117906e+01	  -4.9370050e+01	  -5.2009277e+01	  -1.8493333e+00	
   4.2600000e+00	  -4.9792382e+01	  -4.9374223e+01	  -5.7941895e+01	  -4.4548157e+00	
   4.2700000e+00	  -4.9215656e+01	  -4.9380589e+01	  -5.9831543e+01	  -7.1243314e+00	
   4.2800000e+00	  -4.9078806e+01	  -4.9369144e+01	  -6.2841797e+01	  -9.7830790e+00	
   4.2900000e+00	  -4.9919457e+01	  -4.9375519e+01	  -6.6225586e+01	  -1.2468225e+01	
   4.3000000e+00	  -4.9020156e+01	  -4.9380144e+01	  -6.6577148e+01	  -1.5113280e+01	
   4.3100000e+00	  -4.9743507e+01	  -4.9380226e+01	  -7.1674805e+01	  -1.7762237e+01	
   4.3200000e+00	  -4.9342732e+01	  -4.9388215e+01	  -7.4245605e+01	  -2.0469323e+01	
   4.3300000e+00	  -4.9108131e+01	  -4.9380232e+01	  -7.7036133e+01	  -2.3175113e+01	
   4.3400000e+00	  -4.9401382e+01	  -4.9374078e+01	  -8.0749512e+01	  -2.5907689e+01	
   4.3500000e+00	  -4.9264531e+01	  -4.9372061e+01	  -8.3254395e+01	  -2.8658732e+01	
   4.3600000e+00	  -4.9420932e+01	  -4.9370623e+01	  -8.6813965e+01	  -3.1423565e+01	
   4.3700000e+00	  -4.8736681e+01	  -4.9356311e+01	  -8.9121094e+01	  -3.4196663e+01	
   4.3800000e+00	  -4.8893081e+01	  -4.9329758e+01	  -9.2460938e+01	  -3.6972232e+01	
   4.3900000e+00	  -4.9391607e+01	  -4.9320566e+01	  -9.4284668e+01	  -3.9738298e+01	
   4.4000000e+00	  -4.9166781e+01	  -4.9318537e+01	  -9.7316895e+01	  -4.2487783e+01	
   4.4100000e+00	  -4.8394556e+01	  -4.9292159e+01	  -1.0050293e+02	  -4.5254905e+01	
   4.4200000e+00	  -4.9235206e+01	  -4.9268751e+01	  -1.0349121e+02	  -4.8037724e+01	
   4.4300000e+00	  -4.8893081e+01	  -4.9258717e+01	  -1.0496338e+02	  -5.0793441e+01	
   4.4400000e+00	  -4.9792382e+01	  -4.9262837e+01	  -1.0990723e+02	  -5.3571340e+01	
   4.4500000e+00	  -4.8893081e+01	  -4.9266755e+01	  -1.1252197e+02	  -5.6398351e+01	
   4.4600000e+00	  -4.8560731e+01	  -4.9240279e+01	  -1.1487305e+02	  -5.9208486e+01	
   4.4700000e+00	  -4.8648706e+01	  -4.9209109e+01	  -1.1759766e+02	  -6.2005267e+01	
   4.4800000e+00	  -4.9098356e+01	  -4.9192652e+01	  -1.2269531e+02	  -6.4856700e+01	
   4.4900000e+00	  -4.8795331e+01	  -4.9180596e+01	  -1.2777100e+02	  -6.7817756e+01	
   4.5000000e+00	  -4.8775781e+01	  -4.9161222e+01	  -1.2935303e+02	  -7.0796849e+01	
   4.5100000e+00	  -4.8971281e+01	  -4.9147113e+01	  -1.3328613e+02	  -7.3765079e+01	
   4.5200000e+00	  -4.9088581e+01	  -4.9141366e+01	  -1.3429688e+02	  -7.6708968e+01	
   4.5300000e+00	  -4.9381832e+01	  -4.9145968e+01	  -1.3726318e+02	  -7.9606003e+01	
   4.5400000e+00	  -4.8707356e+01	  -4.9140997e+01	  -1.4143799e+02	  -8.2536070e+01	
   4.5500000e+00	  -4.8766006e+01	  -4.9121168e+01	  -1.4295410e+02	  -8.5461987e+01	
   4.5600000e+00	  -4.8580281e+01	  -4.9099195e+01	  -1.4512939e+02	  -8.8334927e+01	
   4.5700000e+00	  -4.9059256e+01	  -4.9085491e+01	  -1.5038086e+02	  -9.1249085e+01	
   4.5800000e+00	  -4.8766006e+01	  -4.9077013e+01	  -1.5273193e+02	  -9.4206749e+01	
   4.5900000e+00	  -4.8414106e+01	  -4.9053132e+01	  -1.5444580e+02	  -9.7119040e+01	
   4.6000000e+00	  -4.9147231e+01	  -4.9039769e+01	  -1.5851074e+02	  -1.0003021e+02	
   4.6100000e+00	  -4.8590056e+01	  -4.9031376e+01	  -1.6141113e+02	  -1.0296940e+02	
   4.6200000e+00	  -4.8873531e+01	  -4.9016684e+01	  -1.6580566e+02	  -1.0594333e+02	
   4.6300000e+00	  -4.8550956e+01	  -4.9001753e+01	  -1.6965088e+02	  -1.0897347e+02	
   4.6400000e+00	  -4.8707356e+01	  -4.8983480e+01	  -1.7063965e+02	  -1.1197353e+02	
   4.6500000e+00	  -4.9000606e+01	  -4.8977129e+01	  -1.7659424e+02	  -1.1499672e+02	
   4.6600000e+00	  -4.8844206e+01	  -4.8974445e+01	  -1.7854980e+02	  -1.1806561e+02	
   4.6700000e+00	  -4.9000606e+01	  -4.8971893e+01	  -1.8000000e+02	  -1.2106751e+02	
   4.6800000e+00	  -4.8590056e+01	  -4.8963234e+01	  -1.8000000e+02	  -1.2395775e+02	
   4.6900000e+00	  -4.8590056e+01	  -4.8944932e+01	  -1.7975830e+02	  -1.2670032e+02	
   4.7000000e+00	  -4.8795331e+01	  -4.8932561e+01	  -1.8000000e+02	  -1.2930838e+02	
   4.7100000e+00	  -4.9215656e+01	  -4.8936138e+01	  -1.1425781e+01	  -1.2766075e+02	
   4.7200000e+00	  -4.8335906e+01	  -4.8928274e+01	   1.7813232e+02	  -1.1731194e+02	
   4.7300000e+00	  -4.8756231e+01	  -4.8909529e+01	   1.7619873e+02	  -1.0286982e+02	
   4.7400000e+00	  -4.8482531e+01	  -4.8895299e+01	   1.7890137e+02	  -8.9117126e+01	
   4.7500000e+00	  -4.9235206e+01	  -4.8893513e+01	   1.7351807e+02	  -7.6104644e+01	
   4.7600000e+00	  -4.8844206e+01	  -4.8900682e+01	   1.7200195e+02	  -6.3899521e+01	
   4.7700000e+00	  -4.8922406e+01	  -4.8899830e+01	   1.7263916e+02	  -5.2314528e+01	
   4.7800000e+00	  -4.9069031e+01	  -4.8904533e+01	   1.6301514e+02	  -4.1518071e+01	
   4.7900000e+00	  -4.9108131e+01	  -4.8913559e+01	   1.6266357e+02	  -3.1495725e+01	
   4.8000000e+00	  -4.9929232e+01	  -4.8943236e+01	   1.5657715e+02	  -2.2122777e+01	
   4.8100000e+00	  -4.9254756e+01	  -4.8975054e+01	   1.5328125e+02	  -1.3439579e+01	
   4.8200000e+00	  -4.9108131e+01	  -4.8985176e+01	   1.5257813e+02	  -5.2802944e+00	
   4.8300000e+00	  -4.8971281e+01	  -4.8987850e+01	   1.4833740e+02	   2.3576012e+00	
   4.8400000e+00	  -4.9117906e+01	  -4.8990633e+01	   1.4644775e+02	   9.4705833e+00	
   4.8500000e+00	  -4.8941956e+01	  -4.8992560e+01	   1.4581055e+02	   1.6172759e+01	
   4.8600000e+00	  -4.8570506e+01	  -4.8980970e+01	   1.3816406e+02	   2.2343110e+01	
   4.8700000e+00	  -4.8590056e+01	  -4.8961319e+01	   1.3781250e+02	   2.8014721e+01	
   4.8800000e+00	  -4.9078806e+01	  -4.8955096e+01	   1.3431885e+02	   3.3313887e+01	
   4.8900000e+00	  -4.7055379e+01	  -4.8911545e+01	   1.3025391e+02	   3.8167817e+01	
   4.9000000e+00	  -4.9538232e+01	  -4.8881396e+01	   1.2192627e+02	   4.2479808e+01	
   4.9100000e+00	  -4.9626207e+01	  -4.8915767e+01	   1.2320068e+02	   4.6407369e+01	
   4.9200000e+00	  -4.9244981e+01	  -4.8941261e+01	   1.1955322e+02	   5.0084119e+01	
   4.9300000e+00	  -4.9049481e+01	  -4.8951362e+01	   1.1357666e+02	   5.3344552e+01	
   4.9400000e+00	  -5.0457083e+01	  -4.8990691e+01	   1.1177490e+02	   5.6254347e+01	
   4.9500000e+00	  -4.9411157e+01	  -4.9036960e+01	   1.0940186e+02	   5.8919062e+01	
   4.9600000e+00	  -4.9166781e+01	  -4.9049319e+01	   1.0590820e+02	   6.1309231e+01	
   4.9700000e+00	  -4.8912631e+01	  -4.9048848e+01	   1.0061279e+02	   6.3366656e+01	
   4.9800000e+00	  -4.9469807e+01	  -4.9055830e+01	   1.0171143e+02	   6.5220267e+01	
   4.9900000e+00	  -4.8971281e+01	  -4.9063908e+01	   9.7426758e+01	   6.6904844e+01	
   5.0000000e+00	  -4.8961506e+01	  -4.9059126e+01	   9.3142090e+01	   6.8296670e+01	
   5.0100000e+00	  -4.8423881e+01	  -4.9041155e+01	   9.4306641e+01	   6.9543726e+01	
   5.0200000e+00	  -4.7886255e+01	  -4.8997698e+01	   9.1142578e+01	   7.0680591e+01	
   5.0300000e+00	  -4.6380904e+01	  -4.8906276e+01	   8.3803711e+01	   7.1504152e+01	
   5.0400000e+00	  -4.5334978e+01	  -4.8756776e+01	   8.3386230e+01	   7.2097124e+01	
   5.0500000e+00	  -4.4064227e+01	  -4.8557799e+01	   7.8112793e+01	   7.2521465e+01	
   5.0600000e+00	  -4.2637075e+01	  -4.8302424e+01	   7.6816406e+01	   7.2763893e+01	
   5.0700000e+00	  -4.1121949e+01	  -4.7987423e+01	   7.5190430e+01	   7.2922769e+01	
   5.0800000e+00	  -3.8560897e+01	  -4.7587917e+01	   6.9785156e+01	   7.2901437e+01	
   5.0900000e+00	  -3.7964621e+01	  -4.7130581e+01	   6.8730469e+01	   7.2722742e+01	
   5.1000000e+00	  -3.5921644e+01	  -4.6630956e+01	   6.8137207e+01	   7.2512400e+01	
   5.1100000e+00	  -3.4044842e+01	  -4.6059715e+01	   6.5258789e+01	   7.2227243e+01	
   5.1200000e+00	  -3.2695891e+01	  -4.5437388e+01	   6.4335938e+01	   7.1862858e+01	
   5.1300000e+00	  -3.0838639e+01	  -4.4766962e+01	   5.7897949e+01	   7.1335844e+01	
   5.1400000e+00	  -2.8864088e+01	  -4.4035453e+01	   5.9458008e+01	   7.0715061e+01	
   5.1500000e+00	  -2.6899311e+01	  -4.3243221e+01	   6.0644531e+01	   7.0192074e+01	
   5.1600000e+00	  -2.4621734e+01	  -4.2385813e+01	   5.4052734e+01	   6.9562191e+01	
   5.1700000e+00	  -2.1259131e+01	  -4.1432149e+01	   5.5502930e+01	   6.8837118e+01	
   5.1800000e+00	  -2.1337331e+01	  -4.0444717e+01	   5.5634766e+01	   6.8186400e+01	
   5.1900000e+00	  -1.8942454e+01	  -3.9448903e+01	   5.2734375e+01	   6.7499705e+01	
   5.2000000e+00	  -1.8180003e+01	  -3.8424504e+01	   5.3327637e+01	   6.6790113e+01	
   5.2100000e+00	  -1.5218175e+01	  -3.7359020e+01	   4.7724609e+01	   6.5992475e+01	
   5.2200000e+00	  -1.1845797e+01	  -3.6190465e+01	   4.9614258e+01	   6.5142897e+01	
   5.2300000e+00	  -1.1034471e+01	  -3.4976629e+01	   4.9262695e+01	   6.4372702e+01	
   5.2400000e+00	  -1.1083346e+01	  -3.3803627e+01	   5.0273438e+01	   6.3656443e+01	
   5.2500000e+00	  -8.8741942e+00	  -3.2635180e+01	   4.9438477e+01	   6.2979623e+01	
   5.2600000e+00	  -7.5936680e+00	  -3.1438464e+01	   5.1416016e+01	   6.2364014e+01	
   5.2700000e+00	  -5.9416915e+00	  -3.0228529e+01	   5.2558594e+01	   6.1855107e+01	
   5.2800000e+00	  -5.3649660e+00	  -2.9023282e+01	   4.9746094e+01	   6.1330209e+01	
   5.2900000e+00	  -2.8332387e+00	  -2.7800920e+01	   5.1767578e+01	   6.0811657e+01	
   5.3000000e+00	  -2.1978631e+00	  -2.6560844e+01	   4.8713379e+01	   6.0293212e+01	
   5.3100000e+00	   3.0838980e-02	  -2.5311354e+01	   4.4208984e+01	   5.9614845e+01	
   5.3200000e+00	   7.4441464e-01	  -2.4050993e+01	   4.9768066e+01	   5.8995610e+01	
   5.3300000e+00	   2.4745912e+00	  -2.2792520e+01	   5.1965332e+01	   5.8596942e+01	
   5.3400000e+00	   4.1558928e+00	  -2.1512111e+01	   4.9833984e+01	   5.8219442e+01	
   5.3500000e+00	   3.8528675e+00	  -2.0260700e+01	   4.9614258e+01	   5.7802804e+01	
   5.3600000e+00	   3.7648924e+00	  -1.9080251e+01	   5.0712891e+01	   5.7428152e+01	
   5.3700000e+00	   5.9642694e+00	  -1.7905919e+01	   5.1613770e+01	   5.7120905e+01	
   5.3800000e+00	   6.9222203e+00	  -1.6711758e+01	   5.1745605e+01	   5.6854050e+01	
   5.3900000e+00	   7.4793958e+00	  -1.5539009e+01	   4.8867188e+01	   5.6532932e+01	
   5.4000000e+00	   8.1538715e+00	  -1.4393573e+01	   5.0668945e+01	   5.6201161e+01	
   5.4100000e+00	   8.6328469e+00	  -1.3276028e+01	   5.4689941e+01	   5.6028445e+01	
   5.4200000e+00	   8.7012720e+00	  -1.2199869e+01	   5.4909668e+01	   5.5968188e+01	
   5.4300000e+00	   1.0969074e+01	  -1.1119199e+01	   5.3986816e+01	   5.5893645e+01	
   5.4400000e+00	   1.1633775e+01	  -1.0019620e+01	   5.4030762e+01	   5.5801206e+01	
   5.4500000e+00	   1.1731525e+01	  -8.9552705e+00	   5.7502441e+01	   5.5799509e+01	
   5.4600000e+00	   1.2963176e+01	  -7.9105214e+00	   5.6733398e+01	   5.5864168e+01	
   5.4700000e+00	   1.4409877e+01	  -6.8513327e+00	   5.8732910e+01	   5.5955829e+01	
   5.4800000e+00	   1.5367828e+01	  -5.7851240e+00	   5.6403809e+01	   5.6034913e+01	
   5.4900000e+00	   1.7000255e+01	  -4.7076855e+00	   5.8798828e+01	   5.6111734e+01	
   5.5000000e+00	   1.7185980e+01	  -3.6385039e+00	   5.9985352e+01	   5.6272613e+01	
   5.5100000e+00	   1.7508555e+01	  -2.6092942e+00	   6.7719727e+01	   5.6644357e+01	
   5.5200000e+00	   1.9180082e+01	  -1.5816616e+00	   6.4665527e+01	   5.7112635e+01	
   5.5300000e+00	   1.9717707e+01	  -5.5025541e-01	   6.4731445e+01	   5.7484670e+01	
   5.5400000e+00	   1.9649282e+01	   4.4207282e-01	   6.9345703e+01	   5.7953224e+01	
   5.5500000e+00	   1.9991407e+01	   1.3924456e+00	   6.8994141e+01	   5.8503327e+01	
   5.5600000e+00	   1.9365807e+01	   2.2892579e+00	   7.1960449e+01	   5.9090569e+01	
   5.5700000e+00	   2.3002110e+01	   3.2159148e+00	   7.2575684e+01	   5.9736836e+01	
   5.5800000e+00	   2.3461536e+01	   4.1975593e+00	   7.3981934e+01	   6.0400978e+01	
   5.5900000e+00	   2.2581785e+01	   5.1207538e+00	   7.4619141e+01	   6.1082657e+01	
   5.6000000e+00	   2.3832986e+01	   6.0077804e+00	   7.7651367e+01	   6.1820885e+01	
   5.6100000e+00	   2.4145786e+01	   6.8896563e+00	   7.9101563e+01	   6.2632824e+01	
   5.6200000e+00	   2.6198538e+01	   7.7862892e+00	   8.1804199e+01	   6.3506777e+01	
   5.6300000e+00	   2.5309012e+01	   8.6674725e+00	   8.2946777e+01	   6.4432159e+01	
   5.6400000e+00	   2.6032363e+01	   9.5013649e+00	   8.3474121e+01	   6.5353107e+01	
   5.6500000e+00	   2.5983488e+01	   1.0310900e+01	   8.4001465e+01	   6.6254751e+01	
   5.6600000e+00	   2.6853464e+01	   1.1100867e+01	   8.7451172e+01	   6.7209699e+01	
   5.6700000e+00	   2.7860290e+01	   1.1898114e+01	   8.8703613e+01	   6.8233118e+01	
   5.6800000e+00	   2.9971692e+01	   1.2732726e+01	   9.0769043e+01	   6.9287705e+01	
   5.6900000e+00	   2.9443841e+01	   1.3565236e+01	   9.1779785e+01	   7.0366004e+01	
   5.7000000e+00	   2.9580691e+01	   1.4347330e+01	   9.5339355e+01	   7.1503491e+01	
   5.7100000e+00	   3.0509317e+01	   1.5117194e+01	   9.9667969e+01	   7.2778623e+01	
   5.7200000e+00	   3.0841667e+01	   1.5880223e+01	   1.0012939e+02	   7.4108678e+01	
   5.7300000e+00	   3.2376344e+01	   1.6651613e+01	   1.0281006e+02	   7.5450552e+01	
   5.7400000e+00	   3.2210169e+01	   1.7418730e+01	   1.0054688e+02	   7.6736853e+01	
   5.7500000e+00	   3.1877818e+01	   1.8136000e+01	   1.0395264e+02	   7.7988088e+01	
   5.7600000e+00	   3.3158345e+01	   1.8841344e+01	   1.0790771e+02	   7.9358458e+01	
   5.7700000e+00	   3.3510245e+01	   1.9552125e+01	   1.0762207e+02	   8.0751601e+01	
   5.7800000e+00	   3.3823045e+01	   2.0244346e+01	   1.0902832e+02	   8.2103899e+01	
   5.7900000e+00	   3.2532744e+01	   2.0878649e+01	   1.1619141e+02	   8.3600009e+01	
   5.8000000e+00	   3.4829871e+01	   2.1506532e+01	   1.1953125e+02	   8.5280295e+01	
   5.8100000e+00	   3.3119244e+01	   2.2118005e+01	   1.2038818e+02	   8.6981085e+01	
   5.8200000e+00	   3.3627545e+01	   2.2670005e+01	   1.2194824e+02	   8.8657732e+01	
   5.8300000e+00	   3.5054696e+01	   2.3242394e+01	   1.2827637e+02	   9.0445582e+01	
   5.8400000e+00	   3.6735998e+01	   2.3862936e+01	   1.2726563e+02	   9.2276140e+01	
   5.8500000e+00	   3.6628473e+01	   2.4491635e+01	   1.2895752e+02	   9.4033625e+01	
   5.8600000e+00	   3.4820096e+01	   2.5042521e+01	   1.3198975e+02	   9.5820760e+01	
   5.8700000e+00	   3.6843523e+01	   2.5571662e+01	   1.3350586e+02	   9.7631781e+01	
   5.8800000e+00	   3.7273623e+01	   2.6135017e+01	   1.3537354e+02	   9.9436960e+01	
   5.8900000e+00	   3.8827850e+01	   2.6719402e+01	   1.3732910e+02	   1.0124736e+02	
   5.9000000e+00	   3.7733049e+01	   2.7286393e+01	   1.4521729e+02	   1.0321035e+02	
   5.9100000e+00	   3.7009698e+01	   2.7780993e+01	   1.4339355e+02	   1.0522579e+02	
   5.9200000e+00	   3.7263848e+01	   2.8239831e+01	   1.4365723e+02	   1.0710412e+02	
   5.9300000e+00	   3.9903101e+01	   2.8747116e+01	   1.4912842e+02	   1.0903097e+02	
   5.9400000e+00	   3.9619625e+01	   2.9287290e+01	   1.5209473e+02	   1.1107022e+02	
   5.9500000e+00	   4.0997902e+01	   2.9827819e+01	   1.5354492e+02	   1.1311775e+02	
   5.9600000e+00	   3.8876725e+01	   3.0323621e+01	   1.5448975e+02	   1.1512360e+02	
   5.9700000e+00	   4.1330252e+01	   3.0803257e+01	   1.5717041e+02	   1.1711997e+02	
   5.9800000e+00	   4.0763302e+01	   3.1305632e+01	   1.6466309e+02	   1.1926791e+02	
   5.9900000e+00	   4.0255001e+01	   3.1757003e+01	   1.6602539e+02	   1.2152764e+02	
   6.0000000e+00	   3.9316600e+01	   3.2150761e+01	   1.6767334e+02	   1.2375036e+02	
   6.0100000e+00	   3.8906050e+01	   3.2492129e+01	   1.7022217e+02	   1.2596699e+02	
   6.0200000e+00	   4.1877653e+01	   3.2879557e+01	   1.7499023e+02	   1.2825433e+02	
   6.0300000e+00	   4.0733976e+01	   3.3292808e+01	   1.7395752e+02	   1.3052108e+02	
   6.0400000e+00	   4.3167954e+01	   3.3717432e+01	   1.7784668e+02	   1.3274671e+02	
   6.0500000e+00	   4.1203177e+01	   3.4132736e+01	   1.7635254e+02	   1.3492192e+02	
   6.0600000e+00	   4.1320477e+01	   3.4482370e+01	   1.7307861e+02	   1.3687353e+02	
   6.0700000e+00	   4.2200228e+01	   3.4839305e+01	  -1.4721680e+01	   1.3404398e+02	
   6.0800000e+00	   4.3490529e+01	   3.5231949e+01	  -1.8000000e+02	   1.2269514e+02	
   6.0900000e+00	   4.3089754e+01	   3.5627149e+01	  -1.8000000e+02	   1.0785000e+02	
   6.1000000e+00	   4.3617604e+01	   3.6006083e+01	  -1.8000000e+02	   9.3732908e+01	
   6.1100000e+00	   4.3109304e+01	   3.6366912e+01	  -1.8000000e+02	   8.0308165e+01	
   6.1200000e+00	   4.3148404e+01	   3.6698539e+01	  -1.8000000e+02	   6.7541815e+01	
   6.1300000e+00	   4.3255929e+01	   3.7017498e+01	  -1.7769287e+02	   5.5458142e+01	
   6.1400000e+00	   4.5377106e+01	   3.7375465e+01	  -1.7327637e+02	   4.4131966e+01	
   6.1500000e+00	   4.4995880e+01	   3.7758543e+01	  -1.7114502e+02	   3.3521825e+01	
   6.1600000e+00	   4.4790605e+01	   3.8108452e+01	  -1.6756348e+02	   2.3572130e+01	
   6.1700000e+00	   4.4243205e+01	   3.8422743e+01	  -1.6523438e+02	   1.4255338e+01	
   6.1800000e+00	   4.5660581e+01	   3.8742954e+01	  -1.6134521e+02	   5.5479531e+00	
   6.1900000e+00	   4.4878580e+01	   3.9063040e+01	  -1.5982910e+02	  -2.5998475e+00	
   6.2000000e+00	   4.4614655e+01	   3.9341781e+01	  -1.5479736e+02	  -1.0187490e+01	
   6.2100000e+00	   4.3793554e+01	   3.9580245e+01	  -1.5266602e+02	  -1.7227359e+01	
   6.2200000e+00	   4.3695804e+01	   3.9784483e+01	  -1.5158936e+02	  -2.3843306e+01	
   6.2300000e+00	   4.5386881e+01	   4.0017774e+01	  -1.4849121e+02	  -3.0032412e+01	
   6.2400000e+00	   4.3383004e+01	   4.0231954e+01	  -1.4306396e+02	  -3.5708927e+01	
   6.2500000e+00	   4.5308681e+01	   4.0433713e+01	  -1.4306396e+02	  -4.0973964e+01	
   6.2600000e+00	   4.4497355e+01	   4.0652902e+01	  -1.4137207e+02	  -4.5939298e+01	
   6.2700000e+00	   4.4917680e+01	   4.0851753e+01	  -1.3713135e+02	  -5.0515639e+01	
   6.2800000e+00	   4.4702630e+01	   4.1045886e+01	  -1.3322021e+02	  -5.4667645e+01	
   6.2900000e+00	   4.4810155e+01	   4.1227861e+01	  -1.3126465e+02	  -5.8472162e+01	
   6.3000000e+00	   4.5064305e+01	   4.1409781e+01	  -1.3069336e+02	  -6.2028131e+01	
   6.3100000e+00	   4.5611706e+01	   4.1602433e+01	  -1.2506836e+02	  -6.5257761e+01	
   6.3200000e+00	   4.6178657e+01	   4.1812963e+01	  -1.2273926e+02	  -6.8133952e+01	
   6.3300000e+00	   4.5553056e+01	   4.2011730e+01	  -1.2146484e+02	  -7.0780721e+01	
   6.3400000e+00	   4.6217757e+01	   4.2201708e+01	  -1.1696045e+02	  -7.3155979e+01	
   6.3500000e+00	   4.5289131e+01	   4.2375896e+01	  -1.1601563e+02	  -7.5281122e+01	
   6.3600000e+00	   4.6198207e+01	   4.2541063e+01	  -1.1307129e+02	  -7.7206673e+01	
   6.3700000e+00	   4.4839480e+01	   4.2687103e+01	  -1.1030273e+02	  -7.8897700e+01	
   6.3800000e+00	   4.4663530e+01	   4.2788348e+01	  -1.0720459e+02	  -8.0361933e+01	
   6.3900000e+00	   4.6051581e+01	   4.2914350e+01	  -1.0406250e+02	  -8.1601334e+01	
   6.4000000e+00	   4.4595105e+01	   4.3032495e+01	  -9.9514160e+01	  -8.2591369e+01	
   6.4100000e+00	   4.6608757e+01	   4.3158508e+01	  -9.7998047e+01	  -8.3384140e+01	
   6.4200000e+00	   4.7635133e+01	   4.3352888e+01	  -9.4086914e+01	  -8.4004946e+01	
   6.4300000e+00	   4.6149331e+01	   4.3526469e+01	  -9.2241211e+01	  -8.4454138e+01	
   6.4400000e+00	   4.5650806e+01	   4.3642878e+01	  -8.8967285e+01	  -8.4755759e+01	
   6.4500000e+00	   4.6511007e+01	   4.3762446e+01	  -8.7165527e+01	  -8.4918124e+01	
   6.4600000e+00	   4.5787656e+01	   4.3879507e+01	  -8.3671875e+01	  -8.4942674e+01	
   6.4700000e+00	   4.6432807e+01	   4.3988909e+01	  -8.0859375e+01	  -8.4811383e+01	
   6.4800000e+00	   4.6032031e+01	   4.4098938e+01	  -7.7651367e+01	  -8.4538898e+01	
   6.4900000e+00	   4.7410308e+01	   4.4227541e+01	  -7.6135254e+01	  -8.4163934e+01	
   6.5000000e+00	   4.6022256e+01	   4.4349596e+01	  -7.3410645e+01	  -8.3703370e+01	
   6.5100000e+00	   4.4458255e+01	   4.4393277e+01	  -7.0729980e+01	  -8.3132847e+01	
   6.5200000e+00	   4.7283233e+01	   4.4465737e+01	  -6.7456055e+01	  -8.2444289e+01	
   6.5300000e+00	   4.6530557e+01	   4.4585459e+01	  -6.4555664e+01	  -8.1638095e+01	
   6.5400000e+00	   4.4810155e+01	   4.4638666e+01	  -6.1677246e+01	  -8.0729734e+01	
   6.5500000e+00	   4.7097507e+01	   4.4703166e+01	  -5.8776855e+01	  -7.9724217e+01	
   6.5600000e+00	   4.6041806e+01	   4.4794705e+01	  -5.6645508e+01	  -7.8644627e+01	
   6.5700000e+00	   4.8221633e+01	   4.4909319e+01	  -5.2031250e+01	  -7.7452570e+01	
   6.5800000e+00	   4.6716282e+01	   4.5034852e+01	  -5.1042480e+01	  -7.6181581e+01	
   6.5900000e+00	   4.6110231e+01	   4.5102454e+01	  -4.7988281e+01	  -7.4873784e+01	
   6.6000000e+00	   4.8944984e+01	   4.5221391e+01	  -4.3395996e+01	  -7.3442623e+01	
   6.6100000e+00	   4.7576483e+01	   4.5370450e+01	  -4.1462402e+01	  -7.1921624e+01	
   6.6200000e+00	   4.7126832e+01	   4.5467615e+01	  -3.8583984e+01	  -7.0357223e+01	
   6.6300000e+00	   4.8162983e+01	   4.5574396e+01	  -3.5947266e+01	  -6.8734304e+01	
   6.6400000e+00	   4.7439633e+01	   4.5683611e+01	  -3.1311035e+01	  -6.7012635e+01	
   6.6500000e+00	   4.8143433e+01	   4.5786991e+01	  -2.9487305e+01	  -6.5216992e+01	
   6.6600000e+00	   4.6178657e+01	   4.5854379e+01	  -2.7312012e+01	  -6.3411352e+01	
   6.6700000e+00	   4.6481682e+01	   4.5877713e+01	  -2.2895508e+01	  -6.1532624e+01	
   6.6800000e+00	   4.6471907e+01	   4.5907094e+01	  -1.9819336e+01	  -5.9562303e+01	
   6.6900000e+00	   4.5963606e+01	   4.5922330e+01	  -1.7797852e+01	  -5.7563610e+01	
   6.7000000e+00	   4.8084783e+01	   4.5976369e+01	  -1.6413574e+01	  -5.5579424e+01	
   6.7100000e+00	   4.7371208e+01	   4.6062274e+01	  -1.1140137e+01	  -5.3529292e+01	
   6.7200000e+00	   4.5689906e+01	   4.6085240e+01	  -8.3935547e+00	  -5.1383041e+01	
   6.7300000e+00	   4.6667407e+01	   4.6089822e+01	  -3.9550781e+00	  -4.9165859e+01	
   6.7400000e+00	   4.8202083e+01	   4.6155781e+01	  -3.1420898e+00	  -4.6928641e+01	
   6.7500000e+00	   4.7908833e+01	   4.6248947e+01	  -4.3945313e-01	  -4.4714935e+01	
   6.7600000e+00	   4.8016358e+01	   4.6332990e+01	   2.6806641e+00	  -4.2467013e+01	
   6.7700000e+00	   4.7664458e+01	   4.6406919e+01	   2.4169922e+00	  -4.0259291e+01	
   6.7800000e+00	   4.7742658e+01	   4.6470510e+01	   9.5141602e+00	  -3.7992275e+01	
   6.7900000e+00	   4.7615583e+01	   4.6529784e+01	   1.0788574e+01	  -3.5631155e+01	
   6.8000000e+00	   4.7293008e+01	   4.6575125e+01	   1.3029785e+01	  -3.3299624e+01	
   6.8100000e+00	   4.6941107e+01	   4.6601703e+01	   1.6984863e+01	  -3.0930496e+01	
   6.8200000e+00	   4.7302783e+01	   4.6627218e+01	   2.0324707e+01	  -2.8498674e+01	
   6.8300000e+00	   4.8143433e+01	   4.6680964e+01	   2.1818848e+01	  -2.6067580e+01	
   6.8400000e+00	   4.7077957e+01	   4.6726561e+01	   2.6696777e+01	  -2.3599461e+01	
   6.8500000e+00	   4.7850183e+01	   4.6762731e+01	   2.5422363e+01	  -2.1164022e+01	
   6.8600000e+00	   4.8436684e+01	   4.6830445e+01	   3.1179199e+01	  -1.8738109e+01	
   6.8700000e+00	   4.7058407e+01	   4.6875422e+01	   3.5354004e+01	  -1.6187630e+01	
   6.8800000e+00	   4.8387809e+01	   4.6916995e+01	   3.8518066e+01	  -1.3582275e+01	
   6.8900000e+00	   4.8720159e+01	   4.6997279e+01	   4.2473145e+01	  -1.0930122e+01	
   6.9000000e+00	   4.7478733e+01	   4.7051332e+01	   4.5285645e+01	  -8.2420865e+00	
   6.9100000e+00	   4.6061356e+01	   4.7037537e+01	   4.4604492e+01	  -5.6336172e+00	
   6.9200000e+00	   4.7684008e+01	   4.7029452e+01	   4.8251953e+01	  -3.0803370e+00	
   6.9300000e+00	   4.8260733e+01	   4.7075696e+01	   5.1767578e+01	  -4.7662754e-01	
   6.9400000e+00	   4.7664458e+01	   4.7119192e+01	   5.3261719e+01	   2.1222352e+00	
   6.9500000e+00	   4.7615583e+01	   4.7144735e+01	   5.7216797e+01	   4.7272649e+00	
   6.9600000e+00	   4.7429858e+01	   4.7163273e+01	   6.2446289e+01	   7.4297561e+00	
   6.9700000e+00	   4.7674233e+01	   4.7182340e+01	   6.3588867e+01	   1.0155962e+01	
   6.9800000e+00	   4.9423960e+01	   4.7249370e+01	   6.9213867e+01	   1.2914417e+01	
   6.9900000e+00	   4.8114108e+01	   4.7323899e+01	   7.2795410e+01	   1.5763349e+01	
   7.0000000e+00	   4.8759259e+01	   4.7378474e+01	   7.6113281e+01	   1.8641744e+01	
   7.0100000e+00	   4.8495334e+01	   4.7439720e+01	   7.8596191e+01	   2.1521218e+01	
   7.0200000e+00	   4.9668335e+01	   4.7520254e+01	   8.1826172e+01	   2.4399563e+01	
   7.0300000e+00	   4.8290058e+01	   4.7591806e+01	   8.4902344e+01	   2.7291381e+01	
   7.0400000e+00	   4.8182533e+01	   4.7623414e+01	   8.6440430e+01	   3.0154525e+01	
   7.0500000e+00	   4.9208909e+01	   4.7676003e+01	   9.2307129e+01	   3.3058828e+01	
   7.0600000e+00	   5.0069110e+01	   4.7772275e+01	   9.4130859e+01	   3.6009276e+01	
   7.0700000e+00	   4.8954759e+01	   4.7857594e+01	   9.7998047e+01	   3.8954575e+01	
   7.0800000e+00	   4.7439633e+01	   4.7874249e+01	   1.0162354e+02	   4.1939160e+01	
   7.0900000e+00	   4.7537383e+01	   4.7855331e+01	   1.0399658e+02	   4.4924465e+01	
   7.1000000e+00	   4.8671284e+01	   4.7867543e+01	   1.0810547e+02	   4.7922308e+01	
   7.1100000e+00	   4.6999757e+01	   4.7865972e+01	   1.1245605e+02	   5.0980567e+01	
   7.1200000e+00	   4.8123883e+01	   4.7851056e+01	   1.1388428e+02	   5.4030545e+01	
   7.1300000e+00	   4.8808134e+01	   4.7881215e+01	   1.1992676e+02	   5.7114136e+01	
   7.1400000e+00	   4.7850183e+01	   4.7903184e+01	   1.1913574e+02	   6.0175272e+01	
   7.1500000e+00	   4.7263683e+01	   4.7886202e+01	   1.2388184e+02	   6.3183265e+01	
   7.1600000e+00	   4.8466009e+01	   4.7885155e+01	   1.2245361e+02	   6.6125096e+01	
   7.1700000e+00	   4.9199134e+01	   4.7931619e+01	   1.2963867e+02	   6.9063817e+01	
   7.1800000e+00	   4.7703558e+01	   4.7957108e+01	   1.3163818e+02	   7.2083634e+01	
   7.1900000e+00	   4.9668335e+01	   4.7992853e+01	   1.3620850e+02	   7.5116453e+01	
   7.2000000e+00	   4.8407359e+01	   4.8044103e+01	   1.3752686e+02	   7.8144931e+01	
   7.2100000e+00	   4.8094558e+01	   4.8054248e+01	   1.4216309e+02	   8.1170900e+01	
   7.2200000e+00	   4.8808134e+01	   4.8073723e+01	   1.4635986e+02	   8.4265065e+01	
   7.2300000e+00	   4.8319383e+01	   4.8097756e+01	   1.4772217e+02	   8.7343799e+01	
   7.2400000e+00	   4.8729934e+01	   4.8118692e+01	   1.5314941e+02	   9.0438034e+01	
   7.2500000e+00	   4.8612634e+01	   4.8145793e+01	   1.5862061e+02	   9.3647764e+01	
   7.2600000e+00	   4.8094558e+01	   4.8155984e+01	   1.5807129e+02	   9.6820771e+01	
   7.2700000e+00	   4.9062284e+01	   4.8176702e+01	   1.6275146e+02	   9.9939459e+01	
   7.2800000e+00	   4.8964534e+01	   4.8217737e+01	   1.6488281e+02	   1.0307223e+02	
   7.2900000e+00	   5.0870661e+01	   4.8301104e+01	   1.7009033e+02	   1.0623131e+02	
   7.3000000e+00	   4.8847234e+01	   4.8377505e+01	   1.7514404e+02	   1.0948709e+02	
   7.3100000e+00	   4.8827684e+01	   4.8400063e+01	   1.7608887e+02	   1.1273029e+02	
   7.3200000e+00	   4.8270508e+01	   4.8407372e+01	   1.7567139e+02	   1.1582736e+02	
   7.3300000e+00	   4.7713333e+01	   4.8386997e+01	   1.7520996e+02	   1.1875099e+02	
   7.3400000e+00	   4.9707435e+01	   4.8402857e+01	   1.7615479e+02	   1.2154309e+02	
   7.3500000e+00	   4.9169809e+01	   4.8453654e+01	  -1.1535645e+01	   1.1961895e+02	
   7.3600000e+00	   4.9404409e+01	   4.8494529e+01	  -1.8000000e+02	   1.0905569e+02	
   7.3700000e+00	   4.8114108e+01	   4.8507513e+01	  -1.8000000e+02	   9.4879466e+01	
   7.3800000e+00	   4.6921557e+01	   4.8458975e+01	  -1.8000000e+02	   8.1398492e+01	
   7.3900000e+00	   5.0215735e+01	   4.8464354e+01	  -1.8000000e+02	   6.8578669e+01	
   7.4000000e+00	   4.8935209e+01	   4.8518847e+01	  -1.7967041e+02	   5.6395653e+01	
   7.4100000e+00	   4.7547158e+01	   4.8505229e+01	  -1.7419922e+02	   4.4952376e+01	
   7.4200000e+00	   4.8876559e+01	   4.8490842e+01	  -1.6903564e+02	   3.4331096e+01	
   7.4300000e+00	   4.9365309e+01	   4.8521743e+01	  -1.6861816e+02	   2.4367573e+01	
   7.4400000e+00	   4.8563759e+01	   4.8543459e+01	  -1.6547607e+02	   1.4979981e+01	
   7.4500000e+00	   4.7801308e+01	   4.8525758e+01	  -1.5934570e+02	   6.2801616e+00	
   7.4600000e+00	   4.9013409e+01	   4.8519952e+01	  -1.5901611e+02	  -1.8345818e+00	
   7.4700000e+00	   4.9375084e+01	   4.8553021e+01	  -1.5470947e+02	  -9.4376642e+00	
   7.4800000e+00	   4.8553984e+01	   4.8573203e+01	  -1.5343506e+02	  -1.6531011e+01	
   7.4900000e+00	   4.8798359e+01	   4.8578253e+01	  -1.4921631e+02	  -2.3141775e+01	
   7.5000000e+00	   4.8954759e+01	   4.8592883e+01	  -1.4310791e+02	  -2.9175088e+01	
   7.5100000e+00	   4.8182533e+01	   4.8591694e+01	  -1.4319580e+02	  -3.4764876e+01	
   7.5200000e+00	   4.8475784e+01	   4.8578819e+01	  -1.3952637e+02	  -3.9992697e+01	
   7.5300000e+00	   4.9639010e+01	   4.8602290e+01	  -1.3572510e+02	  -4.4780935e+01	
   7.5400000e+00	   4.9355534e+01	   4.8646182e+01	  -1.3293457e+02	  -4.9172701e+01	
   7.5500000e+00	   4.8299833e+01	   4.8655084e+01	  -1.3003418e+02	  -5.3209531e+01	
   7.5600000e+00	   4.6980207e+01	   4.8605302e+01	  -1.2807861e+02	  -5.6929305e+01	
   7.5700000e+00	   4.8817909e+01	   4.8570665e+01	  -1.2601318e+02	  -6.0368049e+01	
   7.5800000e+00	   4.9345759e+01	   4.8595735e+01	  -1.2080566e+02	  -6.3459801e+01	
   7.5900000e+00	   4.9062284e+01	   4.8625567e+01	  -1.1742188e+02	  -6.6189250e+01	
   7.6000000e+00	   4.7390758e+01	   4.8605997e+01	  -1.1430176e+02	  -6.8625353e+01	
   7.6100000e+00	   4.9423960e+01	   4.8596255e+01	  -1.1173096e+02	  -7.0802431e+01	
   7.6200000e+00	   4.8720159e+01	   4.8619590e+01	  -1.0946777e+02	  -7.2754200e+01	
   7.6300000e+00	   4.8661509e+01	   4.8623084e+01	  -1.0465576e+02	  -7.4436754e+01	
   7.6400000e+00	   4.8436684e+01	   4.8619455e+01	  -1.0316162e+02	  -7.5882153e+01	
   7.6500000e+00	   4.8563759e+01	   4.8613608e+01	  -1.0026123e+02	  -7.7148903e+01	
   7.6600000e+00	   4.9248009e+01	   4.8627942e+01	  -9.6569824e+01	  -7.8191887e+01	
   7.6700000e+00	   4.8153208e+01	   4.8631506e+01	  -9.4372559e+01	  -7.9039320e+01	
   7.6800000e+00	   5.0020235e+01	   4.8653831e+01	  -9.1977539e+01	  -7.9732581e+01	
   7.6900000e+00	   4.8514884e+01	   4.8683930e+01	  -8.8088379e+01	  -8.0237745e+01	
   7.7000000e+00	   4.9795410e+01	   4.8707040e+01	  -8.6791992e+01	  -8.0590976e+01	
   7.7100000e+00	   4.7967483e+01	   4.8715593e+01	  -8.3144531e+01	  -8.0805652e+01	
   7.7200000e+00	   4.8573534e+01	   4.8693765e+01	  -7.9782715e+01	  -8.0837921e+01	
   7.7300000e+00	   4.9726985e+01	   4.8716153e+01	  -7.6816406e+01	  -8.0713432e+01	
   7.7400000e+00	   4.8426909e+01	   4.8733848e+01	  -7.4267578e+01	  -8.0459808e+01	
   7.7500000e+00	   4.9854060e+01	   4.8753790e+01	  -7.0180664e+01	  -8.0055903e+01	
   7.7600000e+00	   4.8211858e+01	   4.8767482e+01	  -6.9082031e+01	  -7.9544649e+01	
   7.7700000e+00	   4.6520782e+01	   4.8698764e+01	  -6.6687012e+01	  -7.8972799e+01	
   7.7800000e+00	   4.9961585e+01	   4.8676323e+01	  -6.3720703e+01	  -7.8297526e+01	
   7.7900000e+00	   4.8563759e+01	   4.8705079e+01	  -6.0007324e+01	  -7.7491574e+01	
   7.8000000e+00	   4.7302783e+01	   4.8667227e+01	  -5.6381836e+01	  -7.6545187e+01	
   7.8100000e+00	   4.8241183e+01	   4.8623322e+01	  -5.3635254e+01	  -7.5488961e+01	
   7.8200000e+00	   4.8260733e+01	   4.8605060e+01	  -5.0141602e+01	  -7.4331515e+01	
   7.8300000e+00	   4.9238234e+01	   4.8612143e+01	  -4.8691406e+01	  -7.3109602e+01	
   7.8400000e+00	   4.8593084e+01	   4.8627028e+01	  -4.6076660e+01	  -7.1847938e+01	
   7.8500000e+00	   4.8739709e+01	   4.8628959e+01	  -4.2253418e+01	  -7.0490279e+01	
   7.8600000e+00	   4.8524659e+01	   4.8629117e+01	  -3.8408203e+01	  -6.9011162e+01	
   7.8700000e+00	   4.6862907e+01	   4.8583245e+01	  -3.5156250e+01	  -6.7430551e+01	
   7.8800000e+00	   4.8250958e+01	   4.8532912e+01	  -3.3112793e+01	  -6.5797607e+01	
   7.8900000e+00	   4.7126832e+01	   4.8491518e+01	  -2.9091797e+01	  -6.4096037e+01	
   7.9000000e+00	   4.9766085e+01	   4.8489309e+01	  -2.7927246e+01	  -6.2350760e+01	
   7.9100000e+00	   4.8866784e+01	   4.8529873e+01	  -2.1467285e+01	  -6.0504111e+01	
   7.9200000e+00	   4.8593084e+01	   4.8539685e+01	  -1.8413086e+01	  -5.8514726e+01	
   7.9300000e+00	   4.7957708e+01	   4.8526723e+01	  -1.8347168e+01	  -5.6546396e+01	
   7.9400000e+00	   4.9795410e+01	   4.8543881e+01	  -1.6193848e+01	  -5.4620180e+01	
   7.9500000e+00	   4.9551035e+01	   4.8599267e+01	  -1.1645508e+01	  -5.2624096e+01	
   7.9600000e+00	   5.0030010e+01	   4.8657690e+01	  -1.0283203e+01	  -5.0580968e+01	
   7.9700000e+00	   4.7380983e+01	   4.8660035e+01	  -3.3618164e+00	  -4.8434913e+01	
   7.9800000e+00	   4.7723108e+01	   4.8605695e+01	  -2.5927734e+00	  -4.6205525e+01	
   7.9900000e+00	   4.8778809e+01	   4.8588298e+01	   2.0214844e+00	  -4.3953466e+01	
   8.0000000e+00	   4.8397584e+01	   4.8588293e+01	   4.1308594e+00	  -4.1646981e+01	
   8.0100000e+00	   4.9717210e+01	   4.8611299e+01	   4.1088867e+00	  -3.9402427e+01	
   8.0200000e+00	   4.9335984e+01	   4.8656188e+01	   9.0087891e+00	  -3.7148339e+01	
   8.0300000e+00	   4.7977258e+01	   4.8656210e+01	   1.1337891e+01	  -3.4827532e+01	
   8.0400000e+00	   4.8671284e+01	   4.8639930e+01	   1.6127930e+01	  -3.2445971e+01	
   8.0500000e+00	   4.8133658e+01	   4.8628284e+01	   1.7490234e+01	  -3.0030345e+01	
   8.0600000e+00	   4.8905884e+01	   4.8622963e+01	   2.3203125e+01	  -2.7559694e+01	
   8.0700000e+00	   4.7537383e+01	   4.8603280e+01	   2.5356445e+01	  -2.5017319e+01	
   8.0800000e+00	   4.8514884e+01	   4.8574975e+01	   2.5993652e+01	  -2.2531202e+01	
   8.0900000e+00	   4.8114108e+01	   4.8562200e+01	   3.2651367e+01	  -1.9988129e+01	
   8.1000000e+00	   4.8739709e+01	   4.8555565e+01	   3.3464355e+01	  -1.7386583e+01	
   8.1100000e+00	   4.8817909e+01	   4.8566514e+01	   3.7836914e+01	  -1.4785467e+01	
   8.1200000e+00	   4.8602859e+01	   4.8573570e+01	   3.9814453e+01	  -1.2156204e+01	
   8.1300000e+00	   4.8544209e+01	   4.8573568e+01	   4.6428223e+01	  -9.4452150e+00	
   8.1400000e+00	   4.7781758e+01	   4.8553431e+01	   4.6450195e+01	  -6.7044630e+00	
   8.1500000e+00	   4.7967483e+01	   4.8520140e+01	   4.7175293e+01	  -4.0798069e+00	
   8.1600000e+00	   4.8495334e+01	   4.8505980e+01	   5.0646973e+01	  -1.4809607e+00	
   8.1700000e+00	   4.8583309e+01	   4.8507615e+01	   5.6799316e+01	   1.2264263e+00	
   8.1800000e+00	   4.8026133e+01	   4.8497665e+01	   5.5393066e+01	   3.9174162e+00	
   8.1900000e+00	   4.8143433e+01	   4.8477416e+01	   6.0974121e+01	   6.5788042e+00	
   8.2000000e+00	   4.8964534e+01	   4.8481171e+01	   6.3632813e+01	   9.3117210e+00	
   8.2100000e+00	   5.0313485e+01	   4.8537955e+01	   6.8049316e+01	   1.2084102e+01	
   8.2200000e+00	   4.8016358e+01	   4.8568703e+01	   7.2839355e+01	   1.4946276e+01	
   8.2300000e+00	   4.8397584e+01	   4.8550963e+01	   7.3498535e+01	   1.7801703e+01	
   8.2400000e+00	   4.8202083e+01	   4.8538647e+01	   7.2509766e+01	   2.0509008e+01	
   8.2500000e+00	   4.9619460e+01	   4.8556897e+01	   8.0573730e+01	   2.3257034e+01	
   8.2600000e+00	   4.8544209e+01	   4.8582641e+01	   8.7209473e+01	   2.6230749e+01	
   8.2700000e+00	   4.9160034e+01	   4.8595858e+01	   8.6638184e+01	   2.9207333e+01	
   8.2800000e+00	   4.8299833e+01	   4.8602433e+01	   8.9450684e+01	   3.2092893e+01	
   8.2900000e+00	   4.9208909e+01	   4.8609885e+01	   9.4108887e+01	   3.5020131e+01	
   8.3000000e+00	   4.8065233e+01	   4.8611218e+01	   9.5690918e+01	   3.7956827e+01	
   8.3100000e+00	   4.8720159e+01	   4.8600501e+01	   9.9953613e+01	   4.0892821e+01	
   8.3200000e+00	   4.8319383e+01	   4.8596542e+01	   1.0226074e+02	   4.3845927e+01	
   8.3300000e+00	   4.9766085e+01	   4.8618424e+01	   1.0408447e+02	   4.6755498e+01	
   8.3400000e+00	   4.9609685e+01	   4.8670874e+01	   1.0707275e+02	   4.9640373e+01	
   8.3500000e+00	   4.9013409e+01	   4.8702295e+01	   1.1300537e+02	   5.2602519e+01	
   8.3600000e+00	   4.8690834e+01	   4.8709643e+01	   1.1957520e+02	   5.5725972e+01	
   8.3700000e+00	   4.9463060e+01	   4.8727657e+01	   1.2054199e+02	   5.8881051e+01	
   8.3800000e+00	   4.8211858e+01	   4.8733042e+01	   1.1997070e+02	   6.1891093e+01	
   8.3900000e+00	   5.0069110e+01	   4.8753024e+01	   1.2599121e+02	   6.4887137e+01	
   8.4000000e+00	   4.8241183e+01	   4.8772745e+01	   1.2684814e+02	   6.7904891e+01	
   8.4100000e+00	   4.9785635e+01	   4.8784548e+01	   1.3166016e+02	   7.0913656e+01	
   8.4200000e+00	   4.7693783e+01	   4.8782349e+01	   1.3436279e+02	   7.3959133e+01	
   8.4300000e+00	   4.8593084e+01	   4.8751015e+01	   1.4189941e+02	   7.7106333e+01	
   8.4400000e+00	   4.7918608e+01	   4.8726730e+01	   1.4363525e+02	   8.0326559e+01	
   8.4500000e+00	   4.8544209e+01	   4.8702438e+01	   1.4269043e+02	   8.3408253e+01	
   8.4600000e+00	   4.8788584e+01	   4.8700670e+01	   1.4708496e+02	   8.6423403e+01	
   8.4700000e+00	   4.9218684e+01	   4.8715529e+01	   1.4994141e+02	   8.9468485e+01	
   8.4800000e+00	   4.9746535e+01	   4.8753149e+01	   1.5189697e+02	   9.2482226e+01	
   8.4900000e+00	   4.9453285e+01	   4.8794677e+01	   1.5910400e+02	   9.5572844e+01	
   8.5000000e+00	   4.8769034e+01	   4.8810198e+01	   1.6547607e+02	   9.8844870e+01	
   8.5100000e+00	   4.8954759e+01	   4.8812733e+01	   1.6508057e+02	   1.0210298e+02	
   8.5200000e+00	   4.8710384e+01	   4.8813706e+01	   1.7233154e+02	   1.0536941e+02	
   8.5300000e+00	   4.9189359e+01	   4.8820384e+01	   1.7211182e+02	   1.0864806e+02	
   8.5400000e+00	   4.9150259e+01	   4.8837521e+01	   1.7479248e+02	   1.1182626e+02	
   8.5500000e+00	   4.8827684e+01	   4.8844949e+01	   1.7235352e+02	   1.1485452e+02	
   8.5600000e+00	   4.7840408e+01	   4.8819893e+01	   1.7505615e+02	   1.1774073e+02	
   8.5700000e+00	   4.9345759e+01	   4.8808769e+01	   1.7338623e+02	   1.2051071e+02	
   8.5800000e+00	   4.9375084e+01	   4.8835824e+01	  -1.4348145e+01	   1.1850035e+02	
   8.5900000e+00	   4.8739709e+01	   4.8846691e+01	  -1.8000000e+02	   1.0792298e+02	
   8.6000000e+00	   4.8729934e+01	   4.8841204e+01	  -1.8000000e+02	   9.3802311e+01	
   8.6100000e+00	   4.8250958e+01	   4.8824002e+01	  -1.8000000e+02	   8.0374165e+01	
   8.6200000e+00	   4.9179584e+01	   4.8818669e+01	  -1.8000000e+02	   6.7604578e+01	
   8.6300000e+00	   4.9150259e+01	   4.8835651e+01	  -1.8000000e+02	   5.5461252e+01	
   8.6400000e+00	   4.9345759e+01	   4.8855874e+01	  -1.7764893e+02	   4.3971127e+01	
   8.6500000e+00	   4.9248009e+01	   4.8877503e+01	  -1.7430908e+02	   3.3184065e+01	
   8.6600000e+00	   4.9277334e+01	   4.8896393e+01	  -1.6861816e+02	   2.3147483e+01	
   8.6700000e+00	   4.8739709e+01	   4.8901892e+01	  -1.6477295e+02	   1.3836970e+01	
   8.6800000e+00	   5.0596961e+01	   4.8939481e+01	  -1.6409180e+02	   5.0940672e+00	
   8.6900000e+00	   4.9394634e+01	   4.8991286e+01	  -1.5954346e+02	  -3.0918194e+00	
   8.7000000e+00	   4.9668335e+01	   4.9017779e+01	  -1.5596191e+02	  -1.0676886e+01	
   8.7100000e+00	   4.8299833e+01	   4.9016126e+01	  -1.5301758e+02	  -1.7729932e+01	
   8.7200000e+00	   4.9238234e+01	   4.9004008e+01	  -1.5057861e+02	  -2.4305066e+01	
   8.7300000e+00	   4.8534434e+01	   4.8998237e+01	  -1.4587646e+02	  -3.0382623e+01	
   8.7400000e+00	   4.9932260e+01	   4.9009768e+01	  -1.4229492e+02	  -3.5958987e+01	
   8.7500000e+00	   5.0606736e+01	   4.9071549e+01	  -1.3765869e+02	  -4.1060356e+01	
   8.7600000e+00	   4.9316434e+01	   4.9115199e+01	  -1.3836182e+02	  -4.5815091e+01	
   8.7700000e+00	   4.8407359e+01	   4.9102776e+01	  -1.3423096e+02	  -5.0252585e+01	
   8.7800000e+00	   4.9042734e+01	   4.9084251e+01	  -1.2994629e+02	  -5.4266088e+01	
   8.7900000e+00	   4.8280283e+01	   4.9063519e+01	  -1.2845215e+02	  -5.7941050e+01	
   8.8000000e+00	   4.7283233e+01	   4.9000657e+01	  -1.2449707e+02	  -6.1302156e+01	
   8.8100000e+00	   4.9306659e+01	   4.8966047e+01	  -1.2137695e+02	  -6.4324928e+01	
   8.8200000e+00	   5.0205960e+01	   4.9004804e+01	  -1.1898193e+02	  -6.7064213e+01	
   8.8300000e+00	   4.8954759e+01	   4.9033031e+01	  -1.1691650e+02	  -6.9559777e+01	
   8.8400000e+00	   4.7439633e+01	   4.8992039e+01	  -1.1197266e+02	  -7.1761072e+01	
   8.8500000e+00	   4.7987033e+01	   4.8929327e+01	  -1.0986328e+02	  -7.3681453e+01	
   8.8600000e+00	   4.8153208e+01	   4.8887189e+01	  -1.0632568e+02	  -7.5369178e+01	
   8.8700000e+00	   4.8681059e+01	   4.8864136e+01	  -1.0309570e+02	  -7.6808181e+01	
   8.8800000e+00	   4.9785635e+01	   4.8882243e+01	  -9.9909668e+01	  -7.8019279e+01	
   8.8900000e+00	   4.7987033e+01	   4.8882444e+01	  -9.7031250e+01	  -7.9022270e+01	
   8.9000000e+00	   4.9580360e+01	   4.8877601e+01	  -9.5075684e+01	  -7.9857535e+01	
   8.9100000e+00	   4.9160034e+01	   4.8901759e+01	  -9.2197266e+01	  -8.0533299e+01	
   8.9200000e+00	   4.7224582e+01	   4.8866965e+01	  -8.8637695e+01	  -8.1018051e+01	
   8.9300000e+00	   4.9404409e+01	   4.8839871e+01	  -8.6132813e+01	  -8.1330319e+01	
   8.9400000e+00	   4.8211858e+01	   4.8838314e+01	  -8.3320313e+01	  -8.1496882e+01	
   8.9500000e+00	   4.8612634e+01	   4.8817418e+01	  -8.0244141e+01	  -8.1510876e+01	
   8.9600000e+00	   4.9443510e+01	   4.8827749e+01	  -7.6157227e+01	  -8.1348533e+01	
   8.9700000e+00	   5.0205960e+01	   4.8876645e+01	  -7.3542480e+01	  -8.1029817e+01	
   8.9800000e+00	   4.8690834e+01	   4.8904685e+01	  -7.1433105e+01	  -8.0610889e+01	
   8.9900000e+00	   4.8211858e+01	   4.8882452e+01	  -6.8247070e+01	  -8.0082654e+01	
   9.0000000e+00	   4.8641959e+01	   4.8860111e+01	  -6.6247559e+01	  -7.9453168e+01	
   9.0100000e+00	   4.7341883e+01	   4.8817532e+01	  -6.3632813e+01	  -7.8741404e+01	
   9.0200000e+00	   4.8984084e+01	   4.8785431e+01	  -5.8754883e+01	  -7.7880816e+01	
   9.0300000e+00	   4.8436684e+01	   4.8781750e+01	  -5.6359863e+01	  -7.6884089e+01	
   9.0400000e+00	   4.6931332e+01	   4.8727913e+01	  -5.3942871e+01	  -7.5818246e+01	
   9.0500000e+00	   4.9785635e+01	   4.8709795e+01	  -5.1350098e+01	  -7.4681828e+01	
   9.0600000e+00	   4.9697660e+01	   4.8760401e+01	  -4.7812500e+01	  -7.3450818e+01	
   9.0700000e+00	   4.8769034e+01	   4.8783596e+01	  -4.5571289e+01	  -7.2138474e+01	
   9.0800000e+00	   4.8084783e+01	   4.8766102e+01	  -4.2143555e+01	  -7.0751480e+01	
   9.0900000e+00	   4.7781758e+01	   4.8725258e+01	  -3.8078613e+01	  -6.9248776e+01	
   9.1000000e+00	   4.9287109e+01	   4.8715899e+01	  -3.5793457e+01	  -6.7664056e+01	
   9.1100000e+00	   4.8231408e+01	   4.8718026e+01	  -3.0607910e+01	  -6.5973861e+01	
   9.1200000e+00	   4.8788584e+01	   4.8707823e+01	  -2.9750977e+01	  -6.4218387e+01	
   9.1300000e+00	   4.8964534e+01	   4.8716099e+01	  -2.8278809e+01	  -6.2491895e+01	
   9.1400000e+00	   5.0078885e+01	   4.8755608e+01	  -2.3027344e+01	  -6.0685201e+01	
   9.1500000e+00	   4.8700609e+01	   4.8786708e+01	  -2.0895996e+01	  -5.8786074e+01	
   9.1600000e+00	   4.8016358e+01	   4.8765707e+01	  -1.8852539e+01	  -5.6877714e+01	
   9.1700000e+00	   4.8935209e+01	   4.8751488e+01	  -1.4743652e+01	  -5.4912080e+01	
   9.1800000e+00	   4.9414184e+01	   4.8772244e+01	  -1.2128906e+01	  -5.2877973e+01	
   9.1900000e+00	   4.7508058e+01	   4.8756985e+01	  -8.7011719e+00	  -5.0795455e+01	
   9.2000000e+00	   4.8817909e+01	   4.8727853e+01	  -7.9101563e+00	  -4.8711618e+01	
   9.2100000e+00	   4.9981135e+01	   4.8760794e+01	  -2.2192383e+00	  -4.6571033e+01	
   9.2200000e+00	   4.8837459e+01	   4.8792599e+01	  -2.5488281e+00	  -4.4403960e+01	
   9.2300000e+00	   5.0176635e+01	   4.8827638e+01	   5.0537109e+00	  -4.2164823e+01	
   9.2400000e+00	   4.9453285e+01	   4.8876059e+01	   6.5039063e+00	  -3.9813513e+01	
   9.2500000e+00	   4.7068182e+01	   4.8845882e+01	   5.7568359e+00	  -3.7560277e+01	
   9.2600000e+00	   4.9013409e+01	   4.8806398e+01	   1.0217285e+01	  -3.5326489e+01	
   9.2700000e+00	   4.8026133e+01	   4.8792341e+01	   1.5952148e+01	  -3.2952248e+01	
   9.2800000e+00	   4.9326209e+01	   4.8786643e+01	   1.8500977e+01	  -3.0491318e+01	
   9.2900000e+00	   4.8651734e+01	   4.8796566e+01	   2.0522461e+01	  -2.8039008e+01	
   9.3000000e+00	   4.9795410e+01	   4.8817508e+01	   2.4389648e+01	  -2.5562567e+01	
   9.3100000e+00	   4.9668335e+01	   4.8862351e+01	   2.7861328e+01	  -2.3027619e+01	
   9.3200000e+00	   4.9257784e+01	   4.8891812e+01	   2.8520508e+01	  -2.0515697e+01	
   9.3300000e+00	   4.9472835e+01	   4.8915034e+01	   3.2453613e+01	  -1.8014358e+01	
   9.3400000e+00	   4.8935209e+01	   4.8929207e+01	   3.7265625e+01	  -1.5421248e+01	
   9.3500000e+00	   4.9619460e+01	   4.8946280e+01	   4.0078125e+01	  -1.2768347e+01	
   9.3600000e+00	   4.8827684e+01	   4.8959879e+01	   4.0056152e+01	  -1.0177124e+01	
   9.3700000e+00	   4.9511935e+01	   4.8970175e+01	   4.6516113e+01	  -7.5551142e+00	
   9.3800000e+00	   4.8211858e+01	   4.8964865e+01	   4.9812012e+01	  -4.8224665e+00	
   9.3900000e+00	   5.0166860e+01	   4.8975874e+01	   5.3151855e+01	  -2.0611175e+00	
   9.4000000e+00	   4.7429858e+01	   4.8967169e+01	   5.4909668e+01	   6.8980880e-01	
   9.4100000e+00	   4.8192308e+01	   4.8910470e+01	   5.5305176e+01	   3.3586237e+00	
   9.4200000e+00	   4.8123883e+01	   4.8873572e+01	   6.0161133e+01	   6.0253257e+00	
   9.4300000e+00	   4.7165932e+01	   4.8813314e+01	   6.4160156e+01	   8.7783824e+00	
   9.4400000e+00	   4.9120934e+01	   4.8780461e+01	   6.8554688e+01	   1.1602244e+01	
   9.4500000e+00	   4.8798359e+01	   4.8789249e+01	   6.7895508e+01	   1.4379211e+01	
   9.4600000e+00	   4.9521710e+01	   4.8807433e+01	   7.1367188e+01	   1.7088953e+01	
   9.4700000e+00	   4.9648785e+01	   4.8845580e+01	   7.7277832e+01	   1.9895871e+01	
   9.4800000e+00	   4.8211858e+01	   4.8849736e+01	   8.3034668e+01	   2.2851234e+01	
   9.4900000e+00	   4.7302783e+01	   4.8796160e+01	   8.3364258e+01	   2.5810906e+01	
   9.5000000e+00	   4.7136607e+01	   4.8718845e+01	   8.6374512e+01	   2.8707323e+01	
   9.5100000e+00	   4.8221633e+01	   4.8667854e+01	   8.9824219e+01	   3.1620100e+01	
   9.5200000e+00	   4.9414184e+01	   4.8675213e+01	   9.2592773e+01	   3.4542507e+01	
   9.5300000e+00	   4.8250958e+01	   4.8682930e+01	   9.5712891e+01	   3.7465989e+01	
   9.5400000e+00	   4.8612634e+01	   4.8670614e+01	   9.7031250e+01	   4.0354933e+01	
   9.5500000e+00	   4.8817909e+01	   4.8672804e+01	   1.0676514e+02	   4.3373213e+01	
   9.5600000e+00	   4.9375084e+01	   4.8693583e+01	   1.0744629e+02	   4.6498860e+01	
   9.5700000e+00	   4.7859958e+01	   4.8689853e+01	   1.1153320e+02	   4.9588135e+01	
   9.5800000e+00	   4.8338934e+01	   4.8660897e+01	   1.1465332e+02	   5.2702631e+01	
   9.5900000e+00	   4.9140484e+01	   4.8664763e+01	   1.1397217e+02	   5.5724189e+01	
   9.6000000e+00	   4.8593084e+01	   4.8674670e+01	   1.1994873e+02	   5.8727413e+01	
   9.6100000e+00	   4.8299833e+01	   4.8663478e+01	   1.2003662e+02	   6.1732058e+01	
   9.6200000e+00	   4.7977258e+01	   4.8637734e+01	   1.2676025e+02	   6.4756376e+01	
   9.6300000e+00	   4.8221633e+01	   4.8611334e+01	   1.2902344e+02	   6.7852743e+01	
   9.6400000e+00	   4.8544209e+01	   4.8600132e+01	   1.3379150e+02	   7.0969671e+01	
   9.6500000e+00	   4.8309608e+01	   4.8591637e+01	   1.3190186e+02	   7.4004319e+01	
   9.6600000e+00	   4.8270508e+01	   4.8576846e+01	   1.3695557e+02	   7.6967725e+01	
   9.6700000e+00	   4.8847234e+01	   4.8575965e+01	   1.4302002e+02	   8.0058432e+01	
   9.6800000e+00	   4.9140484e+01	   4.8596460e+01	   1.4337158e+02	   8.3154892e+01	
   9.6900000e+00	   4.8954759e+01	   4.8618586e+01	   1.4745850e+02	   8.6208330e+01	
   9.7000000e+00	   4.8221633e+01	   4.8617096e+01	   1.5358887e+02	   8.9362562e+01	
   9.7100000e+00	   4.8974309e+01	   4.8616158e+01	   1.5325928e+02	   9.2504345e+01	
   9.7200000e+00	   4.8935209e+01	   4.8632764e+01	   1.6013672e+02	   9.5652608e+01	
   9.7300000e+00	   5.0362360e+01	   4.8682593e+01	   1.5960938e+02	   9.8802185e+01	
   9.7400000e+00	   4.8553984e+01	   4.8720630e+01	   1.6523438e+02	   1.0192230e+02	
   9.7500000e+00	   4.8925434e+01	   4.8721565e+01	   1.7068359e+02	   1.0516095e+02	
   9.7600000e+00	   4.8309608e+01	   4.8716463e+01	   1.6853027e+02	   1.0832159e+02	
   9.7700000e+00	   4.8817909e+01	   4.8708974e+01	   1.7477051e+02	   1.1142744e+02	
   9.7800000e+00	   4.7185482e+01	   4.8674287e+01	   1.7560547e+02	   1.1455446e+02	
   9.7900000e+00	   4.9179584e+01	   4.8650169e+01	   1.7499023e+02	   1.1753351e+02	
   9.8000000e+00	   4.8221633e+01	   4.8652643e+01	   1.7747314e+02	   1.2041226e+02	
   9.8100000e+00	   5.0870661e+01	   4.8696463e+01	  -1.4436035e+01	   1.1850479e+02	
   9.8200000e+00	   4.7987033e+01	   4.8732382e+01	  -1.8000000e+02	   1.0792505e+02	
   9.8300000e+00	   4.9580360e+01	   4.8734898e+01	  -1.8000000e+02	   9.3804275e+01	
   9.8400000e+00	   4.9355534e+01	   4.8770850e+01	  -1.8000000e+02	   8.0376032e+01	
   9.8500000e+00	   4.8847234e+01	   4.8787060e+01	  -1.8000000e+02	   6.7606354e+01	
   9.8600000e+00	   4.9179584e+01	   4.8798161e+01	  -1.7934082e+02	   5.5479105e+01	
   9.8700000e+00	   4.8211858e+01	   4.8793137e+01	  -1.7602295e+02	   4.4044140e+01	
   9.8800000e+00	   4.8544209e+01	   4.8772779e+01	  -1.7068359e+02	   3.3382271e+01	
   9.8900000e+00	   5.0264610e+01	   4.8803756e+01	  -1.7121094e+02	   2.3361293e+01	
   9.9000000e+00	   4.8202083e+01	   4.8824825e+01	  -1.6602539e+02	   1.3946003e+01	
   9.9100000e+00	   4.9404409e+01	   4.8823766e+01	  -1.6156494e+02	   5.2290036e+00	
   9.9200000e+00	   4.7205032e+01	   4.8798311e+01	  -1.6099365e+02	  -2.9370994e+00	
   9.9300000e+00	   4.8593084e+01	   4.8754208e+01	  -1.5611572e+02	  -1.0569087e+01	
   9.9400000e+00	   5.0117985e+01	   4.8783699e+01	  -1.5060059e+02	  -1.7571922e+01	
   9.9500000e+00	   4.9208909e+01	   4.8826845e+01	  -1.4910645e+02	  -2.4059437e+01	
   9.9600000e+00	   5.1075936e+01	   4.8891365e+01	  -1.4567871e+02	  -3.0108091e+01	
   9.9700000e+00	   4.9335984e+01	   4.8955837e+01	  -1.4378906e+02	  -3.5729709e+01	
   9.9800000e+00	   4.8622409e+01	   4.8956983e+01	  -1.3822998e+02	  -4.0892970e+01	
   9.9900000e+00	   4.8612634e+01	   4.8940335e+01	  -1.3688965e+02	  -4.5633823e+01	
   1.0000000e+01	   4.9218684e+01	   4.8939124e+01	  -1.3730713e+02	  -5.0119540e+01	
