   0.0000000e+00	   4.0613989e-02	   5.5530994e-03	   8.5605469e+01	   1.1704728e+01	
   5.0000000e-01	  -3.2617691e+01	  -4.4501880e+00	   2.2697754e+01	   2.3312145e+01	
   1.0000000e+00	  -4.4230402e+01	  -1.3740593e+01	  -9.5471191e+01	   6.9870447e+00	
   1.5000000e+00	  -4.8775781e+01	  -2.2699743e+01	   1.3383545e+02	   1.0321882e+01	
   2.0000000e+00	  -4.9186331e+01	  -2.9886565e+01	  -1.9841309e+01	   2.3085561e+01	
   2.5000000e+00	  -4.9176556e+01	  -3.5162894e+01	  -1.7235352e+02	  -9.5059137e+00	
   3.0000000e+00	  -4.9841257e+01	  -3.9085918e+01	   4.6516113e+01	  -2.4112040e+01	
   3.5000000e+00	  -4.8883306e+01	  -4.1896066e+01	  -1.0125000e+02	  -2.5002117e+01	
   4.0000000e+00	  -4.9851032e+01	  -4.3939095e+01	   1.1944336e+02	  -1.5677546e+01	
   4.5000000e+00	  -4.9205881e+01	  -4.5467548e+01	  -3.4453125e+01	   2.3020305e-01	
   5.0000000e+00	  -4.8668256e+01	  -4.6416314e+01	  -1.8000000e+02	  -2.9154652e+01	
   5.5000000e+00	   1.6619029e+01	  -3.8105477e+01	   1.6180664e+02	  -2.3669650e+01	
   6.0000000e+00	   3.8964700e+01	  -2.0085356e+01	  -1.1568604e+02	  -1.0890995e+01	
   6.5000000e+00	   4.5269581e+01	  -3.0756188e+00	   2.2390137e+01	  -2.0669001e+01	
   7.0000000e+00	   4.9453285e+01	   1.0716770e+01	   1.7800049e+02	   1.2382248e+01	
   7.5000000e+00	   4.7752433e+01	   2.1077004e+01	  -5.1503906e+01	   2.6291948e+01	
   8.0000000e+00	   4.7547158e+01	   2.8343532e+01	   9.7075195e+01	   2.5333123e+01	
   8.5000000e+00	   4.7351658e+01	   3.3568177e+01	  -1.2443115e+02	   1.4665246e+01	
   9.0000000e+00	   4.9062284e+01	   3.7571264e+01	   2.2961426e+01	  -3.2189027e+00	
   9.5000000e+00	   4.8964534e+01	   4.0700204e+01	   1.7703369e+02	   2.5006410e+01	
   1.0000000e+01	   4.8368259e+01	   4.2878619e+01	  -4.7416992e+01	   3.5890548e+01	
