   0.0000000e+00	   5.0000000e+00	   7.8351467e-01	   1.6229004e+02	
   1.0000000e-02	   5.0000000e+00	   1.3602402e+00	   1.6341064e+02	
   2.0000000e-02	   5.0000000e+00	   5.9778950e-01	   1.6734375e+02	
   3.0000000e-02	   5.0000000e+00	   1.1256400e+00	   1.6686035e+02	
   4.0000000e-02	   5.0000000e+00	   1.3895652e+00	   1.6725586e+02	
   5.0000000e-02	   5.0000000e+00	   3.5498422e+00	   1.6681641e+02	
   6.0000000e-02	   5.0000000e+00	   4.0874677e+00	   1.6565186e+02	
   7.0000000e-02	   5.0000000e+00	   4.6837433e+00	   1.6385010e+02	
   8.0000000e-02	   5.0000000e+00	   5.9740445e+00	   1.6703613e+02	
   9.0000000e-02	   5.0000000e+00	   6.5996450e+00	   1.6892578e+02	
   1.0000000e-01	   5.0000000e+00	   8.9065472e+00	   1.7178223e+02	
   1.1000000e-01	   5.0000000e+00	   8.0267963e+00	   1.6907959e+02	
   1.2000000e-01	   5.0000000e+00	   9.7471979e+00	   1.6958496e+02	
   1.3000000e-01	   5.0000000e+00	   9.6787729e+00	   1.7072754e+02	
   1.4000000e-01	   5.0000000e+00	   9.2682225e+00	   1.7391357e+02	
   1.5000000e-01	   5.0000000e+00	   1.2288700e+01	   1.7096924e+02	
   1.6000000e-01	   5.0000000e+00	   1.2836101e+01	   1.7597900e+02	
   1.7000000e-01	   5.0000000e+00	   1.3559451e+01	   1.7349609e+02	
   1.8000000e-01	   5.0000000e+00	   1.2083425e+01	   1.7375977e+02	
   1.9000000e-01	   5.0000000e+00	   1.5035478e+01	   1.7171631e+02	
   2.0000000e-01	   5.0000000e+00	   1.5406928e+01	   1.7677002e+02	
   2.1000000e-01	   5.0000000e+00	   1.6149829e+01	   1.7560547e+02	
   2.2000000e-01	   5.0000000e+00	   1.6149829e+01	   1.7753906e+02	
   2.3000000e-01	   5.0000000e+00	   1.8065731e+01	   1.7461670e+02	
   2.4000000e-01	   5.0000000e+00	   1.8192806e+01	   1.7327637e+02	
   2.5000000e-01	   5.0000000e+00	   1.6794979e+01	   1.7789063e+02	
   2.6000000e-01	   5.0000000e+00	   1.8984581e+01	   1.7953857e+02	
   2.7000000e-01	   5.0000000e+00	   1.8437181e+01	   1.7703369e+02	
   2.8000000e-01	   5.0000000e+00	   2.3060760e+01	  -1.4436035e+01	
   2.9000000e-01	   5.0000000e+00	   1.9922982e+01	  -1.0107422e+01	
   3.0000000e-01	   5.0000000e+00	   2.1467434e+01	  -1.2392578e+01	
   3.1000000e-01	   5.0000000e+00	   2.1223059e+01	  -1.8000000e+02	
   3.2000000e-01	   5.0000000e+00	   2.4409711e+01	  -1.8000000e+02	
   3.3000000e-01	   5.0000000e+00	   2.4527012e+01	  -1.7918701e+02	
   3.4000000e-01	   5.0000000e+00	   2.4810487e+01	  -1.8000000e+02	
   3.5000000e-01	   5.0000000e+00	   2.6970764e+01	  -1.8000000e+02	
   3.6000000e-01	   5.0000000e+00	   2.4468362e+01	  -1.8000000e+02	
   3.7000000e-01	   5.0000000e+00	   2.6765489e+01	  -1.8000000e+02	
   3.8000000e-01	   5.0000000e+00	   2.6657964e+01	  -1.7887939e+02	
   3.9000000e-01	   5.0000000e+00	   2.6892564e+01	  -1.7934082e+02	
   4.0000000e-01	   5.0000000e+00	   2.5846638e+01	  -1.7395752e+02	
   4.1000000e-01	   5.0000000e+00	   2.7703889e+01	  -1.7582520e+02	
   4.2000000e-01	   5.0000000e+00	   2.9248341e+01	  -1.7149658e+02	
   4.3000000e-01	   5.0000000e+00	   2.9326541e+01	  -1.6892578e+02	
   4.4000000e-01	   5.0000000e+00	   3.0069442e+01	  -1.7017822e+02	
   4.5000000e-01	   5.0000000e+00	   2.9785966e+01	  -1.6820068e+02	
   4.6000000e-01	   5.0000000e+00	   2.8544540e+01	  -1.6385010e+02	
   4.7000000e-01	   5.0000000e+00	   3.0577742e+01	  -1.6653076e+02	
   4.8000000e-01	   5.0000000e+00	   3.0049892e+01	  -1.6064209e+02	
   4.9000000e-01	   5.0000000e+00	   3.0284492e+01	  -1.5899414e+02	
   5.0000000e-01	   5.0000000e+00	   3.1242443e+01	  -1.5697266e+02	
   5.1000000e-01	   5.0000000e+00	   3.3060594e+01	  -1.5290771e+02	
   5.2000000e-01	   5.0000000e+00	   3.2738019e+01	  -1.5290771e+02	
   5.3000000e-01	   5.0000000e+00	   3.2835769e+01	  -1.4855713e+02	
   5.4000000e-01	   5.0000000e+00	   3.4624596e+01	  -1.4748047e+02	
   5.5000000e-01	   5.0000000e+00	   3.4126070e+01	  -1.4321777e+02	
   5.6000000e-01	   5.0000000e+00	   3.4683246e+01	  -1.4649170e+02	
   5.7000000e-01	   5.0000000e+00	   3.4262921e+01	  -1.4029541e+02	
   5.8000000e-01	   5.0000000e+00	   3.4536621e+01	  -1.3858154e+02	
   5.9000000e-01	   5.0000000e+00	   3.5201321e+01	  -1.3508789e+02	
   6.0000000e-01	   5.0000000e+00	   3.5533672e+01	  -1.3403320e+02	
   6.1000000e-01	   5.0000000e+00	   3.4673471e+01	  -1.3012207e+02	
   6.2000000e-01	   5.0000000e+00	   3.6305897e+01	  -1.2977051e+02	
   6.3000000e-01	   5.0000000e+00	   3.5650972e+01	  -1.2770508e+02	
   6.4000000e-01	   5.0000000e+00	   3.7126998e+01	  -1.2377197e+02	
   6.5000000e-01	   5.0000000e+00	   3.6648023e+01	  -1.2306885e+02	
   6.6000000e-01	   5.0000000e+00	   3.7263848e+01	  -1.2073975e+02	
   6.7000000e-01	   5.0000000e+00	   3.7801474e+01	  -1.1533447e+02	
   6.8000000e-01	   5.0000000e+00	   3.9189525e+01	  -1.1434570e+02	
   6.9000000e-01	   5.0000000e+00	   3.8045849e+01	  -1.1267578e+02	
   7.0000000e-01	   5.0000000e+00	   3.7645074e+01	  -1.1001709e+02	
   7.1000000e-01	   5.0000000e+00	   4.0255001e+01	  -1.0876465e+02	
   7.2000000e-01	   5.0000000e+00	   3.9776026e+01	  -1.0458984e+02	
   7.3000000e-01	   5.0000000e+00	   3.9277500e+01	  -1.0250244e+02	
   7.4000000e-01	   5.0000000e+00	   4.0587351e+01	  -9.9470215e+01	
   7.5000000e-01	   5.0000000e+00	   4.0548251e+01	  -9.8547363e+01	
   7.6000000e-01	   5.0000000e+00	   3.9854226e+01	  -9.5141602e+01	
   7.7000000e-01	   5.0000000e+00	   4.0812177e+01	  -9.3054199e+01	
   7.8000000e-01	   5.0000000e+00	   4.1789677e+01	  -9.0087891e+01	
   7.9000000e-01	   5.0000000e+00	   4.1955853e+01	  -8.7846680e+01	
   8.0000000e-01	   5.0000000e+00	   4.2346853e+01	  -8.6044922e+01	
   8.1000000e-01	   5.0000000e+00	   4.2014503e+01	  -8.3430176e+01	
   8.2000000e-01	   5.0000000e+00	   4.2366403e+01	  -8.0815430e+01	
   8.3000000e-01	   5.0000000e+00	   4.1535527e+01	  -7.6157227e+01	
   8.4000000e-01	   5.0000000e+00	   4.3725129e+01	  -7.5300293e+01	
   8.5000000e-01	   5.0000000e+00	   4.1906978e+01	  -7.2619629e+01	
   8.6000000e-01	   5.0000000e+00	   4.0792627e+01	  -7.1015625e+01	
   8.7000000e-01	   5.0000000e+00	   4.3422104e+01	  -6.7500000e+01	
   8.8000000e-01	   5.0000000e+00	   4.3070204e+01	  -6.5786133e+01	
   8.9000000e-01	   5.0000000e+00	   4.4272530e+01	  -6.1984863e+01	
   9.0000000e-01	   5.0000000e+00	   4.3656704e+01	  -5.7810059e+01	
   9.1000000e-01	   5.0000000e+00	   4.2346853e+01	  -5.8469238e+01	
   9.2000000e-01	   5.0000000e+00	   4.4174780e+01	  -5.5656738e+01	
   9.3000000e-01	   5.0000000e+00	   4.3255929e+01	  -5.1086426e+01	
   9.4000000e-01	   5.0000000e+00	   4.4526680e+01	  -5.0668945e+01	
   9.5000000e-01	   5.0000000e+00	   4.3119079e+01	  -4.5329590e+01	
   9.6000000e-01	   5.0000000e+00	   4.3275479e+01	  -4.4406738e+01	
   9.7000000e-01	   5.0000000e+00	   4.4125905e+01	  -4.2802734e+01	
   9.8000000e-01	   5.0000000e+00	   4.4868805e+01	  -4.0100098e+01	
   9.9000000e-01	   5.0000000e+00	   4.3539404e+01	  -3.5727539e+01	
   1.0000000e+00	   5.0000000e+00	   4.3783779e+01	  -3.5683594e+01	
   1.0100000e+00	   5.0000000e+00	   4.4956780e+01	  -3.0432129e+01	
   1.0200000e+00	   5.0000000e+00	   4.5983156e+01	  -2.9003906e+01	
   1.0300000e+00	   5.0000000e+00	   4.4595105e+01	  -2.4433594e+01	
   1.0400000e+00	   5.0000000e+00	   4.3989054e+01	  -2.2587891e+01	
   1.0500000e+00	   5.0000000e+00	   4.6178657e+01	  -2.0039063e+01	
   1.0600000e+00	   5.0000000e+00	   4.6129781e+01	  -1.8786621e+01	
   1.0700000e+00	   5.0000000e+00	   4.6022256e+01	  -1.4392090e+01	
   1.0800000e+00	   5.0000000e+00	   4.5944056e+01	  -1.0261230e+01	
   1.0900000e+00	   5.0000000e+00	   4.6608757e+01	  -8.1738281e+00	
   1.1000000e+00	   5.0000000e+00	   4.5738781e+01	  -7.6025391e+00	
   1.1100000e+00	   5.0000000e+00	   4.6862907e+01	  -2.3510742e+00	
   1.1200000e+00	   5.0000000e+00	   4.4624430e+01	  -1.0546875e+00	
   1.1300000e+00	   5.0000000e+00	   4.6217757e+01	   3.5815430e+00	
   1.1400000e+00	   5.0000000e+00	   4.4213880e+01	   3.9550781e+00	
   1.1500000e+00	   5.0000000e+00	   4.5357556e+01	   7.2070313e+00	
   1.1600000e+00	   5.0000000e+00	   4.6755382e+01	   1.1403809e+01	
   1.1700000e+00	   5.0000000e+00	   4.7380983e+01	   1.3996582e+01	
   1.1800000e+00	   5.0000000e+00	   4.5895181e+01	   1.7709961e+01	
   1.1900000e+00	   5.0000000e+00	   4.4722180e+01	   1.9160156e+01	
   1.2000000e+00	   5.0000000e+00	   4.6354607e+01	   2.0478516e+01	
   1.2100000e+00	   5.0000000e+00	   4.6862907e+01	   2.5927734e+01	
   1.2200000e+00	   5.0000000e+00	   4.6520782e+01	   2.8278809e+01	
   1.2300000e+00	   5.0000000e+00	   4.6325282e+01	   3.1816406e+01	
   1.2400000e+00	   5.0000000e+00	   4.7019307e+01	   3.4189453e+01	
   1.2500000e+00	   5.0000000e+00	   4.6462132e+01	   3.8012695e+01	
   1.2600000e+00	   5.0000000e+00	   4.8710384e+01	   4.0122070e+01	
   1.2700000e+00	   5.0000000e+00	   4.7498283e+01	   4.4450684e+01	
   1.2800000e+00	   5.0000000e+00	   4.6022256e+01	   4.5571289e+01	
   1.2900000e+00	   5.0000000e+00	   4.7899058e+01	   4.9240723e+01	
   1.3000000e+00	   5.0000000e+00	   4.6579432e+01	   5.1701660e+01	
   1.3100000e+00	   5.0000000e+00	   4.5465081e+01	   5.6008301e+01	
   1.3200000e+00	   5.0000000e+00	   4.5709456e+01	   5.5480957e+01	
   1.3300000e+00	   5.0000000e+00	   4.5719231e+01	   6.1545410e+01	
   1.3400000e+00	   5.0000000e+00	   4.7263683e+01	   6.5456543e+01	
   1.3500000e+00	   5.0000000e+00	   4.6716282e+01	   6.4907227e+01	
   1.3600000e+00	   5.0000000e+00	   4.7752433e+01	   7.1147461e+01	
   1.3700000e+00	   5.0000000e+00	   4.6403482e+01	   7.3959961e+01	
   1.3800000e+00	   5.0000000e+00	   4.6999757e+01	   7.6706543e+01	
   1.3900000e+00	   5.0000000e+00	   4.7058407e+01	   7.7893066e+01	
   1.4000000e+00	   5.0000000e+00	   4.7947933e+01	   8.1606445e+01	
   1.4100000e+00	   5.0000000e+00	   4.8857009e+01	   8.6330566e+01	
   1.4200000e+00	   5.0000000e+00	   4.7390758e+01	   9.1296387e+01	
   1.4300000e+00	   5.0000000e+00	   4.6774932e+01	   8.9890137e+01	
   1.4400000e+00	   5.0000000e+00	   4.7136607e+01	   9.3361816e+01	
   1.4500000e+00	   5.0000000e+00	   4.7830633e+01	   9.9096680e+01	
   1.4600000e+00	   5.0000000e+00	   4.6364382e+01	   1.0041504e+02	
   1.4700000e+00	   5.0000000e+00	   4.7439633e+01	   1.0118408e+02	
   1.4800000e+00	   5.0000000e+00	   4.5709456e+01	   1.0898438e+02	
   1.4900000e+00	   5.0000000e+00	   4.7019307e+01	   1.0992920e+02	
   1.5000000e+00	   5.0000000e+00	   4.6657632e+01	   1.1416992e+02	
   1.5100000e+00	   5.0000000e+00	   4.7938158e+01	   1.1460938e+02	
   1.5200000e+00	   5.0000000e+00	   4.7038857e+01	   1.2049805e+02	
   1.5300000e+00	   5.0000000e+00	   4.8681059e+01	   1.2269531e+02	
   1.5400000e+00	   5.0000000e+00	   4.6735832e+01	   1.2482666e+02	
   1.5500000e+00	   5.0000000e+00	   4.7341883e+01	   1.2900146e+02	
   1.5600000e+00	   5.0000000e+00	   4.7605808e+01	   1.3122070e+02	
   1.5700000e+00	   5.0000000e+00	   4.8299833e+01	   1.3638428e+02	
   1.5800000e+00	   5.0000000e+00	   4.8211858e+01	   1.3869141e+02	
   1.5900000e+00	   5.0000000e+00	   4.7674233e+01	   1.3886719e+02	
   1.6000000e+00	   5.0000000e+00	   4.9531485e+01	   1.4323975e+02	
   1.6100000e+00	   5.0000000e+00	   4.8690834e+01	   1.4767822e+02	
   1.6200000e+00	   5.0000000e+00	   4.7244132e+01	   1.5321533e+02	
   1.6300000e+00	   5.0000000e+00	   4.6686957e+01	   1.5741211e+02	
   1.6400000e+00	   5.0000000e+00	   4.8729934e+01	   1.5554443e+02	
   1.6500000e+00	   5.0000000e+00	   4.8534434e+01	   1.5734619e+02	
   1.6600000e+00	   5.0000000e+00	   4.8524659e+01	   1.6180664e+02	
   1.6700000e+00	   5.0000000e+00	   4.8035908e+01	   1.6773926e+02	
   1.6800000e+00	   5.0000000e+00	   4.7771983e+01	   1.7103516e+02	
   1.6900000e+00	   5.0000000e+00	   4.7556933e+01	   1.7492432e+02	
   1.7000000e+00	   5.0000000e+00	   4.7781758e+01	   1.7507813e+02	
   1.7100000e+00	   5.0000000e+00	   4.8290058e+01	   1.7477051e+02	
   1.7200000e+00	   5.0000000e+00	   4.8446459e+01	   1.7547363e+02	
   1.7300000e+00	   5.0000000e+00	   4.8319383e+01	  -1.2963867e+01	
   1.7400000e+00	   5.0000000e+00	   4.7478733e+01	  -1.1733398e+01	
   1.7500000e+00	   5.0000000e+00	   4.7967483e+01	  -1.8000000e+02	
   1.7600000e+00	   5.0000000e+00	   4.7322333e+01	  -1.8000000e+02	
   1.7700000e+00	   5.0000000e+00	   4.8993859e+01	  -1.8000000e+02	
   1.7800000e+00	   5.0000000e+00	   4.7938158e+01	  -1.8000000e+02	
   1.7900000e+00	   5.0000000e+00	   5.0313485e+01	  -1.7617676e+02	
   1.8000000e+00	   5.0000000e+00	   4.8847234e+01	  -1.7303467e+02	
   1.8100000e+00	   5.0000000e+00	   4.9463060e+01	  -1.7255127e+02	
   1.8200000e+00	   5.0000000e+00	   4.8612634e+01	  -1.6940918e+02	
   1.8300000e+00	   5.0000000e+00	   4.8153208e+01	  -1.6323486e+02	
   1.8400000e+00	   5.0000000e+00	   4.6726057e+01	  -1.5969727e+02	
   1.8500000e+00	   5.0000000e+00	   4.7674233e+01	  -1.5510498e+02	
   1.8600000e+00	   5.0000000e+00	   4.8231408e+01	  -1.5558838e+02	
   1.8700000e+00	   5.0000000e+00	   4.9335984e+01	  -1.5040283e+02	
   1.8800000e+00	   5.0000000e+00	   4.6706507e+01	  -1.4833740e+02	
   1.8900000e+00	   5.0000000e+00	   4.6569657e+01	  -1.4635986e+02	
   1.9000000e+00	   5.0000000e+00	   4.7644908e+01	  -1.4154785e+02	
   1.9100000e+00	   5.0000000e+00	   4.9883385e+01	  -1.4066895e+02	
   1.9200000e+00	   5.0000000e+00	   4.7439633e+01	  -1.3886719e+02	
   1.9300000e+00	   5.0000000e+00	   4.7244132e+01	  -1.3592285e+02	
   1.9400000e+00	   5.0000000e+00	   4.9453285e+01	  -1.2988037e+02	
   1.9500000e+00	   5.0000000e+00	   4.9120934e+01	  -1.2922119e+02	
   1.9600000e+00	   5.0000000e+00	   4.8290058e+01	  -1.2570557e+02	
   1.9700000e+00	   5.0000000e+00	   4.8954759e+01	  -1.2089355e+02	
   1.9800000e+00	   5.0000000e+00	   4.7468958e+01	  -1.1843262e+02	
   1.9900000e+00	   5.0000000e+00	   4.6188432e+01	  -1.1474121e+02	
   2.0000000e+00	   5.0000000e+00	   4.7566708e+01	  -1.1232422e+02	
   2.0100000e+00	   5.0000000e+00	   4.9023184e+01	  -1.1195068e+02	
   2.0200000e+00	   5.0000000e+00	   4.9091609e+01	  -1.0544678e+02	
   2.0300000e+00	   5.0000000e+00	   4.8905884e+01	  -1.0357910e+02	
   2.0400000e+00	   5.0000000e+00	   4.8827684e+01	  -1.0140381e+02	
   2.0500000e+00	   5.0000000e+00	   4.8485559e+01	  -9.7185059e+01	
   2.0600000e+00	   5.0000000e+00	   4.8133658e+01	  -9.4328613e+01	
   2.0700000e+00	   5.0000000e+00	   4.6950882e+01	  -9.1120605e+01	
   2.0800000e+00	   5.0000000e+00	   4.8778809e+01	  -8.9187012e+01	
   2.0900000e+00	   5.0000000e+00	   4.8153208e+01	  -8.6352539e+01	
   2.1000000e+00	   5.0000000e+00	   4.9902935e+01	  -8.3144531e+01	
   2.1100000e+00	   5.0000000e+00	   4.8925434e+01	  -8.0683594e+01	
   2.1200000e+00	   5.0000000e+00	   4.9404409e+01	  -7.7651367e+01	
   2.1300000e+00	   5.0000000e+00	   4.8378034e+01	  -7.5080566e+01	
   2.1400000e+00	   5.0000000e+00	   4.9287109e+01	  -7.2158203e+01	
   2.1500000e+00	   5.0000000e+00	   4.9648785e+01	  -6.9851074e+01	
   2.1600000e+00	   5.0000000e+00	   4.8739709e+01	  -6.6730957e+01	
   2.1700000e+00	   5.0000000e+00	   4.8622409e+01	  -6.3720703e+01	
   2.1800000e+00	   5.0000000e+00	   4.7596033e+01	  -5.8974609e+01	
   2.1900000e+00	   5.0000000e+00	   4.8309608e+01	  -5.5041504e+01	
   2.2000000e+00	   5.0000000e+00	   5.0479660e+01	  -5.4865723e+01	
   2.2100000e+00	   5.0000000e+00	   4.9032959e+01	  -5.2778320e+01	
   2.2200000e+00	   5.0000000e+00	   4.8837459e+01	  -4.7570801e+01	
   2.2300000e+00	   5.0000000e+00	   4.8720159e+01	  -4.4208984e+01	
   2.2400000e+00	   5.0000000e+00	   4.9306659e+01	  -3.9638672e+01	
   2.2500000e+00	   5.0000000e+00	   4.9502160e+01	  -3.9858398e+01	
   2.2600000e+00	   5.0000000e+00	   4.7058407e+01	  -3.6650391e+01	
   2.2700000e+00	   5.0000000e+00	   4.9189359e+01	  -3.2475586e+01	
   2.2800000e+00	   5.0000000e+00	   4.8348709e+01	  -2.7641602e+01	
   2.2900000e+00	   5.0000000e+00	   4.8143433e+01	  -2.7553711e+01	
   2.3000000e+00	   5.0000000e+00	   4.8553984e+01	  -2.4169922e+01	
   2.3100000e+00	   5.0000000e+00	   4.8485559e+01	  -2.0456543e+01	
   2.3200000e+00	   5.0000000e+00	   4.8260733e+01	  -1.7468262e+01	
   2.3300000e+00	   5.0000000e+00	   5.0743586e+01	  -1.7006836e+01	
   2.3400000e+00	   5.0000000e+00	   4.8915659e+01	  -1.3601074e+01	
   2.3500000e+00	   5.0000000e+00	   4.8368259e+01	  -1.0151367e+01	
   2.3600000e+00	   5.0000000e+00	   4.8055458e+01	  -6.9873047e+00	
   2.3700000e+00	   5.0000000e+00	   4.7859958e+01	  -3.0541992e+00	
   2.3800000e+00	   5.0000000e+00	   5.0030010e+01	  -2.0654297e+00	
   2.3900000e+00	   5.0000000e+00	   4.7918608e+01	   7.9101563e-01	
   2.4000000e+00	   5.0000000e+00	   4.8925434e+01	   5.6250000e+00	
   2.4100000e+00	   5.0000000e+00	   4.9355534e+01	   5.4052734e+00	
   2.4200000e+00	   5.0000000e+00	   5.0616511e+01	   1.2941895e+01	
   2.4300000e+00	   5.0000000e+00	   4.8378034e+01	   1.4084473e+01	
   2.4400000e+00	   5.0000000e+00	   4.9238234e+01	   1.8720703e+01	
   2.4500000e+00	   5.0000000e+00	   4.7938158e+01	   2.1203613e+01	
   2.4600000e+00	   5.0000000e+00	   4.8426909e+01	   2.2763672e+01	
   2.4700000e+00	   5.0000000e+00	   4.8993859e+01	   2.7619629e+01	
   2.4800000e+00	   5.0000000e+00	   4.9179584e+01	   2.6608887e+01	
   2.4900000e+00	   5.0000000e+00	   5.0147310e+01	   3.2343750e+01	
   2.5000000e+00	   5.0000000e+00	   4.8944984e+01	   3.6298828e+01	
   2.5100000e+00	   5.0000000e+00	   4.9003634e+01	   3.4365234e+01	
   2.5200000e+00	   5.0000000e+00	   4.8045683e+01	   4.2297363e+01	
   2.5300000e+00	   5.0000000e+00	   4.9081834e+01	   4.5395508e+01	
   2.5400000e+00	   5.0000000e+00	   4.8876559e+01	   4.7021484e+01	
   2.5500000e+00	   5.0000000e+00	   4.7674233e+01	   4.9636230e+01	
   2.5600000e+00	   5.0000000e+00	   4.7723108e+01	   5.6953125e+01	
   2.5700000e+00	   5.0000000e+00	   4.8729934e+01	   5.9018555e+01	
   2.5800000e+00	   5.0000000e+00	   4.9150259e+01	   6.2116699e+01	
   2.5900000e+00	   5.0000000e+00	   4.8417134e+01	   6.5017090e+01	
   2.6000000e+00	   5.0000000e+00	   4.8094558e+01	   6.9323730e+01	
   2.6100000e+00	   5.0000000e+00	   4.8338934e+01	   7.3740234e+01	
   2.6200000e+00	   5.0000000e+00	   4.8944984e+01	   7.2861328e+01	
   2.6300000e+00	   5.0000000e+00	   4.8221633e+01	   7.5871582e+01	
   2.6400000e+00	   5.0000000e+00	   4.7273458e+01	   8.1079102e+01	
   2.6500000e+00	   5.0000000e+00	   4.9433735e+01	   8.1518555e+01	
   2.6600000e+00	   5.0000000e+00	   4.9443510e+01	   8.4924316e+01	
   2.6700000e+00	   5.0000000e+00	   4.8084783e+01	   8.8198242e+01	
   2.6800000e+00	   5.0000000e+00	   4.8935209e+01	   9.2175293e+01	
   2.6900000e+00	   5.0000000e+00	   4.8221633e+01	   9.3691406e+01	
   2.7000000e+00	   5.0000000e+00	   4.9062284e+01	   9.5449219e+01	
   2.7100000e+00	   5.0000000e+00	   4.8026133e+01	   9.9096680e+01	
   2.7200000e+00	   5.0000000e+00	   4.7889283e+01	   1.0294189e+02	
   2.7300000e+00	   5.0000000e+00	   4.9423960e+01	   1.0584229e+02	
   2.7400000e+00	   5.0000000e+00	   4.7703558e+01	   1.1395020e+02	
   2.7500000e+00	   5.0000000e+00	   4.7097507e+01	   1.1307129e+02	
   2.7600000e+00	   5.0000000e+00	   4.7693783e+01	   1.1667480e+02	
   2.7700000e+00	   5.0000000e+00	   4.7586258e+01	   1.1946533e+02	
   2.7800000e+00	   5.0000000e+00	   4.7879508e+01	   1.2456299e+02	
   2.7900000e+00	   5.0000000e+00	   4.6540332e+01	   1.2711182e+02	
   2.8000000e+00	   5.0000000e+00	   4.8192308e+01	   1.3113281e+02	
   2.8100000e+00	   5.0000000e+00	   4.7684008e+01	   1.3225342e+02	
   2.8200000e+00	   5.0000000e+00	   4.8114108e+01	   1.3645020e+02	
   2.8300000e+00	   5.0000000e+00	   4.8319383e+01	   1.4020752e+02	
   2.8400000e+00	   5.0000000e+00	   4.7156157e+01	   1.4385498e+02	
   2.8500000e+00	   5.0000000e+00	   4.7547158e+01	   1.4501953e+02	
   2.8600000e+00	   5.0000000e+00	   4.7791533e+01	   1.5365479e+02	
   2.8700000e+00	   5.0000000e+00	   4.7361433e+01	   1.5440186e+02	
   2.8800000e+00	   5.0000000e+00	   4.7586258e+01	   1.5547852e+02	
   2.8900000e+00	   5.0000000e+00	   4.8153208e+01	   1.5495117e+02	
   2.9000000e+00	   5.0000000e+00	   4.7987033e+01	   1.6044434e+02	
   2.9100000e+00	   5.0000000e+00	   4.8925434e+01	   1.6360840e+02	
   2.9200000e+00	   5.0000000e+00	   4.8407359e+01	   1.6980469e+02	
   2.9300000e+00	   5.0000000e+00	   4.9873610e+01	   1.6899170e+02	
   2.9400000e+00	   5.0000000e+00	   4.8544209e+01	   1.7085938e+02	
   2.9500000e+00	   5.0000000e+00	   4.9551035e+01	   1.7668213e+02	
   2.9600000e+00	   5.0000000e+00	   4.7556933e+01	   1.7571533e+02	
   2.9700000e+00	   5.0000000e+00	   4.9463060e+01	   1.7580322e+02	
   2.9800000e+00	   5.0000000e+00	   4.8153208e+01	  -9.9755859e+00	
   2.9900000e+00	   5.0000000e+00	   4.8593084e+01	  -1.1513672e+01	
   3.0000000e+00	   5.0000000e+00	   4.7703558e+01	  -1.8000000e+02	
   3.0100000e+00	   5.0000000e+00	   4.9394634e+01	  -1.8000000e+02	
   3.0200000e+00	   5.0000000e+00	   5.0596961e+01	  -1.8000000e+02	
   3.0300000e+00	   5.0000000e+00	   4.9687885e+01	  -1.7962646e+02	
   3.0400000e+00	   5.0000000e+00	   4.8485559e+01	  -1.7725342e+02	
   3.0500000e+00	   5.0000000e+00	   4.7996808e+01	  -1.7540771e+02	
   3.0600000e+00	   5.0000000e+00	   4.9922485e+01	  -1.7079346e+02	
   3.0700000e+00	   5.0000000e+00	   4.8553984e+01	  -1.6712402e+02	
   3.0800000e+00	   5.0000000e+00	   4.6579432e+01	  -1.6385010e+02	
   3.0900000e+00	   5.0000000e+00	   4.7087732e+01	  -1.6218018e+02	
   3.1000000e+00	   5.0000000e+00	   4.9961585e+01	  -1.5848877e+02	
   3.1100000e+00	   5.0000000e+00	   4.9570585e+01	  -1.5345703e+02	
   3.1200000e+00	   5.0000000e+00	   4.8857009e+01	  -1.5084229e+02	
   3.1300000e+00	   5.0000000e+00	   4.9472835e+01	  -1.4912842e+02	
   3.1400000e+00	   5.0000000e+00	   4.8417134e+01	  -1.4411865e+02	
   3.1500000e+00	   5.0000000e+00	   4.8651734e+01	  -1.4071289e+02	
   3.1600000e+00	   5.0000000e+00	   4.8896109e+01	  -1.3798828e+02	
   3.1700000e+00	   5.0000000e+00	   4.8045683e+01	  -1.3614258e+02	
   3.1800000e+00	   5.0000000e+00	   4.8661509e+01	  -1.3190186e+02	
   3.1900000e+00	   5.0000000e+00	   4.7214807e+01	  -1.2999023e+02	
   3.2000000e+00	   5.0000000e+00	   4.7214807e+01	  -1.2777100e+02	
   3.2100000e+00	   5.0000000e+00	   4.6295957e+01	  -1.2313477e+02	
   3.2200000e+00	   5.0000000e+00	   4.9472835e+01	  -1.1997070e+02	
   3.2300000e+00	   5.0000000e+00	   4.8426909e+01	  -1.1783936e+02	
   3.2400000e+00	   5.0000000e+00	   4.8534434e+01	  -1.1438965e+02	
   3.2500000e+00	   5.0000000e+00	   4.8084783e+01	  -1.1137939e+02	
   3.2600000e+00	   5.0000000e+00	   4.9883385e+01	  -1.1017090e+02	
   3.2700000e+00	   5.0000000e+00	   4.6579432e+01	  -1.0582031e+02	
   3.2800000e+00	   5.0000000e+00	   4.8798359e+01	  -1.0294189e+02	
   3.2900000e+00	   5.0000000e+00	   4.9111159e+01	  -9.8525391e+01	
   3.3000000e+00	   5.0000000e+00	   4.8563759e+01	  -9.6459961e+01	
   3.3100000e+00	   5.0000000e+00	   4.9687885e+01	  -9.4702148e+01	
   3.3200000e+00	   5.0000000e+00	   4.8553984e+01	  -9.0878906e+01	
   3.3300000e+00	   5.0000000e+00	   4.9375084e+01	  -8.7934570e+01	
   3.3400000e+00	   5.0000000e+00	   4.8788584e+01	  -8.5473633e+01	
   3.3500000e+00	   5.0000000e+00	   4.8505109e+01	  -8.3430176e+01	
   3.3600000e+00	   5.0000000e+00	   4.6833582e+01	  -7.9211426e+01	
   3.3700000e+00	   5.0000000e+00	   4.8280283e+01	  -7.6574707e+01	
   3.3800000e+00	   5.0000000e+00	   4.7332108e+01	  -7.3784180e+01	
   3.3900000e+00	   5.0000000e+00	   4.7899058e+01	  -7.0466309e+01	
   3.4000000e+00	   5.0000000e+00	   4.8808134e+01	  -6.8071289e+01	
   3.4100000e+00	   5.0000000e+00	   4.7449408e+01	  -6.6203613e+01	
   3.4200000e+00	   5.0000000e+00	   4.8847234e+01	  -6.1589355e+01	
   3.4300000e+00	   5.0000000e+00	   4.7987033e+01	  -5.9677734e+01	
   3.4400000e+00	   5.0000000e+00	   4.6540332e+01	  -5.7216797e+01	
   3.4500000e+00	   5.0000000e+00	   5.0196185e+01	  -5.2602539e+01	
   3.4600000e+00	   5.0000000e+00	   4.7341883e+01	  -4.9899902e+01	
   3.4700000e+00	   5.0000000e+00	   4.7869733e+01	  -4.7724609e+01	
   3.4800000e+00	   5.0000000e+00	   4.8710384e+01	  -4.5285645e+01	
   3.4900000e+00	   5.0000000e+00	   4.8720159e+01	  -4.0847168e+01	
   3.5000000e+00	   5.0000000e+00	   4.8944984e+01	  -3.9572754e+01	
   3.5100000e+00	   5.0000000e+00	   4.7302783e+01	  -3.6936035e+01	
   3.5200000e+00	   5.0000000e+00	   4.8974309e+01	  -2.9619141e+01	
   3.5300000e+00	   5.0000000e+00	   4.9316434e+01	  -2.8410645e+01	
   3.5400000e+00	   5.0000000e+00	   5.0078885e+01	  -2.7290039e+01	
   3.5500000e+00	   5.0000000e+00	   4.8573534e+01	  -2.2719727e+01	
   3.5600000e+00	   5.0000000e+00	   4.9668335e+01	  -2.2302246e+01	
   3.5700000e+00	   5.0000000e+00	   4.8622409e+01	  -1.9182129e+01	
   3.5800000e+00	   5.0000000e+00	   4.9238234e+01	  -1.7116699e+01	
   3.5900000e+00	   5.0000000e+00	   4.9296884e+01	  -1.2019043e+01	
   3.6000000e+00	   5.0000000e+00	   4.9052509e+01	  -8.7231445e+00	
   3.6100000e+00	   5.0000000e+00	   4.9658560e+01	  -7.0092773e+00	
   3.6200000e+00	   5.0000000e+00	   5.0137535e+01	  -3.2080078e+00	
   3.6300000e+00	   5.0000000e+00	   4.7234357e+01	   1.3183594e-01	
   3.6400000e+00	   5.0000000e+00	   4.9883385e+01	   2.1972656e+00	
   3.6500000e+00	   5.0000000e+00	   4.9335984e+01	   2.3510742e+00	
   3.6600000e+00	   5.0000000e+00	   4.7547158e+01	   7.5146484e+00	
   3.6700000e+00	   5.0000000e+00	   4.9736760e+01	   1.1206055e+01	
   3.6800000e+00	   5.0000000e+00	   4.9560810e+01	   1.5161133e+01	
   3.6900000e+00	   5.0000000e+00	   4.8172758e+01	   1.9226074e+01	
   3.7000000e+00	   5.0000000e+00	   4.8446459e+01	   2.2675781e+01	
   3.7100000e+00	   5.0000000e+00	   4.9160034e+01	   2.6894531e+01	
   3.7200000e+00	   5.0000000e+00	   4.8524659e+01	   2.7531738e+01	
   3.7300000e+00	   5.0000000e+00	   4.8094558e+01	   2.7224121e+01	
   3.7400000e+00	   5.0000000e+00	   4.9599910e+01	   3.2255859e+01	
   3.7500000e+00	   5.0000000e+00	   4.8544209e+01	   4.0539551e+01	
   3.7600000e+00	   5.0000000e+00	   4.6999757e+01	   4.0715332e+01	
   3.7700000e+00	   5.0000000e+00	   4.8886334e+01	   4.4406738e+01	
   3.7800000e+00	   5.0000000e+00	   4.8387809e+01	   4.8999023e+01	
   3.7900000e+00	   5.0000000e+00	   4.9511935e+01	   4.7043457e+01	
   3.8000000e+00	   5.0000000e+00	   4.8974309e+01	   5.1767578e+01	
   3.8100000e+00	   5.0000000e+00	   4.8133658e+01	   5.0295410e+01	
   3.8200000e+00	   5.0000000e+00	   4.9238234e+01	   5.6843262e+01	
   3.8300000e+00	   5.0000000e+00	   4.9551035e+01	   6.0380859e+01	
   3.8400000e+00	   5.0000000e+00	   4.8563759e+01	   6.6445313e+01	
   3.8500000e+00	   5.0000000e+00	   4.9726985e+01	   6.8093262e+01	
   3.8600000e+00	   5.0000000e+00	   4.8857009e+01	   7.4772949e+01	
   3.8700000e+00	   5.0000000e+00	   4.9384859e+01	   7.2861328e+01	
   3.8800000e+00	   5.0000000e+00	   4.8475784e+01	   7.8728027e+01	
   3.8900000e+00	   5.0000000e+00	   5.0753361e+01	   7.9123535e+01	
   3.9000000e+00	   5.0000000e+00	   4.8759259e+01	   8.2551270e+01	
   3.9100000e+00	   5.0000000e+00	   4.8847234e+01	   8.7626953e+01	
   3.9200000e+00	   5.0000000e+00	   4.6794482e+01	   9.1186523e+01	
   3.9300000e+00	   5.0000000e+00	   4.8055458e+01	   9.3098145e+01	
   3.9400000e+00	   5.0000000e+00	   5.0782686e+01	   9.8591309e+01	
   3.9500000e+00	   5.0000000e+00	   4.9316434e+01	   1.0059082e+02	
   3.9600000e+00	   5.0000000e+00	   4.7517833e+01	   1.0432617e+02	
   3.9700000e+00	   5.0000000e+00	   4.8749484e+01	   1.0775391e+02	
   3.9800000e+00	   5.0000000e+00	   4.7928383e+01	   1.0992920e+02	
   3.9900000e+00	   5.0000000e+00	   4.8202083e+01	   1.1214844e+02	
   4.0000000e+00	   5.0000000e+00	   4.9687885e+01	   1.1601563e+02	
   4.0100000e+00	   5.0000000e+00	   4.9893160e+01	   1.1885010e+02	
   4.0200000e+00	   5.0000000e+00	   5.0333035e+01	   1.2003662e+02	
   4.0300000e+00	   5.0000000e+00	   4.8202083e+01	   1.2454102e+02	
   4.0400000e+00	   5.0000000e+00	   4.9238234e+01	   1.2730957e+02	
   4.0500000e+00	   5.0000000e+00	   4.8925434e+01	   1.3502197e+02	
   4.0600000e+00	   5.0000000e+00	   4.8798359e+01	   1.3462646e+02	
   4.0700000e+00	   5.0000000e+00	   4.7684008e+01	   1.3456055e+02	
   4.0800000e+00	   5.0000000e+00	   4.7693783e+01	   1.4159180e+02	
   4.0900000e+00	   5.0000000e+00	   4.8426909e+01	   1.4403076e+02	
   4.1000000e+00	   5.0000000e+00	   4.8397584e+01	   1.4468994e+02	
   4.1100000e+00	   5.0000000e+00	   4.9443510e+01	   1.5066650e+02	
   4.1200000e+00	   5.0000000e+00	   4.7205032e+01	   1.5501709e+02	
   4.1300000e+00	   5.0000000e+00	   4.8876559e+01	   1.5411621e+02	
   4.1400000e+00	   5.0000000e+00	   4.8397584e+01	   1.5875244e+02	
   4.1500000e+00	   5.0000000e+00	   4.6980207e+01	   1.6611328e+02	
   4.1600000e+00	   5.0000000e+00	   4.7068182e+01	   1.6721191e+02	
   4.1700000e+00	   5.0000000e+00	   5.0479660e+01	   1.6960693e+02	
   4.1800000e+00	   5.0000000e+00	   4.9140484e+01	   1.7052979e+02	
   4.1900000e+00	   5.0000000e+00	   4.9120934e+01	   1.7701172e+02	
   4.2000000e+00	   5.0000000e+00	   4.8505109e+01	   1.7424316e+02	
   4.2100000e+00	   5.0000000e+00	   4.7107282e+01	   1.7830811e+02	
   4.2200000e+00	   5.0000000e+00	   4.7410308e+01	   1.7569336e+02	
   4.2300000e+00	   5.0000000e+00	   4.9296884e+01	  -1.2832031e+01	
   4.2400000e+00	   5.0000000e+00	   4.8417134e+01	  -1.8000000e+02	
   4.2500000e+00	   5.0000000e+00	   4.7449408e+01	  -1.8000000e+02	
   4.2600000e+00	   5.0000000e+00	   4.8260733e+01	  -1.8000000e+02	
   4.2700000e+00	   5.0000000e+00	   4.9443510e+01	  -1.7934082e+02	
   4.2800000e+00	   5.0000000e+00	   4.8250958e+01	  -1.7760498e+02	
   4.2900000e+00	   5.0000000e+00	   4.8544209e+01	  -1.7107910e+02	
   4.3000000e+00	   5.0000000e+00	   4.9081834e+01	  -1.7156250e+02	
   4.3100000e+00	   5.0000000e+00	   4.9277334e+01	  -1.6773926e+02	
   4.3200000e+00	   5.0000000e+00	   4.8935209e+01	  -1.6477295e+02	
   4.3300000e+00	   5.0000000e+00	   4.8309608e+01	  -1.5888428e+02	
   4.3400000e+00	   5.0000000e+00	   4.8202083e+01	  -1.5589600e+02	
   4.3500000e+00	   5.0000000e+00	   4.9521710e+01	  -1.5442383e+02	
   4.3600000e+00	   5.0000000e+00	   4.7146382e+01	  -1.5297363e+02	
   4.3700000e+00	   5.0000000e+00	   4.8759259e+01	  -1.4657959e+02	
   4.3800000e+00	   5.0000000e+00	   4.9502160e+01	  -1.4433838e+02	
   4.3900000e+00	   5.0000000e+00	   4.8446459e+01	  -1.4319580e+02	
   4.4000000e+00	   5.0000000e+00	   4.9775860e+01	  -1.3989990e+02	
   4.4100000e+00	   5.0000000e+00	   4.8006583e+01	  -1.3658203e+02	
   4.4200000e+00	   5.0000000e+00	   4.8749484e+01	  -1.3532959e+02	
   4.4300000e+00	   5.0000000e+00	   4.8456234e+01	  -1.2886963e+02	
   4.4400000e+00	   5.0000000e+00	   4.6726057e+01	  -1.2818848e+02	
   4.4500000e+00	   5.0000000e+00	   4.8368259e+01	  -1.2394775e+02	
   4.4600000e+00	   5.0000000e+00	   4.8632184e+01	  -1.2262939e+02	
   4.4700000e+00	   5.0000000e+00	   4.7312558e+01	  -1.1797119e+02	
   4.4800000e+00	   5.0000000e+00	   4.8192308e+01	  -1.1667480e+02	
   4.4900000e+00	   5.0000000e+00	   4.8280283e+01	  -1.1239014e+02	
   4.5000000e+00	   5.0000000e+00	   4.8436684e+01	  -1.0909424e+02	
   4.5100000e+00	   5.0000000e+00	   4.6686957e+01	  -1.0625977e+02	
   4.5200000e+00	   5.0000000e+00	   4.6657632e+01	  -1.0309570e+02	
   4.5300000e+00	   5.0000000e+00	   5.0000685e+01	  -9.9711914e+01	
   4.5400000e+00	   5.0000000e+00	   4.7664458e+01	  -9.7097168e+01	
   4.5500000e+00	   5.0000000e+00	   4.8641959e+01	  -9.5910645e+01	
   4.5600000e+00	   5.0000000e+00	   4.8162983e+01	  -9.2285156e+01	
   4.5700000e+00	   5.0000000e+00	   4.6765157e+01	  -8.8835449e+01	
   4.5800000e+00	   5.0000000e+00	   4.7488508e+01	  -8.6528320e+01	
   4.5900000e+00	   5.0000000e+00	   4.8837459e+01	  -8.3825684e+01	
   4.6000000e+00	   5.0000000e+00	   4.8280283e+01	  -8.0771484e+01	
   4.6100000e+00	   5.0000000e+00	   4.9619460e+01	  -7.7673340e+01	
   4.6200000e+00	   5.0000000e+00	   4.9423960e+01	  -7.4860840e+01	
   4.6300000e+00	   5.0000000e+00	   4.8123883e+01	  -7.1696777e+01	
   4.6400000e+00	   5.0000000e+00	   4.9433735e+01	  -7.0861816e+01	
   4.6500000e+00	   5.0000000e+00	   4.8123883e+01	  -6.6796875e+01	
   4.6600000e+00	   5.0000000e+00	   4.6364382e+01	  -6.3610840e+01	
   4.6700000e+00	   5.0000000e+00	   4.8847234e+01	  -5.9326172e+01	
   4.6800000e+00	   5.0000000e+00	   4.8094558e+01	  -5.7524414e+01	
   4.6900000e+00	   5.0000000e+00	   4.6853132e+01	  -5.5700684e+01	
   4.7000000e+00	   5.0000000e+00	   4.7771983e+01	  -5.1020508e+01	
   4.7100000e+00	   5.0000000e+00	   4.8368259e+01	  -4.7856445e+01	
   4.7200000e+00	   5.0000000e+00	   4.8729934e+01	  -4.4758301e+01	
   4.7300000e+00	   5.0000000e+00	   4.9658560e+01	  -4.0781250e+01	
   4.7400000e+00	   5.0000000e+00	   4.6080906e+01	  -4.0957031e+01	
   4.7500000e+00	   5.0000000e+00	   4.7684008e+01	  -3.8100586e+01	
   4.7600000e+00	   5.0000000e+00	   4.8270508e+01	  -3.4277344e+01	
   4.7700000e+00	   5.0000000e+00	   4.8466009e+01	  -3.2233887e+01	
   4.7800000e+00	   5.0000000e+00	   4.8114108e+01	  -2.7839355e+01	
   4.7900000e+00	   5.0000000e+00	   4.9042734e+01	  -2.6960449e+01	
   4.8000000e+00	   5.0000000e+00	   4.8123883e+01	  -2.3862305e+01	
   4.8100000e+00	   5.0000000e+00	   4.8436684e+01	  -2.1247559e+01	
   4.8200000e+00	   5.0000000e+00	   4.9580360e+01	  -1.5996094e+01	
   4.8300000e+00	   5.0000000e+00	   4.9169809e+01	  -9.3823242e+00	
   4.8400000e+00	   5.0000000e+00	   4.9492385e+01	  -8.5913086e+00	
   4.8500000e+00	   5.0000000e+00	   4.8065233e+01	  -8.3056641e+00	
   4.8600000e+00	   5.0000000e+00	   4.9238234e+01	  -4.3066406e+00	
   4.8700000e+00	   5.0000000e+00	   4.8915659e+01	  -1.4501953e+00	
   4.8800000e+00	   5.0000000e+00	   4.9238234e+01	   4.3286133e+00	
   4.8900000e+00	   5.0000000e+00	   4.9248009e+01	   6.4160156e+00	
   4.9000000e+00	   5.0000000e+00	   4.6579432e+01	   9.7338867e+00	
   4.9100000e+00	   5.0000000e+00	   4.8729934e+01	   1.1140137e+01	
   4.9200000e+00	   5.0000000e+00	   4.9384859e+01	   1.4392090e+01	
   4.9300000e+00	   5.0000000e+00	   4.7136607e+01	   1.7578125e+01	
   4.9400000e+00	   5.0000000e+00	   4.9824735e+01	   1.8544922e+01	
   4.9500000e+00	   5.0000000e+00	   4.8417134e+01	   2.1247559e+01	
   4.9600000e+00	   5.0000000e+00	   4.7879508e+01	   2.6564941e+01	
   4.9700000e+00	   5.0000000e+00	   4.7879508e+01	   2.5026855e+01	
   4.9800000e+00	   5.0000000e+00	   4.8338934e+01	   2.9707031e+01	
   4.9900000e+00	   5.0000000e+00	   4.8094558e+01	   3.4914551e+01	
   5.0000000e+00	   5.0000000e+00	   4.8231408e+01	   3.9221191e+01	
