   0.0000000e+00	   0.0000000e+00	   1.2858907e-01	   1.4484375e+02	
   1.0000000e-02	   0.0000000e+00	  -6.7296167e-01	   1.4833740e+02	
   2.0000000e-02	   0.0000000e+00	  -4.3836145e-01	   1.4866699e+02	
   3.0000000e-02	   0.0000000e+00	  -6.1431161e-01	   1.4534912e+02	
   4.0000000e-02	   0.0000000e+00	   9.4968983e-01	   1.4873291e+02	
   5.0000000e-02	   0.0000000e+00	   3.3386426e-01	   1.4901855e+02	
   6.0000000e-02	   0.0000000e+00	  -3.1128633e-01	   1.4767822e+02	
   7.0000000e-02	   0.0000000e+00	  -9.8576196e-01	   1.4958984e+02	
   8.0000000e-02	   0.0000000e+00	  -3.2106134e-01	   1.5071045e+02	
   9.0000000e-02	   0.0000000e+00	  -9.8576196e-01	   1.4919434e+02	
   1.0000000e-01	   0.0000000e+00	  -8.4891183e-01	   1.4686523e+02	
   1.1000000e-01	   0.0000000e+00	   2.8498921e-01	   1.4781006e+02	
   1.2000000e-01	   0.0000000e+00	  -3.7971140e-01	   1.5077637e+02	
   1.3000000e-01	   0.0000000e+00	   2.7521421e-01	   1.4871094e+02	
   1.4000000e-01	   0.0000000e+00	  -4.5791147e-01	   1.5007324e+02	
   1.5000000e-01	   0.0000000e+00	  -8.6846185e-01	   1.4844727e+02	
   1.6000000e-01	   0.0000000e+00	  -1.6466120e-01	   1.5062256e+02	
   1.7000000e-01	   0.0000000e+00	   1.5791410e-01	   1.4715088e+02	
   1.8000000e-01	   0.0000000e+00	  -4.3836145e-01	   1.5194092e+02	
   1.9000000e-01	   0.0000000e+00	   3.3386426e-01	   1.4794189e+02	
   2.0000000e-01	   0.0000000e+00	   1.5139534e-03	   1.4954590e+02	
   2.1000000e-01	   0.0000000e+00	   7.9714025e-02	   1.4616211e+02	
   2.2000000e-01	   0.0000000e+00	   3.5341428e-01	   1.4791992e+02	
   2.3000000e-01	   0.0000000e+00	  -3.7971140e-01	   1.4958984e+02	
   2.4000000e-01	   0.0000000e+00	  -3.3083635e-01	   1.4963379e+02	
   2.5000000e-01	   0.0000000e+00	  -2.4286127e-01	   1.4835938e+02	
   2.6000000e-01	   0.0000000e+00	   1.1881406e-01	   1.4802979e+02	
   2.7000000e-01	   0.0000000e+00	  -9.2711190e-01	   1.4983154e+02	
   2.8000000e-01	   0.0000000e+00	  -8.0003679e-01	   1.4835938e+02	
   2.9000000e-01	   0.0000000e+00	  -2.7218630e-01	   1.4611816e+02	
   3.0000000e-01	   0.0000000e+00	  -7.9026178e-01	   1.4877686e+02	
   3.1000000e-01	   0.0000000e+00	  -1.2556116e-01	   1.5200684e+02	
   3.2000000e-01	   0.0000000e+00	  -5.4588655e-01	   1.4807373e+02	
   3.3000000e-01	   0.0000000e+00	  -4.9701151e-01	   1.4871094e+02	
   3.4000000e-01	   0.0000000e+00	  -4.4813646e-01	   1.4963379e+02	
   3.5000000e-01	   0.0000000e+00	   1.9701413e-01	   1.4818359e+02	
   3.6000000e-01	   0.0000000e+00	  -6.2408662e-01	   1.4862305e+02	
   3.7000000e-01	   0.0000000e+00	   1.9701413e-01	   1.4673340e+02	
   3.8000000e-01	   0.0000000e+00	  -4.6768648e-01	   1.4811768e+02	
   3.9000000e-01	   0.0000000e+00	  -6.6911110e-02	   1.5231445e+02	
   4.0000000e-01	   0.0000000e+00	   1.7746412e-01	   1.4884277e+02	
   4.1000000e-01	   0.0000000e+00	  -1.3533617e-01	   1.4809570e+02	
   4.2000000e-01	   0.0000000e+00	  -4.2858644e-01	   1.4581055e+02	
   4.3000000e-01	   0.0000000e+00	  -6.5341165e-01	   1.4879883e+02	
   4.4000000e-01	   0.0000000e+00	  -1.1578615e-01	   1.5011719e+02	
   4.5000000e-01	   0.0000000e+00	  -8.6461128e-02	   1.4866699e+02	
   4.6000000e-01	   0.0000000e+00	  -5.5566156e-01	   1.5013916e+02	
   4.7000000e-01	   0.0000000e+00	  -4.8723650e-01	   1.4827148e+02	
   4.8000000e-01	   0.0000000e+00	   4.1206433e-01	   1.4882080e+02	
   4.9000000e-01	   0.0000000e+00	  -7.6093675e-01	   1.4851318e+02	
   5.0000000e-01	   0.0000000e+00	  -1.6466120e-01	   1.4774414e+02	
   5.1000000e-01	   0.0000000e+00	  -8.5868684e-01	   1.4827148e+02	
   5.2000000e-01	   0.0000000e+00	  -2.6241129e-01	   1.4572266e+02	
   5.3000000e-01	   0.0000000e+00	   5.3913945e-01	   1.4741455e+02	
   5.4000000e-01	   0.0000000e+00	  -1.6466120e-01	   1.5077637e+02	
   5.5000000e-01	   0.0000000e+00	   3.3386426e-01	   1.4833740e+02	
   5.6000000e-01	   0.0000000e+00	   4.0228932e-01	   1.4635986e+02	
   5.7000000e-01	   0.0000000e+00	  -4.4813646e-01	   1.4770020e+02	
   5.8000000e-01	   0.0000000e+00	  -4.6768648e-01	   1.4963379e+02	
   5.9000000e-01	   0.0000000e+00	   1.3836408e-01	   1.4794189e+02	
   6.0000000e-01	   0.0000000e+00	  -4.7746149e-01	   1.4712891e+02	
   6.1000000e-01	   0.0000000e+00	   2.1063971e-02	   1.4833740e+02	
   6.2000000e-01	   0.0000000e+00	  -6.5341165e-01	   1.4798584e+02	
   6.3000000e-01	   0.0000000e+00	   4.8048939e-01	   1.4704102e+02	
   6.4000000e-01	   0.0000000e+00	  -7.9026178e-01	   1.4800781e+02	
   6.5000000e-01	   0.0000000e+00	   4.0613989e-02	   1.4838135e+02	
   6.6000000e-01	   0.0000000e+00	  -7.1206170e-01	   1.5029297e+02	
   6.7000000e-01	   0.0000000e+00	  -3.0151133e-01	   1.5143555e+02	
   6.8000000e-01	   0.0000000e+00	  -1.2203622e+00	   1.4748047e+02	
   6.9000000e-01	   0.0000000e+00	   2.0678914e-01	   1.4978760e+02	
   7.0000000e-01	   0.0000000e+00	  -7.3161172e-01	   1.4642578e+02	
   7.1000000e-01	   0.0000000e+00	  -1.3181123e+00	   1.4855713e+02	
   7.2000000e-01	   0.0000000e+00	  -5.0678652e-01	   1.4754639e+02	
   7.3000000e-01	   0.0000000e+00	  -6.0453661e-01	   1.5057861e+02	
   7.4000000e-01	   0.0000000e+00	  -1.2887872e+00	   1.4789795e+02	
   7.5000000e-01	   0.0000000e+00	   8.6171475e-01	   1.4572266e+02	
   7.6000000e-01	   0.0000000e+00	  -1.0932871e+00	   1.4646973e+02	
   7.7000000e-01	   0.0000000e+00	  -1.5820375e+00	   1.4798584e+02	
   7.8000000e-01	   0.0000000e+00	  -6.7296167e-01	   1.4842529e+02	
   7.9000000e-01	   0.0000000e+00	  -5.8498659e-01	   1.4600830e+02	
   8.0000000e-01	   0.0000000e+00	  -1.7091126e+00	   1.4866699e+02	
   8.1000000e-01	   0.0000000e+00	  -7.0228670e-01	   1.5055664e+02	
   8.2000000e-01	   0.0000000e+00	  -6.0453661e-01	   1.4704102e+02	
   8.3000000e-01	   0.0000000e+00	  -1.5233875e+00	   1.4809570e+02	
   8.4000000e-01	   0.0000000e+00	   6.1733952e-01	   1.4677734e+02	
   8.5000000e-01	   0.0000000e+00	   1.0903905e-01	   1.4811768e+02	
   8.6000000e-01	   0.0000000e+00	  -1.4647374e+00	   1.4930420e+02	
   8.7000000e-01	   0.0000000e+00	   1.5791410e-01	   1.4813965e+02	
   8.8000000e-01	   0.0000000e+00	   2.5566419e-01	   1.4800781e+02	
   8.9000000e-01	   0.0000000e+00	  -2.3308626e-01	   1.4829346e+02	
   9.0000000e-01	   0.0000000e+00	   1.9701413e-01	   1.4625000e+02	
   9.1000000e-01	   0.0000000e+00	  -9.1733689e-01	   1.4816162e+02	
   9.2000000e-01	   0.0000000e+00	   5.7823948e-01	   1.4888672e+02	
   9.3000000e-01	   0.0000000e+00	   8.9489034e-02	   1.4664551e+02	
   9.4000000e-01	   0.0000000e+00	  -8.1958680e-01	   1.4732666e+02	
   9.5000000e-01	   0.0000000e+00	   9.0081478e-01	   1.4917236e+02	
   9.6000000e-01	   0.0000000e+00	  -5.8498659e-01	   1.4800781e+02	
   9.7000000e-01	   0.0000000e+00	   6.4666455e-01	   1.4728271e+02	
   9.8000000e-01	   0.0000000e+00	  -8.2936181e-01	   1.4719482e+02	
   9.9000000e-01	   0.0000000e+00	  -7.5116174e-01	   1.4620605e+02	
   1.0000000e+00	   0.0000000e+00	  -1.5918125e+00	   1.4873291e+02	
   1.0100000e+00	   0.0000000e+00	   1.5139534e-03	   1.4791992e+02	
   1.0200000e+00	   0.0000000e+00	  -5.4588655e-01	   1.4796387e+02	
   1.0300000e+00	   0.0000000e+00	  -4.6768648e-01	   1.4827148e+02	
   1.0400000e+00	   0.0000000e+00	   9.6923985e-01	   1.5009521e+02	
   1.0500000e+00	   0.0000000e+00	   2.1063971e-02	   1.4831543e+02	
   1.0600000e+00	   0.0000000e+00	  -8.9778688e-01	   1.4594238e+02	
   1.0700000e+00	   0.0000000e+00	  -5.6543657e-01	   1.4752441e+02	
   1.0800000e+00	   0.0000000e+00	  -2.5263628e-01	   1.4640381e+02	
   1.0900000e+00	   0.0000000e+00	  -1.0639620e+00	   1.5009521e+02	
   1.1000000e+00	   0.0000000e+00	   4.2183934e-01	   1.4734863e+02	
   1.1100000e+00	   0.0000000e+00	  -5.7136101e-02	   1.4501953e+02	
   1.1200000e+00	   0.0000000e+00	  -1.3083373e+00	   1.4791992e+02	
   1.1300000e+00	   0.0000000e+00	  -2.5263628e-01	   1.4629395e+02	
   1.1400000e+00	   0.0000000e+00	  -3.0151133e-01	   1.4548096e+02	
   1.1500000e+00	   0.0000000e+00	  -3.9926142e-01	   1.4673340e+02	
   1.1600000e+00	   0.0000000e+00	  -1.1578615e-01	   1.4554688e+02	
   1.1700000e+00	   0.0000000e+00	   8.1283970e-01	   1.4611816e+02	
   1.1800000e+00	   0.0000000e+00	  -5.1656152e-01	   1.5090820e+02	
   1.1900000e+00	   0.0000000e+00	   7.4441464e-01	   1.4708496e+02	
   1.2000000e+00	   0.0000000e+00	  -6.8273668e-01	   1.4910645e+02	
   1.2100000e+00	   0.0000000e+00	  -1.5136124e+00	   1.4915039e+02	
   1.2200000e+00	   0.0000000e+00	  -1.5233875e+00	   1.4886475e+02	
   1.2300000e+00	   0.0000000e+00	  -1.2556116e-01	   1.4550293e+02	
   1.2400000e+00	   0.0000000e+00	   7.1508961e-01	   1.4574463e+02	
   1.2500000e+00	   0.0000000e+00	  -1.8036065e-02	   1.4565674e+02	
   1.2600000e+00	   0.0000000e+00	   7.3463963e-01	   1.4710693e+02	
   1.2700000e+00	   0.0000000e+00	  -4.3836145e-01	   1.5279785e+02	
   1.2800000e+00	   0.0000000e+00	  -4.7361092e-02	   1.4594238e+02	
   1.2900000e+00	   0.0000000e+00	   9.4968983e-01	   1.4679932e+02	
   1.3000000e+00	   0.0000000e+00	  -5.4588655e-01	   1.4752441e+02	
   1.3100000e+00	   0.0000000e+00	  -5.2633653e-01	   1.4660156e+02	
   1.3200000e+00	   0.0000000e+00	  -1.1578615e-01	   1.4787598e+02	
   1.3300000e+00	   0.0000000e+00	  -9.6621194e-01	   1.4785400e+02	
   1.3400000e+00	   0.0000000e+00	   2.2633916e-01	   1.4783203e+02	
   1.3500000e+00	   0.0000000e+00	  -6.5341165e-01	   1.4822754e+02	
   1.3600000e+00	   0.0000000e+00	  -5.6543657e-01	   1.5029297e+02	
   1.3700000e+00	   0.0000000e+00	   4.0613989e-02	   1.4559082e+02	
   1.3800000e+00	   0.0000000e+00	  -1.1812621e+00	   1.4945801e+02	
   1.3900000e+00	   0.0000000e+00	   1.0903905e-01	   1.4998535e+02	
   1.4000000e+00	   0.0000000e+00	  -1.4451874e+00	   1.4805176e+02	
   1.4100000e+00	   0.0000000e+00	  -2.5263628e-01	   1.5220459e+02	
   1.4200000e+00	   0.0000000e+00	   1.1647400e+00	   1.4886475e+02	
   1.4300000e+00	   0.0000000e+00	   2.3611417e-01	   1.4904053e+02	
   1.4400000e+00	   0.0000000e+00	  -5.4588655e-01	   1.4567871e+02	
   1.4500000e+00	   0.0000000e+00	  -1.3963123e+00	   1.4761230e+02	
   1.4600000e+00	   0.0000000e+00	   7.9714025e-02	   1.4928223e+02	
   1.4700000e+00	   0.0000000e+00	   9.9264043e-02	   1.4886475e+02	
   1.4800000e+00	   0.0000000e+00	   9.9264043e-02	   1.4849121e+02	
   1.4900000e+00	   0.0000000e+00	   5.0003941e-01	   1.4772217e+02	
   1.5000000e+00	   0.0000000e+00	  -2.3308626e-01	   1.4607422e+02	
   1.5100000e+00	   0.0000000e+00	   3.8273930e-01	   1.4688721e+02	
   1.5200000e+00	   0.0000000e+00	  -1.5488619e-01	   1.4539307e+02	
   1.5300000e+00	   0.0000000e+00	  -3.0151133e-01	   1.4923828e+02	
   1.5400000e+00	   0.0000000e+00	  -6.2408662e-01	   1.4730469e+02	
   1.5500000e+00	   0.0000000e+00	   8.1283970e-01	   1.4750244e+02	
   1.5600000e+00	   0.0000000e+00	  -8.2610556e-03	   1.4807373e+02	
   1.5700000e+00	   0.0000000e+00	   4.0613989e-02	   1.4756836e+02	
   1.5800000e+00	   0.0000000e+00	   1.3836408e-01	   1.4622803e+02	
   1.5900000e+00	   0.0000000e+00	  -5.7521158e-01	   1.4910645e+02	
   1.6000000e+00	   0.0000000e+00	  -9.1733689e-01	   1.4796387e+02	
   1.6100000e+00	   0.0000000e+00	   2.4588918e-01	   1.4739258e+02	
   1.6200000e+00	   0.0000000e+00	  -5.3611154e-01	   1.5136963e+02	
   1.6300000e+00	   0.0000000e+00	   3.0838980e-02	   1.4921631e+02	
   1.6400000e+00	   0.0000000e+00	   6.7598957e-01	   1.4695313e+02	
   1.6500000e+00	   0.0000000e+00	   7.9714025e-02	   1.5104004e+02	
   1.6600000e+00	   0.0000000e+00	  -5.1656152e-01	   1.4811768e+02	
   1.6700000e+00	   0.0000000e+00	   4.9026440e-01	   1.4818359e+02	
   1.6800000e+00	   0.0000000e+00	  -5.7521158e-01	   1.4989746e+02	
   1.6900000e+00	   0.0000000e+00	  -4.7746149e-01	   1.4846924e+02	
   1.7000000e+00	   0.0000000e+00	   6.0756451e-01	   1.4851318e+02	
   1.7100000e+00	   0.0000000e+00	   5.0003941e-01	   1.4752441e+02	
   1.7200000e+00	   0.0000000e+00	  -2.7811074e-02	   1.4734863e+02	
   1.7300000e+00	   0.0000000e+00	   3.7296430e-01	   1.4824951e+02	
   1.7400000e+00	   0.0000000e+00	  -3.2106134e-01	   1.4802979e+02	
   1.7500000e+00	   0.0000000e+00	  -3.5038637e-01	   1.4978760e+02	
   1.7600000e+00	   0.0000000e+00	   1.8723912e-01	   1.4833740e+02	
   1.7700000e+00	   0.0000000e+00	  -9.8576196e-01	   1.4796387e+02	
   1.7800000e+00	   0.0000000e+00	   3.0838980e-02	   1.4820557e+02	
   1.7900000e+00	   0.0000000e+00	  -7.7071176e-01	   1.4743652e+02	
   1.8000000e+00	   0.0000000e+00	  -4.0903642e-01	   1.4860107e+02	
   1.8100000e+00	   0.0000000e+00	   2.2633916e-01	   1.4772217e+02	
   1.8200000e+00	   0.0000000e+00	  -1.2301372e+00	   1.4939209e+02	
   1.8300000e+00	   0.0000000e+00	   1.1288962e-02	   1.4607422e+02	
   1.8400000e+00	   0.0000000e+00	   8.7148976e-01	   1.4763428e+02	
   1.8500000e+00	   0.0000000e+00	   3.6318929e-01	   1.4802979e+02	
   1.8600000e+00	   0.0000000e+00	  -1.7443621e-01	   1.4915039e+02	
   1.8700000e+00	   0.0000000e+00	  -1.7443621e-01	   1.5031494e+02	
   1.8800000e+00	   0.0000000e+00	  -6.6318666e-01	   1.4776611e+02	
   1.8900000e+00	   0.0000000e+00	  -9.4666192e-01	   1.4770020e+02	
   1.9000000e+00	   0.0000000e+00	   5.0388998e-02	   1.4581055e+02	
   1.9100000e+00	   0.0000000e+00	  -5.7136101e-02	   1.4783203e+02	
   1.9200000e+00	   0.0000000e+00	  -1.4511118e-01	   1.4884277e+02	
   1.9300000e+00	   0.0000000e+00	   2.1656415e-01	   1.4972168e+02	
   1.9400000e+00	   0.0000000e+00	  -1.3533617e-01	   1.4662354e+02	
   1.9500000e+00	   0.0000000e+00	  -4.8723650e-01	   1.4838135e+02	
   1.9600000e+00	   0.0000000e+00	   3.7296430e-01	   1.4690918e+02	
   1.9700000e+00	   0.0000000e+00	   1.5139534e-03	   1.4761230e+02	
   1.9800000e+00	   0.0000000e+00	  -3.5038637e-01	   1.4675537e+02	
   1.9900000e+00	   0.0000000e+00	   1.3836408e-01	   1.4904053e+02	
   2.0000000e+00	   2.0000000e+00	   6.5643956e-01	   1.4965576e+02	
   2.0100000e+00	   2.0000000e+00	  -6.3386163e-01	   1.4785400e+02	
   2.0200000e+00	   2.0000000e+00	   1.9701413e-01	   1.4620605e+02	
   2.0300000e+00	   2.0000000e+00	  -6.6911110e-02	   1.5123779e+02	
   2.0400000e+00	   2.0000000e+00	   4.2183934e-01	   1.4710693e+02	
   2.0500000e+00	   2.0000000e+00	   2.1129159e+00	   1.4743652e+02	
   2.0600000e+00	   2.0000000e+00	   1.6143904e+00	   1.5020508e+02	
   2.0700000e+00	   2.0000000e+00	   2.7287415e+00	   1.4594238e+02	
   2.0800000e+00	   2.0000000e+00	   1.2331651e+00	   1.4800781e+02	
   2.0900000e+00	   2.0000000e+00	   2.4257162e+00	   1.5224854e+02	
   2.1000000e+00	   2.0000000e+00	   2.2888661e+00	   1.4906250e+02	
   2.1100000e+00	   2.0000000e+00	   3.9701676e+00	   1.5086426e+02	
   2.1200000e+00	   2.0000000e+00	   3.3054670e+00	   1.5356689e+02	
   2.1300000e+00	   2.0000000e+00	   5.5830441e+00	   1.5143555e+02	
   2.1400000e+00	   2.0000000e+00	   4.2731929e+00	   1.4857910e+02	
   2.1500000e+00	   2.0000000e+00	   5.2800188e+00	   1.5145752e+02	
   2.1600000e+00	   2.0000000e+00	   4.1070177e+00	   1.5273193e+02	
   2.1700000e+00	   2.0000000e+00	   5.6123691e+00	   1.5068848e+02	
   2.1800000e+00	   2.0000000e+00	   3.9506176e+00	   1.5147949e+02	
   2.1900000e+00	   2.0000000e+00	   4.6153182e+00	   1.5209473e+02	
   2.2000000e+00	   2.0000000e+00	   6.4139199e+00	   1.5205078e+02	
   2.2100000e+00	   2.0000000e+00	   7.5282709e+00	   1.5536865e+02	
   2.2200000e+00	   2.0000000e+00	   6.5507700e+00	   1.5117188e+02	
   2.2300000e+00	   2.0000000e+00	   6.2868447e+00	   1.5640137e+02	
   2.2400000e+00	   2.0000000e+00	   7.1372705e+00	   1.5448975e+02	
   2.2500000e+00	   2.0000000e+00	   7.8899462e+00	   1.5172119e+02	
   2.2600000e+00	   2.0000000e+00	   8.2418465e+00	   1.5521484e+02	
   2.2700000e+00	   2.0000000e+00	   7.5380459e+00	   1.5629150e+02	
   2.2800000e+00	   2.0000000e+00	   7.5282709e+00	   1.5653320e+02	
   2.2900000e+00	   2.0000000e+00	   8.8381221e+00	   1.5369873e+02	
   2.3000000e+00	   2.0000000e+00	   9.0727223e+00	   1.5774170e+02	
   2.3100000e+00	   2.0000000e+00	   9.3561976e+00	   1.6250977e+02	
   2.3200000e+00	   2.0000000e+00	   9.6103478e+00	   1.6004883e+02	
   2.3300000e+00	   2.0000000e+00	   8.8381221e+00	   1.6235596e+02	
   2.3400000e+00	   2.0000000e+00	   1.0177298e+01	   1.5695068e+02	
   2.3500000e+00	   2.0000000e+00	   1.0724699e+01	   1.6072998e+02	
   2.3600000e+00	   2.0000000e+00	   1.0323923e+01	   1.6211426e+02	
   2.3700000e+00	   2.0000000e+00	   1.0900649e+01	   1.6072998e+02	
   2.3800000e+00	   2.0000000e+00	   1.1936800e+01	   1.6266357e+02	
   2.3900000e+00	   2.0000000e+00	   1.0411899e+01	   1.6521240e+02	
   2.4000000e+00	   2.0000000e+00	   1.1232999e+01	   1.6488281e+02	
   2.4100000e+00	   2.0000000e+00	   1.0851774e+01	   1.6613525e+02	
   2.4200000e+00	   2.0000000e+00	   1.2132300e+01	   1.6497070e+02	
   2.4300000e+00	   2.0000000e+00	   1.3295526e+01	   1.6769531e+02	
   2.4400000e+00	   2.0000000e+00	   1.1584900e+01	   1.7061768e+02	
   2.4500000e+00	   2.0000000e+00	   1.2855651e+01	   1.6857422e+02	
   2.4600000e+00	   2.0000000e+00	   1.2669926e+01	   1.6905762e+02	
   2.4700000e+00	   2.0000000e+00	   1.5084353e+01	   1.7169434e+02	
   2.4800000e+00	   2.0000000e+00	   1.3139126e+01	   1.7332031e+02	
   2.4900000e+00	   2.0000000e+00	   1.3735402e+01	   1.7494629e+02	
   2.5000000e+00	   2.0000000e+00	   1.3745177e+01	   1.7380371e+02	
   2.5100000e+00	   2.0000000e+00	   1.4439202e+01	   1.7323242e+02	
   2.5200000e+00	   2.0000000e+00	   1.3745177e+01	   1.7984619e+02	
   2.5300000e+00	   2.0000000e+00	   1.4879078e+01	   1.7193604e+02	
   2.5400000e+00	   2.0000000e+00	   1.4439202e+01	   1.7437500e+02	
   2.5500000e+00	   2.0000000e+00	   1.4908403e+01	   1.7619873e+02	
   2.5600000e+00	   2.0000000e+00	   1.6247579e+01	   1.7534180e+02	
   2.5700000e+00	   2.0000000e+00	   1.4712903e+01	   1.7534180e+02	
   2.5800000e+00	   2.0000000e+00	   1.6257354e+01	   1.7496826e+02	
   2.5900000e+00	   2.0000000e+00	   1.4693352e+01	   1.7215576e+02	
   2.6000000e+00	   2.0000000e+00	   1.5749053e+01	   1.7540771e+02	
   2.6100000e+00	   2.0000000e+00	   1.6970930e+01	  -1.5358887e+01	
   2.6200000e+00	   2.0000000e+00	   1.6882955e+01	  -1.3952637e+01	
   2.6300000e+00	   2.0000000e+00	   1.6550604e+01	  -1.3579102e+01	
   2.6400000e+00	   2.0000000e+00	   1.6179154e+01	  -1.0415039e+01	
   2.6500000e+00	   2.0000000e+00	   1.7733380e+01	  -1.8000000e+02	
   2.6600000e+00	   2.0000000e+00	   1.6257354e+01	  -1.8000000e+02	
   2.6700000e+00	   2.0000000e+00	   1.6384429e+01	  -1.8000000e+02	
   2.6800000e+00	   2.0000000e+00	   1.8261231e+01	  -1.8000000e+02	
   2.6900000e+00	   2.0000000e+00	   1.7342380e+01	  -1.8000000e+02	
   2.7000000e+00	   2.0000000e+00	   1.7987531e+01	  -1.8000000e+02	
   2.7100000e+00	   2.0000000e+00	   1.8143931e+01	  -1.8000000e+02	
   2.7200000e+00	   2.0000000e+00	   1.8075506e+01	  -1.8000000e+02	
   2.7300000e+00	   2.0000000e+00	   1.6941605e+01	  -1.8000000e+02	
   2.7400000e+00	   2.0000000e+00	   1.7498780e+01	  -1.8000000e+02	
   2.7500000e+00	   2.0000000e+00	   1.7225080e+01	  -1.7870361e+02	
   2.7600000e+00	   2.0000000e+00	   1.6990480e+01	  -1.7925293e+02	
   2.7700000e+00	   2.0000000e+00	   1.8134156e+01	  -1.7505615e+02	
   2.7800000e+00	   2.0000000e+00	   1.8339431e+01	  -1.7833008e+02	
   2.7900000e+00	   2.0000000e+00	   1.7684505e+01	  -1.7354004e+02	
   2.8000000e+00	   2.0000000e+00	   1.9444007e+01	  -1.7292480e+02	
   2.8100000e+00	   2.0000000e+00	   1.7635630e+01	  -1.7074951e+02	
   2.8200000e+00	   2.0000000e+00	   1.8662006e+01	  -1.7208984e+02	
   2.8300000e+00	   2.0000000e+00	   1.8280781e+01	  -1.7202393e+02	
   2.8400000e+00	   2.0000000e+00	   1.7684505e+01	  -1.6822266e+02	
   2.8500000e+00	   2.0000000e+00	   1.7401030e+01	  -1.6644287e+02	
   2.8600000e+00	   2.0000000e+00	   1.8906381e+01	  -1.6771729e+02	
   2.8700000e+00	   2.0000000e+00	   1.9277832e+01	  -1.6486084e+02	
   2.8800000e+00	   2.0000000e+00	   1.7303280e+01	  -1.6374023e+02	
   2.8900000e+00	   2.0000000e+00	   1.8300331e+01	  -1.6264160e+02	
   2.9000000e+00	   2.0000000e+00	   1.9414682e+01	  -1.6446533e+02	
   2.9100000e+00	   2.0000000e+00	   1.9180082e+01	  -1.6134521e+02	
   2.9200000e+00	   2.0000000e+00	   1.8886831e+01	  -1.5701660e+02	
   2.9300000e+00	   2.0000000e+00	   2.0431283e+01	  -1.5879639e+02	
   2.9400000e+00	   2.0000000e+00	   1.9277832e+01	  -1.5919189e+02	
   2.9500000e+00	   2.0000000e+00	   1.7743155e+01	  -1.5437988e+02	
   2.9600000e+00	   2.0000000e+00	   1.9512432e+01	  -1.5409424e+02	
   2.9700000e+00	   2.0000000e+00	   2.0372633e+01	  -1.5317139e+02	
   2.9800000e+00	   2.0000000e+00	   2.0304208e+01	  -1.5099609e+02	
   2.9900000e+00	   2.0000000e+00	   1.9688382e+01	  -1.5262207e+02	
   3.0000000e+00	   2.0000000e+00	   2.1350134e+01	  -1.4923828e+02	
   3.0100000e+00	   2.0000000e+00	   1.9942532e+01	  -1.4693115e+02	
   3.0200000e+00	   2.0000000e+00	   2.1594509e+01	  -1.4398682e+02	
   3.0300000e+00	   2.0000000e+00	   2.0186908e+01	  -1.4598633e+02	
   3.0400000e+00	   2.0000000e+00	   2.0284658e+01	  -1.4464600e+02	
   3.0500000e+00	   2.0000000e+00	   2.0030507e+01	  -1.4506348e+02	
   3.0600000e+00	   2.0000000e+00	   2.0851608e+01	  -1.4036133e+02	
   3.0700000e+00	   2.0000000e+00	   1.9522207e+01	  -1.4135010e+02	
   3.0800000e+00	   2.0000000e+00	   1.8691331e+01	  -1.3702148e+02	
   3.0900000e+00	   2.0000000e+00	   2.1105758e+01	  -1.3798828e+02	
   3.1000000e+00	   2.0000000e+00	   2.1838884e+01	  -1.3781250e+02	
   3.1100000e+00	   2.0000000e+00	   1.9512432e+01	  -1.3634033e+02	
   3.1200000e+00	   2.0000000e+00	   1.8789081e+01	  -1.3374756e+02	
   3.1300000e+00	   2.0000000e+00	   1.9131207e+01	  -1.3368164e+02	
   3.1400000e+00	   2.0000000e+00	   2.1086208e+01	  -1.3190186e+02	
   3.1500000e+00	   2.0000000e+00	   2.0304208e+01	  -1.3155029e+02	
   3.1600000e+00	   2.0000000e+00	   1.9649282e+01	  -1.3082520e+02	
   3.1700000e+00	   2.0000000e+00	   2.0235783e+01	  -1.2730957e+02	
   3.1800000e+00	   2.0000000e+00	   1.8935706e+01	  -1.2862793e+02	
   3.1900000e+00	   2.0000000e+00	   1.8965031e+01	  -1.2704590e+02	
   3.2000000e+00	   2.0000000e+00	   2.0167358e+01	  -1.2423340e+02	
   3.2100000e+00	   2.0000000e+00	   2.0108707e+01	  -1.2298096e+02	
   3.2200000e+00	   2.0000000e+00	   1.9023681e+01	  -1.2146484e+02	
   3.2300000e+00	   2.0000000e+00	   2.0431283e+01	  -1.1917969e+02	
   3.2400000e+00	   2.0000000e+00	   2.1017783e+01	  -1.1937744e+02	
   3.2500000e+00	   2.0000000e+00	   2.0577908e+01	  -1.1689453e+02	
   3.2600000e+00	   2.0000000e+00	   2.1574959e+01	  -1.1566406e+02	
   3.2700000e+00	   2.0000000e+00	   2.0050057e+01	  -1.1500488e+02	
   3.2800000e+00	   2.0000000e+00	   2.0646333e+01	  -1.1384033e+02	
   3.2900000e+00	   2.0000000e+00	   1.9238732e+01	  -1.1236816e+02	
   3.3000000e+00	   2.0000000e+00	   2.0792958e+01	  -1.1175293e+02	
   3.3100000e+00	   2.0000000e+00	   1.9815457e+01	  -1.1008301e+02	
   3.3200000e+00	   2.0000000e+00	   1.9649282e+01	  -1.1087402e+02	
   3.3300000e+00	   2.0000000e+00	   2.0401958e+01	  -1.0814941e+02	
   3.3400000e+00	   2.0000000e+00	   2.0929808e+01	  -1.0817139e+02	
   3.3500000e+00	   2.0000000e+00	   2.2347185e+01	  -1.0472168e+02	
   3.3600000e+00	   2.0000000e+00	   2.0509483e+01	  -1.0377686e+02	
   3.3700000e+00	   2.0000000e+00	   2.0411733e+01	  -1.0263428e+02	
   3.3800000e+00	   2.0000000e+00	   2.0411733e+01	  -1.0098633e+02	
   3.3900000e+00	   2.0000000e+00	   2.1076433e+01	  -9.9118652e+01	
   3.4000000e+00	   2.0000000e+00	   1.9903432e+01	  -9.8437500e+01	
   3.4100000e+00	   2.0000000e+00	   2.1438109e+01	  -9.7668457e+01	
   3.4200000e+00	   2.0000000e+00	   1.9463557e+01	  -9.6657715e+01	
   3.4300000e+00	   2.0000000e+00	   2.1301259e+01	  -9.4020996e+01	
   3.4400000e+00	   2.0000000e+00	   2.0167358e+01	  -9.3713379e+01	
   3.4500000e+00	   2.0000000e+00	   2.0392183e+01	  -9.2219238e+01	
   3.4600000e+00	   2.0000000e+00	   1.9981632e+01	  -9.0812988e+01	
   3.4700000e+00	   2.0000000e+00	   2.2425385e+01	  -9.1098633e+01	
   3.4800000e+00	   2.0000000e+00	   2.2562235e+01	  -9.0109863e+01	
   3.4900000e+00	   2.0000000e+00	   2.1037333e+01	  -8.8264160e+01	
   3.5000000e+00	   2.0000000e+00	   2.0802733e+01	  -8.6660156e+01	
   3.5100000e+00	   2.0000000e+00	   2.0822283e+01	  -8.5957031e+01	
   3.5200000e+00	   2.0000000e+00	   2.0822283e+01	  -8.3891602e+01	
   3.5300000e+00	   2.0000000e+00	   2.0362858e+01	  -8.3474121e+01	
   3.5400000e+00	   2.0000000e+00	   2.2141909e+01	  -8.1276855e+01	
   3.5500000e+00	   2.0000000e+00	   2.0362858e+01	  -7.9694824e+01	
   3.5600000e+00	   2.0000000e+00	   2.0177133e+01	  -7.9628906e+01	
   3.5700000e+00	   2.0000000e+00	   2.2112584e+01	  -7.7849121e+01	
   3.5800000e+00	   2.0000000e+00	   2.0392183e+01	  -7.6684570e+01	
   3.5900000e+00	   2.0000000e+00	   1.9434232e+01	  -7.6420898e+01	
   3.6000000e+00	   2.0000000e+00	   2.0441058e+01	  -7.3498535e+01	
   3.6100000e+00	   2.0000000e+00	   2.0734308e+01	  -7.2949219e+01	
   3.6200000e+00	   2.0000000e+00	   2.0792958e+01	  -7.2268066e+01	
   3.6300000e+00	   2.0000000e+00	   1.9766582e+01	  -7.0180664e+01	
   3.6400000e+00	   2.0000000e+00	   2.0304208e+01	  -6.8598633e+01	
   3.6500000e+00	   2.0000000e+00	   2.0695208e+01	  -6.7390137e+01	
   3.6600000e+00	   2.0000000e+00	   2.0382408e+01	  -6.6203613e+01	
   3.6700000e+00	   2.0000000e+00	   2.1232834e+01	  -6.4533691e+01	
   3.6800000e+00	   2.0000000e+00	   1.9590632e+01	  -6.5039063e+01	
   3.6900000e+00	   2.0000000e+00	   2.0871158e+01	  -6.0864258e+01	
   3.7000000e+00	   2.0000000e+00	   2.0519258e+01	  -6.2270508e+01	
   3.7100000e+00	   2.0000000e+00	   2.1291484e+01	  -5.9743652e+01	
   3.7200000e+00	   2.0000000e+00	   2.1144858e+01	  -5.7150879e+01	
   3.7300000e+00	   2.0000000e+00	   2.0959133e+01	  -5.7480469e+01	
   3.7400000e+00	   2.0000000e+00	   2.1418559e+01	  -5.4580078e+01	
   3.7500000e+00	   2.0000000e+00	   2.0235783e+01	  -5.4997559e+01	
   3.7600000e+00	   2.0000000e+00	   2.2083259e+01	  -5.2712402e+01	
   3.7700000e+00	   2.0000000e+00	   2.1203508e+01	  -5.1481934e+01	
   3.7800000e+00	   2.0000000e+00	   2.1897534e+01	  -5.0778809e+01	
   3.7900000e+00	   2.0000000e+00	   2.1076433e+01	  -4.9680176e+01	
   3.8000000e+00	   2.0000000e+00	   1.9815457e+01	  -4.9943848e+01	
   3.8100000e+00	   2.0000000e+00	   2.0226008e+01	  -4.7263184e+01	
   3.8200000e+00	   2.0000000e+00	   2.1213284e+01	  -4.5219727e+01	
   3.8300000e+00	   2.0000000e+00	   2.1819334e+01	  -4.5417480e+01	
   3.8400000e+00	   2.0000000e+00	   2.1848659e+01	  -4.3791504e+01	
   3.8500000e+00	   2.0000000e+00	   2.1623834e+01	  -4.0957031e+01	
   3.8600000e+00	   2.0000000e+00	   2.0499708e+01	  -4.0012207e+01	
   3.8700000e+00	   2.0000000e+00	   2.0607233e+01	  -3.9814453e+01	
   3.8800000e+00	   2.0000000e+00	   2.0323758e+01	  -3.8935547e+01	
   3.8900000e+00	   2.0000000e+00	   2.0294433e+01	  -3.8012695e+01	
   3.9000000e+00	   2.0000000e+00	   2.0519258e+01	  -3.7089844e+01	
   3.9100000e+00	   2.0000000e+00	   2.0724533e+01	  -3.1772461e+01	
   3.9200000e+00	   2.0000000e+00	   1.9512432e+01	  -3.2497559e+01	
   3.9300000e+00	   2.0000000e+00	   2.0968908e+01	  -3.2387695e+01	
   3.9400000e+00	   2.0000000e+00	   2.0802733e+01	  -2.7971191e+01	
   3.9500000e+00	   2.0000000e+00	   2.2669760e+01	  -2.7224121e+01	
   3.9600000e+00	   2.0000000e+00	   2.0802733e+01	  -2.8872070e+01	
   3.9700000e+00	   2.0000000e+00	   2.1819334e+01	  -2.2675781e+01	
   3.9800000e+00	   2.0000000e+00	   2.1213284e+01	  -2.5268555e+01	
   3.9900000e+00	   2.0000000e+00	   2.1174183e+01	  -2.5773926e+01	
   4.0000000e+00	   2.0000000e+00	   2.1056883e+01	  -2.1093750e+01	
   4.0100000e+00	   2.0000000e+00	   2.0841833e+01	  -2.0500488e+01	
   4.0200000e+00	   2.0000000e+00	   2.0372633e+01	  -2.0830078e+01	
   4.0300000e+00	   2.0000000e+00	   2.1447884e+01	  -1.9445801e+01	
   4.0400000e+00	   2.0000000e+00	   2.2268984e+01	  -1.6413574e+01	
   4.0500000e+00	   2.0000000e+00	   2.0968908e+01	  -1.7160645e+01	
   4.0600000e+00	   2.0000000e+00	   2.1614059e+01	  -1.4216309e+01	
   4.0700000e+00	   2.0000000e+00	   2.1965959e+01	  -1.2304688e+01	
   4.0800000e+00	   2.0000000e+00	   2.1702034e+01	  -1.1271973e+01	
   4.0900000e+00	   2.0000000e+00	   2.3119410e+01	  -8.2397461e+00	
   4.1000000e+00	   2.0000000e+00	   2.1780234e+01	  -9.5141602e+00	
   4.1100000e+00	   2.0000000e+00	   2.1311034e+01	  -7.7563477e+00	
   4.1200000e+00	   2.0000000e+00	   2.0059832e+01	  -5.2734375e+00	
   4.1300000e+00	   2.0000000e+00	   2.0978683e+01	  -5.8886719e+00	
   4.1400000e+00	   2.0000000e+00	   2.0792958e+01	  -3.7133789e+00	
   4.1500000e+00	   2.0000000e+00	   2.1858434e+01	   2.6367188e-01	
   4.1600000e+00	   2.0000000e+00	   2.0206458e+01	   1.1865234e+00	
   4.1700000e+00	   2.0000000e+00	   2.0206458e+01	   2.2192383e+00	
   4.1800000e+00	   2.0000000e+00	   2.1408784e+01	   1.8237305e+00	
   4.1900000e+00	   2.0000000e+00	   2.0714758e+01	   4.4604492e+00	
   4.2000000e+00	   2.0000000e+00	   2.2259209e+01	   1.2744141e+00	
   4.2100000e+00	   2.0000000e+00	   2.0216233e+01	   5.5151367e+00	
   4.2200000e+00	   2.0000000e+00	   2.0802733e+01	   7.7124023e+00	
   4.2300000e+00	   2.0000000e+00	   1.9981632e+01	   9.1406250e+00	
   4.2400000e+00	   2.0000000e+00	   1.9942532e+01	   8.7670898e+00	
   4.2500000e+00	   2.0000000e+00	   2.1399009e+01	   1.0964355e+01	
   4.2600000e+00	   2.0000000e+00	   2.1887759e+01	   9.8437500e+00	
   4.2700000e+00	   2.0000000e+00	   2.1340359e+01	   1.5358887e+01	
   4.2800000e+00	   2.0000000e+00	   2.0959133e+01	   1.7402344e+01	
   4.2900000e+00	   2.0000000e+00	   2.3500636e+01	   1.5205078e+01	
   4.3000000e+00	   2.0000000e+00	   2.0910258e+01	   1.7072754e+01	
   4.3100000e+00	   2.0000000e+00	   2.1037333e+01	   1.8786621e+01	
   4.3200000e+00	   2.0000000e+00	   2.0304208e+01	   2.3247070e+01	
   4.3300000e+00	   2.0000000e+00	   1.9365807e+01	   2.0917969e+01	
   4.3400000e+00	   2.0000000e+00	   2.0382408e+01	   2.3796387e+01	
   4.3500000e+00	   2.0000000e+00	   2.1750909e+01	   2.4125977e+01	
   4.3600000e+00	   2.0000000e+00	   2.1027558e+01	   2.2258301e+01	
   4.3700000e+00	   2.0000000e+00	   2.0118482e+01	   2.8981934e+01	
   4.3800000e+00	   2.0000000e+00	   2.2630660e+01	   2.7114258e+01	
   4.3900000e+00	   2.0000000e+00	   2.1438109e+01	   3.1728516e+01	
   4.4000000e+00	   2.0000000e+00	   2.0988458e+01	   3.3925781e+01	
   4.4100000e+00	   2.0000000e+00	   2.2601335e+01	   3.1552734e+01	
   4.4200000e+00	   2.0000000e+00	   2.1232834e+01	   3.4584961e+01	
   4.4300000e+00	   2.0000000e+00	   2.1095983e+01	   3.8430176e+01	
   4.4400000e+00	   2.0000000e+00	   2.2552460e+01	   3.3618164e+01	
   4.4500000e+00	   2.0000000e+00	   2.0959133e+01	   3.6408691e+01	
   4.4600000e+00	   2.0000000e+00	   2.0920033e+01	   4.2187500e+01	
   4.4700000e+00	   2.0000000e+00	   2.1125308e+01	   4.1901855e+01	
   4.4800000e+00	   2.0000000e+00	   2.0988458e+01	   4.5769043e+01	
   4.4900000e+00	   2.0000000e+00	   2.0597458e+01	   4.2363281e+01	
   4.5000000e+00	   2.0000000e+00	   2.0401958e+01	   4.1066895e+01	
   4.5100000e+00	   2.0000000e+00	   2.1056883e+01	   4.6318359e+01	
   4.5200000e+00	   2.0000000e+00	   1.9463557e+01	   4.8120117e+01	
   4.5300000e+00	   2.0000000e+00	   2.0920033e+01	   5.1811523e+01	
   4.5400000e+00	   2.0000000e+00	   2.2787060e+01	   4.7614746e+01	
   4.5500000e+00	   2.0000000e+00	   2.1320809e+01	   5.0822754e+01	
   4.5600000e+00	   2.0000000e+00	   2.0704983e+01	   4.7680664e+01	
   4.5700000e+00	   2.0000000e+00	   2.0480158e+01	   5.3393555e+01	
   4.5800000e+00	   2.0000000e+00	   2.1389234e+01	   5.5415039e+01	
   4.5900000e+00	   2.0000000e+00	   2.0274883e+01	   5.3745117e+01	
   4.6000000e+00	   2.0000000e+00	   2.0597458e+01	   5.5722656e+01	
   4.6100000e+00	   2.0000000e+00	   2.1301259e+01	   5.9216309e+01	
   4.6200000e+00	   2.0000000e+00	   2.1408784e+01	   5.8381348e+01	
   4.6300000e+00	   2.0000000e+00	   2.0568133e+01	   6.1325684e+01	
   4.6400000e+00	   2.0000000e+00	   2.2425385e+01	   6.3083496e+01	
   4.6500000e+00	   2.0000000e+00	   2.1144858e+01	   6.4599609e+01	
   4.6600000e+00	   2.0000000e+00	   2.1232834e+01	   6.6643066e+01	
   4.6700000e+00	   2.0000000e+00	   2.0675658e+01	   6.3654785e+01	
   4.6800000e+00	   2.0000000e+00	   1.9747032e+01	   6.7807617e+01	
   4.6900000e+00	   2.0000000e+00	   2.0763633e+01	   6.8576660e+01	
   4.7000000e+00	   2.0000000e+00	   2.1985509e+01	   7.2180176e+01	
   4.7100000e+00	   2.0000000e+00	   2.1760684e+01	   7.1960449e+01	
   4.7200000e+00	   2.0000000e+00	   2.1995284e+01	   7.3454590e+01	
   4.7300000e+00	   2.0000000e+00	   1.9268057e+01	   7.8244629e+01	
   4.7400000e+00	   2.0000000e+00	   2.0431283e+01	   7.7102051e+01	
   4.7500000e+00	   2.0000000e+00	   2.0851608e+01	   8.1232910e+01	
   4.7600000e+00	   2.0000000e+00	   2.0577908e+01	   7.8596191e+01	
   4.7700000e+00	   2.0000000e+00	   2.1144858e+01	   8.4396973e+01	
   4.7800000e+00	   2.0000000e+00	   2.0949358e+01	   8.3452148e+01	
   4.7900000e+00	   2.0000000e+00	   1.9326707e+01	   8.4484863e+01	
   4.8000000e+00	   2.0000000e+00	   2.0558358e+01	   8.5517578e+01	
   4.8100000e+00	   2.0000000e+00	   2.1164408e+01	   9.0527344e+01	
   4.8200000e+00	   2.0000000e+00	   1.9932757e+01	   8.6594238e+01	
   4.8300000e+00	   2.0000000e+00	   2.0695208e+01	   8.6044922e+01	
   4.8400000e+00	   2.0000000e+00	   1.9590632e+01	   8.9296875e+01	
   4.8500000e+00	   2.0000000e+00	   2.0773408e+01	   8.9428711e+01	
   4.8600000e+00	   2.0000000e+00	   2.1350134e+01	   9.3515625e+01	
   4.8700000e+00	   2.0000000e+00	   2.1848659e+01	   9.3142090e+01	
   4.8800000e+00	   2.0000000e+00	   2.1135083e+01	   9.8261719e+01	
   4.8900000e+00	   2.0000000e+00	   2.1995284e+01	   9.7514648e+01	
   4.9000000e+00	   2.0000000e+00	   2.0597458e+01	   9.7163086e+01	
   4.9100000e+00	   2.0000000e+00	   2.0763633e+01	   1.0023926e+02	
   4.9200000e+00	   2.0000000e+00	   2.1027558e+01	   1.0078857e+02	
   4.9300000e+00	   2.0000000e+00	   2.1047108e+01	   1.0223877e+02	
   4.9400000e+00	   2.0000000e+00	   2.0353083e+01	   1.0606201e+02	
   4.9500000e+00	   2.0000000e+00	   2.0519258e+01	   1.0474365e+02	
   4.9600000e+00	   2.0000000e+00	   2.0362858e+01	   1.0461182e+02	
   4.9700000e+00	   2.0000000e+00	   2.2112584e+01	   1.0850098e+02	
   4.9800000e+00	   2.0000000e+00	   2.1350134e+01	   1.1032471e+02	
   4.9900000e+00	   2.0000000e+00	   2.1330584e+01	   1.1181885e+02	
   5.0000000e+00	   2.0000000e+00	   2.1262159e+01	   1.0832520e+02	
   5.0100000e+00	   2.0000000e+00	   2.0636558e+01	   1.1485107e+02	
   5.0200000e+00	   2.0000000e+00	   2.1447884e+01	   1.1663086e+02	
   5.0300000e+00	   2.0000000e+00	   2.0226008e+01	   1.1520264e+02	
   5.0400000e+00	   2.0000000e+00	   2.0744083e+01	   1.1627930e+02	
   5.0500000e+00	   2.0000000e+00	   1.9424457e+01	   1.1713623e+02	
   5.0600000e+00	   2.0000000e+00	   2.0353083e+01	   1.2300293e+02	
   5.0700000e+00	   2.0000000e+00	   2.0704983e+01	   1.2229980e+02	
   5.0800000e+00	   2.0000000e+00	   1.9101882e+01	   1.2500244e+02	
   5.0900000e+00	   2.0000000e+00	   1.9688382e+01	   1.2502441e+02	
   5.1000000e+00	   2.0000000e+00	   2.0460608e+01	   1.3069336e+02	
   5.1100000e+00	   2.0000000e+00	   2.1301259e+01	   1.2858398e+02	
   5.1200000e+00	   2.0000000e+00	   2.0480158e+01	   1.2996826e+02	
   5.1300000e+00	   2.0000000e+00	   2.0186908e+01	   1.2812256e+02	
   5.1400000e+00	   2.0000000e+00	   1.9395132e+01	   1.3313232e+02	
   5.1500000e+00	   2.0000000e+00	   2.2034384e+01	   1.3407715e+02	
   5.1600000e+00	   2.0000000e+00	   2.0392183e+01	   1.3596680e+02	
   5.1700000e+00	   2.0000000e+00	   1.9629732e+01	   1.3625244e+02	
   5.1800000e+00	   2.0000000e+00	   2.0353083e+01	   1.4055908e+02	
   5.1900000e+00	   2.0000000e+00	   2.0968908e+01	   1.3746094e+02	
   5.2000000e+00	   2.0000000e+00	   2.1076433e+01	   1.4029541e+02	
   5.2100000e+00	   2.0000000e+00	   2.1457659e+01	   1.4464600e+02	
   5.2200000e+00	   2.0000000e+00	   1.9981632e+01	   1.4523926e+02	
   5.2300000e+00	   2.0000000e+00	   2.0421508e+01	   1.4526123e+02	
   5.2400000e+00	   2.0000000e+00	   2.1731359e+01	   1.4840332e+02	
   5.2500000e+00	   2.0000000e+00	   2.1917084e+01	   1.5016113e+02	
   5.2600000e+00	   2.0000000e+00	   2.1223059e+01	   1.4974365e+02	
   5.2700000e+00	   2.0000000e+00	   2.0069607e+01	   1.4961182e+02	
   5.2800000e+00	   2.0000000e+00	   1.9277832e+01	   1.5071045e+02	
   5.2900000e+00	   2.0000000e+00	   2.0441058e+01	   1.5213867e+02	
   5.3000000e+00	   2.0000000e+00	   2.0245558e+01	   1.5369873e+02	
   5.3100000e+00	   2.0000000e+00	   2.0499708e+01	   1.5361084e+02	
   5.3200000e+00	   2.0000000e+00	   1.9893657e+01	   1.5690674e+02	
   5.3300000e+00	   2.0000000e+00	   2.0959133e+01	   1.5631348e+02	
   5.3400000e+00	   2.0000000e+00	   1.9854557e+01	   1.6026855e+02	
   5.3500000e+00	   2.0000000e+00	   2.1135083e+01	   1.6152100e+02	
   5.3600000e+00	   2.0000000e+00	   2.1604284e+01	   1.6237793e+02	
   5.3700000e+00	   2.0000000e+00	   2.1242609e+01	   1.6299316e+02	
   5.3800000e+00	   2.0000000e+00	   1.9903432e+01	   1.6582764e+02	
   5.3900000e+00	   2.0000000e+00	   2.1389234e+01	   1.6569580e+02	
   5.4000000e+00	   2.0000000e+00	   2.1574959e+01	   1.6875000e+02	
   5.4100000e+00	   2.0000000e+00	   2.0617008e+01	   1.7173828e+02	
   5.4200000e+00	   2.0000000e+00	   2.0890708e+01	   1.7228760e+02	
   5.4300000e+00	   2.0000000e+00	   2.1917084e+01	   1.7395752e+02	
   5.4400000e+00	   2.0000000e+00	   2.1164408e+01	   1.7843994e+02	
   5.4500000e+00	   2.0000000e+00	   2.1242609e+01	   1.7479248e+02	
   5.4600000e+00	   2.0000000e+00	   2.1614059e+01	   1.7564941e+02	
   5.4700000e+00	   2.0000000e+00	   2.0773408e+01	   1.7751709e+02	
   5.4800000e+00	   2.0000000e+00	   2.0069607e+01	   1.7600098e+02	
   5.4900000e+00	   2.0000000e+00	   2.0558358e+01	   1.7914307e+02	
   5.5000000e+00	   2.0000000e+00	   2.2005059e+01	   1.7586914e+02	
   5.5100000e+00	   2.0000000e+00	   2.2835935e+01	   1.7611084e+02	
   5.5200000e+00	   2.0000000e+00	   2.1702034e+01	  -1.1711426e+01	
   5.5300000e+00	   2.0000000e+00	   2.2005059e+01	  -1.1799316e+01	
   5.5400000e+00	   2.0000000e+00	   2.0441058e+01	  -1.3007813e+01	
   5.5500000e+00	   2.0000000e+00	   2.2562235e+01	  -1.8000000e+02	
   5.5600000e+00	   2.0000000e+00	   2.0929808e+01	  -1.8000000e+02	
   5.5700000e+00	   2.0000000e+00	   2.0704983e+01	  -1.8000000e+02	
   5.5800000e+00	   2.0000000e+00	   2.0206458e+01	  -1.8000000e+02	
   5.5900000e+00	   2.0000000e+00	   2.0656108e+01	  -1.8000000e+02	
   5.6000000e+00	   2.0000000e+00	   2.0441058e+01	  -1.8000000e+02	
   5.6100000e+00	   2.0000000e+00	   2.0460608e+01	  -1.8000000e+02	
   5.6200000e+00	   2.0000000e+00	   2.0920033e+01	  -1.8000000e+02	
   5.6300000e+00	   2.0000000e+00	   2.0098932e+01	  -1.8000000e+02	
   5.6400000e+00	   2.0000000e+00	   2.0704983e+01	  -1.7940674e+02	
   5.6500000e+00	   2.0000000e+00	   2.0313983e+01	  -1.7811035e+02	
   5.6600000e+00	   2.0000000e+00	   2.1506534e+01	  -1.7604492e+02	
   5.6700000e+00	   2.0000000e+00	   2.0255333e+01	  -1.7514404e+02	
   5.6800000e+00	   2.0000000e+00	   2.0910258e+01	  -1.7149658e+02	
   5.6900000e+00	   2.0000000e+00	   2.1115533e+01	  -1.7182617e+02	
   5.7000000e+00	   2.0000000e+00	   2.2347185e+01	  -1.6993652e+02	
   5.7100000e+00	   2.0000000e+00	   1.9913207e+01	  -1.6978271e+02	
   5.7200000e+00	   2.0000000e+00	   2.1848659e+01	  -1.6718994e+02	
   5.7300000e+00	   2.0000000e+00	   2.2141909e+01	  -1.6666260e+02	
   5.7400000e+00	   2.0000000e+00	   2.1213284e+01	  -1.6321289e+02	
   5.7500000e+00	   2.0000000e+00	   1.9952307e+01	  -1.6468506e+02	
   5.7600000e+00	   2.0000000e+00	   2.0607233e+01	  -1.6127930e+02	
   5.7700000e+00	   2.0000000e+00	   2.0665883e+01	  -1.5982910e+02	
   5.7800000e+00	   2.0000000e+00	   2.2601335e+01	  -1.5879639e+02	
   5.7900000e+00	   2.0000000e+00	   2.0929808e+01	  -1.5892822e+02	
   5.8000000e+00	   2.0000000e+00	   2.1389234e+01	  -1.5457764e+02	
   5.8100000e+00	   2.0000000e+00	   2.0147808e+01	  -1.5611572e+02	
   5.8200000e+00	   2.0000000e+00	   2.0744083e+01	  -1.5585205e+02	
   5.8300000e+00	   2.0000000e+00	   2.1262159e+01	  -1.5440186e+02	
   5.8400000e+00	   2.0000000e+00	   1.9932757e+01	  -1.5117188e+02	
   5.8500000e+00	   2.0000000e+00	   1.9629732e+01	  -1.5112793e+02	
   5.8600000e+00	   2.0000000e+00	   1.9835007e+01	  -1.5005127e+02	
   5.8700000e+00	   2.0000000e+00	   2.1301259e+01	  -1.4802979e+02	
   5.8800000e+00	   2.0000000e+00	   2.2444935e+01	  -1.4541504e+02	
   5.8900000e+00	   2.0000000e+00	   2.1565184e+01	  -1.4418457e+02	
   5.9000000e+00	   2.0000000e+00	   2.0069607e+01	  -1.4334961e+02	
   5.9100000e+00	   2.0000000e+00	   1.9932757e+01	  -1.4244873e+02	
   5.9200000e+00	   2.0000000e+00	   2.1320809e+01	  -1.4218506e+02	
   5.9300000e+00	   2.0000000e+00	   2.1271934e+01	  -1.4084473e+02	
   5.9400000e+00	   2.0000000e+00	   2.1301259e+01	  -1.3957031e+02	
   5.9500000e+00	   2.0000000e+00	   2.1271934e+01	  -1.3752686e+02	
   5.9600000e+00	   2.0000000e+00	   2.1467434e+01	  -1.3616455e+02	
   5.9700000e+00	   2.0000000e+00	   2.0216233e+01	  -1.3693359e+02	
   5.9800000e+00	   2.0000000e+00	   1.9854557e+01	  -1.3313232e+02	
   5.9900000e+00	   2.0000000e+00	   2.1486984e+01	  -1.3146240e+02	
   6.0000000e+00	   2.0000000e+00	   2.0529033e+01	  -1.3212158e+02	
