   0.0000000e+00	  -1.0000000e+01	  -7.9026178e-01	  -1.0805149e-01	  -9.2097382e-01	  -9.2097382e-01	  -9.2097382e-01	   0.0000000e+00	  -0.0000000e+00	
   5.0000000e-01	  -1.0000000e+01	  -7.7011931e+00	  -1.2395299e+00	  -2.2988069e-01	  -2.2988069e-01	  -2.2988069e-01	   0.0000000e+00	  -0.0000000e+00	
   1.0000000e+00	  -1.0000000e+01	  -5.7950664e+00	  -2.7458977e+00	  -4.2049336e-01	  -4.2049336e-01	  -4.2049336e-01	   0.0000000e+00	  -0.0000000e+00	
   1.5000000e+00	  -1.0000000e+01	  -5.7364163e+00	  -3.5716965e+00	  -4.2635837e-01	  -4.2635837e-01	  -4.2635837e-01	   0.0000000e+00	  -0.0000000e+00	
   2.0000000e+00	  -1.0000000e+01	  -5.2965409e+00	  -4.1035117e+00	  -4.7034591e-01	  -4.7034591e-01	  -4.7034591e-01	   0.0000000e+00	  -0.0000000e+00	
   2.5000000e+00	  -1.0000000e+01	  -5.8537164e+00	  -4.5059364e+00	  -4.1462836e-01	  -4.1462836e-01	  -4.1462836e-01	   0.0000000e+00	  -0.0000000e+00	
   3.0000000e+00	  -1.0000000e+01	  -5.8243914e+00	  -4.8704873e+00	  -4.1756086e-01	  -4.1756086e-01	  -4.1756086e-01	   0.0000000e+00	  -0.0000000e+00	
   3.5000000e+00	  -1.0000000e+01	  -5.6875413e+00	  -5.1126282e+00	  -4.3124587e-01	  -4.3124587e-01	  -4.3124587e-01	   0.0000000e+00	  -0.0000000e+00	
   4.0000000e+00	  -1.0000000e+01	  -4.1528649e+00	  -5.0600081e+00	  -5.8471351e-01	  -5.8471351e-01	  -5.8471351e-01	   0.0000000e+00	  -0.0000000e+00	
   4.5000000e+00	  -1.0000000e+01	  -7.6132181e+00	  -5.2850727e+00	  -2.3867819e-01	  -2.3867819e-01	  -2.3867819e-01	   0.0000000e+00	  -0.0000000e+00	
   5.0000000e+00	   1.0000000e+01	  -4.9153156e+00	  -5.5528407e+00	   1.4915316e+00	   1.4915316e+00	   1.4915316e+00	   0.0000000e+00	   0.0000000e+00	
   5.5000000e+00	   1.0000000e+01	   9.5614728e+00	  -3.3991117e+00	   4.3852724e-02	   4.3852724e-02	   4.3852724e-02	   0.0000000e+00	   0.0000000e+00	
   6.0000000e+00	   1.0000000e+01	   4.9183435e+00	  -4.8979223e-01	   5.0816565e-01	   5.0816565e-01	   5.0816565e-01	   0.0000000e+00	   0.0000000e+00	
   6.5000000e+00	   1.0000000e+01	   6.7267202e+00	   1.2363599e+00	   3.2732798e-01	   3.2732798e-01	   3.2732798e-01	   0.0000000e+00	   0.0000000e+00	
   7.0000000e+00	   1.0000000e+01	   4.4882431e+00	   2.4316758e+00	   5.5117569e-01	   5.5117569e-01	   5.5117569e-01	   0.0000000e+00	   0.0000000e+00	
   7.5000000e+00	   1.0000000e+01	   5.9349444e+00	   3.1918652e+00	   4.0650556e-01	   4.0650556e-01	   4.0650556e-01	   0.0000000e+00	   0.0000000e+00	
   8.0000000e+00	   1.0000000e+01	   5.9447194e+00	   3.9433172e+00	   4.0552806e-01	   4.0552806e-01	   4.0552806e-01	   0.0000000e+00	   0.0000000e+00	
   8.5000000e+00	   1.0000000e+01	   3.7062424e+00	   4.1845515e+00	   6.2937576e-01	   6.2937576e-01	   6.2937576e-01	   0.0000000e+00	   0.0000000e+00	
   9.0000000e+00	   1.0000000e+01	   6.9222203e+00	   4.4934709e+00	   3.0777797e-01	   3.0777797e-01	   3.0777797e-01	   0.0000000e+00	   0.0000000e+00	
   9.5000000e+00	   1.0000000e+01	   4.8401434e+00	   4.8729508e+00	   5.1598566e-01	   5.1598566e-01	   5.1598566e-01	   0.0000000e+00	   0.0000000e+00	
   1.0000000e+01	   1.0000000e+01	   5.0160936e+00	   4.8880368e+00	   4.9839064e-01	   4.9839064e-01	   4.9839064e-01	   0.0000000e+00	   0.0000000e+00	
