   0.0000000e+00	   6.8576458e-01	   4.3816621e-01	  -1.6105957e+01	  -1.0290829e+01	
   1.0000000e-01	  -7.1635676e+00	  -4.2016125e+00	  -1.6721191e+01	  -1.9503372e+01	
   2.0000000e-01	  -1.4836950e+01	  -1.3574610e+01	  -2.4697266e+01	  -2.0898853e+01	
   3.0000000e-01	  -2.2979532e+01	  -2.0969857e+01	  -3.9155273e+01	  -3.5324427e+01	
   4.0000000e-01	  -2.8179837e+01	  -2.7278963e+01	  -5.1020508e+01	  -4.9413494e+01	
   5.0000000e-01	  -3.2705666e+01	  -3.1754856e+01	  -7.0993652e+01	  -6.4517173e+01	
   6.0000000e-01	  -3.5354694e+01	  -3.4833401e+01	  -9.2219238e+01	  -8.8104708e+01	
   7.0000000e-01	  -4.0115123e+01	  -3.8785610e+01	  -1.1489502e+02	  -1.0928412e+02	
   8.0000000e-01	  -4.1190374e+01	  -4.1460405e+01	  -1.3829590e+02	  -1.3283055e+02	
   9.0000000e-01	  -4.3800301e+01	  -4.2854999e+01	  -1.6613525e+02	  -1.5935474e+02	
   1.0000000e+00	  -4.5061278e+01	  -4.4984771e+01	  -1.4589844e+01	  -7.3016393e+01	
   1.1000000e+00	  -4.6234279e+01	  -4.6003268e+01	   1.5629150e+02	   1.2430435e+02	
   1.2000000e+00	  -4.7289980e+01	  -4.6939170e+01	   1.2755127e+02	   1.5996354e+02	
   1.3000000e+00	  -4.7514805e+01	  -4.7691220e+01	   9.2087402e+01	   8.7548970e+01	
   1.4000000e+00	  -4.8042655e+01	  -4.7744405e+01	   6.4094238e+01	   7.4028735e+01	
   1.5000000e+00	  -4.8091530e+01	  -4.8222583e+01	   3.4057617e+01	   4.1751494e+01	
   1.6000000e+00	  -4.8306581e+01	  -4.8191210e+01	   8.3276367e+00	   1.1515234e+01	
   1.7000000e+00	  -4.8375006e+01	  -4.8379435e+01	  -2.5598145e+01	  -1.4349816e+01	
   1.8000000e+00	  -4.9293856e+01	  -4.8989189e+01	  -5.5942383e+01	  -5.1486815e+01	
   1.9000000e+00	  -4.9049481e+01	  -4.9276322e+01	  -8.4704590e+01	  -7.7193656e+01	
   2.0000000e+00	  -4.9215656e+01	  -4.9077415e+01	  -1.1346680e+02	  -1.0700179e+02	
   2.1000000e+00	  -4.9078806e+01	  -4.9155004e+01	  -1.4334961e+02	  -1.3654579e+02	
   2.2000000e+00	  -4.8766006e+01	  -4.8879865e+01	  -1.7294678e+02	  -1.6594817e+02	
   2.3000000e+00	  -4.9088581e+01	  -4.8881258e+01	   1.7558350e+02	   4.5630401e+01	
   2.4000000e+00	  -4.8443431e+01	  -4.8793382e+01	   1.4172363e+02	   2.2077570e+02	
   2.5000000e+00	  -4.8746456e+01	  -4.8468540e+01	   1.1329102e+02	   9.4503815e+01	
   2.6000000e+00	  -4.9352507e+01	  -4.9238354e+01	   7.9101563e+01	   8.6716266e+01	
   2.7000000e+00	  -4.8678031e+01	  -4.9029697e+01	   5.1130371e+01	   6.8013161e+01	
   2.8000000e+00	  -4.9205881e+01	  -4.8813002e+01	   1.7731934e+01	   1.3676042e+01	
   2.9000000e+00	  -4.9420932e+01	  -4.9527802e+01	  -1.0371094e+01	   4.9950459e+00	
   3.0000000e+00	  -4.9020156e+01	  -4.9156256e+01	  -4.1594238e+01	  -3.9854573e+01	
   3.1000000e+00	  -4.9626207e+01	  -4.9298346e+01	  -7.1103516e+01	  -6.1719705e+01	
   3.2000000e+00	  -4.9215656e+01	  -4.9545388e+01	  -9.9294434e+01	  -9.3886282e+01	
   3.3000000e+00	  -4.9342732e+01	  -4.9148158e+01	  -1.3207764e+02	  -1.2392097e+02	
   3.4000000e+00	  -4.9665307e+01	  -4.9606382e+01	  -1.6218018e+02	  -1.5545320e+02	
   3.5000000e+00	  -4.8853981e+01	  -4.9221635e+01	  -1.4765625e+01	  -7.2238690e+01	
   3.6000000e+00	  -4.9157006e+01	  -4.8835177e+01	   1.5446777e+02	   1.2294208e+02	
   3.7000000e+00	  -4.9342732e+01	  -4.9423224e+01	   1.2559570e+02	   1.5750722e+02	
   3.8000000e+00	  -4.8394556e+01	  -4.8735748e+01	   9.6152344e+01	   8.9851864e+01	
   3.9000000e+00	  -5.0046532e+01	  -4.9241299e+01	   6.3237305e+01	   7.5808066e+01	
   4.0000000e+00	  -4.8687806e+01	  -4.9584317e+01	   2.7575684e+01	   3.6127721e+01	
   4.1000000e+00	  -4.8560731e+01	  -4.8221587e+01	   1.0546875e+00	   3.7308286e+00	
   4.2000000e+00	  -4.9381832e+01	  -4.9131661e+01	  -2.8959961e+01	  -1.8714547e+01	
   4.3000000e+00	  -4.9372057e+01	  -4.9615839e+01	  -5.8205566e+01	  -5.3673702e+01	
   4.4000000e+00	  -5.0036757e+01	  -4.9623607e+01	  -8.7758789e+01	  -7.9883905e+01	
   4.5000000e+00	  -4.8805106e+01	  -4.9471070e+01	  -1.1594971e+02	  -1.0995957e+02	
   4.6000000e+00	  -4.9205881e+01	  -4.8749076e+01	  -1.4785400e+02	  -1.4005699e+02	
   4.7000000e+00	  -4.9616432e+01	  -4.9624777e+01	  -1.8000000e+02	  -1.7256316e+02	
   4.8000000e+00	  -4.9616432e+01	  -4.9702620e+01	   1.7165039e+02	   4.0236280e+01	
   4.9000000e+00	  -5.0114957e+01	  -4.9833006e+01	   1.3781250e+02	   2.1764005e+02	
   5.0000000e+00	  -4.9538232e+01	  -4.9920409e+01	   1.0654541e+02	   8.8493390e+01	
   5.1000000e+00	  -3.6517920e+01	  -4.1028954e+01	   7.8793945e+01	   8.3564766e+01	
   5.2000000e+00	  -1.6948352e+01	  -2.1644709e+01	   6.2775879e+01	   7.6834047e+01	
   5.3000000e+00	   1.2858907e-01	  -3.2326487e+00	   6.2226563e+01	   4.8009670e+01	
   5.4000000e+00	   7.9876963e+00	   7.0687772e+00	   6.5434570e+01	   7.4846926e+01	
   5.5000000e+00	   1.6912280e+01	   1.4350560e+01	   7.1652832e+01	   6.3792846e+01	
   5.6000000e+00	   2.5201487e+01	   2.3497718e+01	   8.9538574e+01	   8.6773000e+01	
   5.7000000e+00	   3.0098767e+01	   2.9460885e+01	   1.0762207e+02	   1.0345380e+02	
   5.8000000e+00	   3.5269746e+01	   3.3727656e+01	   1.3003418e+02	   1.2375860e+02	
   5.9000000e+00	   3.7781924e+01	   3.7731403e+01	   1.5714844e+02	   1.5118389e+02	
   6.0000000e+00	   4.1457327e+01	   4.0256514e+01	   1.7239746e+02	   1.7016794e+02	
   6.1000000e+00	   4.2278428e+01	   4.2544156e+01	  -1.7433105e+02	  -4.7581175e+01	
   6.2000000e+00	   4.3822879e+01	   4.3271536e+01	  -1.4473389e+02	  -2.2096182e+02	
   6.3000000e+00	   4.4907905e+01	   4.4687365e+01	  -1.1834473e+02	  -9.9761381e+01	
   6.4000000e+00	   4.5601931e+01	   4.5585647e+01	  -9.0087891e+01	  -9.6031284e+01	
   6.5000000e+00	   4.5729006e+01	   4.5635827e+01	  -6.3654785e+01	  -8.0466739e+01	
   6.6000000e+00	   4.7449408e+01	   4.6912735e+01	  -3.5661621e+01	  -3.0077186e+01	
   6.7000000e+00	   4.7341883e+01	   4.7643517e+01	  -6.5917969e+00	  -2.2860970e+01	
   6.8000000e+00	   4.7723108e+01	   4.7486558e+01	   2.5576172e+01	   2.3677902e+01	
   6.9000000e+00	   4.8446459e+01	   4.8244935e+01	   5.4074707e+01	   4.5396218e+01	
   7.0000000e+00	   4.6471907e+01	   4.7349232e+01	   8.7033691e+01	   7.9391884e+01	
   7.1000000e+00	   4.8446459e+01	   4.7260494e+01	   1.2161865e+02	   1.1399505e+02	
   7.2000000e+00	   4.8329158e+01	   4.8918350e+01	   1.4972168e+02	   1.4362195e+02	
   7.3000000e+00	   4.9306659e+01	   4.8796388e+01	   1.7523193e+02	   1.6978492e+02	
   7.4000000e+00	   4.8123883e+01	   4.8669884e+01	  -1.7114502e+02	  -4.3109249e+01	
   7.5000000e+00	   4.8426909e+01	   4.8171550e+01	  -1.3855957e+02	  -2.1608750e+02	
   7.6000000e+00	   4.8925434e+01	   4.8743392e+01	  -1.0764404e+02	  -9.0415692e+01	
   7.7000000e+00	   4.8065233e+01	   4.8576557e+01	  -7.8420410e+01	  -8.3651108e+01	
   7.8000000e+00	   5.0010460e+01	   4.8993370e+01	  -4.7988281e+01	  -6.6717990e+01	
   7.9000000e+00	   4.8162983e+01	   4.9341560e+01	  -1.6962891e+01	  -1.1479856e+01	
   8.0000000e+00	   4.9717210e+01	   4.8646611e+01	   1.0019531e+01	  -5.2741449e+00	
   8.1000000e+00	   4.7586258e+01	   4.8741324e+01	   4.4121094e+01	   4.0923629e+01	
   8.2000000e+00	   4.8104333e+01	   4.7520909e+01	   7.2751465e+01	   6.4670373e+01	
   8.3000000e+00	   4.7283233e+01	   4.7652565e+01	   1.0296387e+02	   9.6137408e+01	
   8.4000000e+00	   4.7107282e+01	   4.7175196e+01	   1.3746094e+02	   1.2931166e+02	
   8.5000000e+00	   4.8827684e+01	   4.8016231e+01	   1.7292480e+02	   1.6445155e+02	
   8.6000000e+00	   4.7957708e+01	   4.8782199e+01	  -1.8000000e+02	  -4.7546060e+01	
   8.7000000e+00	   5.0157085e+01	   4.8952322e+01	  -1.5110596e+02	  -2.2962098e+02	
   8.8000000e+00	   4.9013409e+01	   4.9965632e+01	  -1.1977295e+02	  -1.0255614e+02	
   8.9000000e+00	   4.8612634e+01	   4.8424927e+01	  -8.8923340e+01	  -9.4414845e+01	
   9.0000000e+00	   4.7195257e+01	   4.7619107e+01	  -6.1347656e+01	  -7.9110874e+01	
   9.1000000e+00	   4.9932260e+01	   4.8857618e+01	  -3.1948242e+01	  -2.6229193e+01	
   9.2000000e+00	   4.8798359e+01	   4.9642131e+01	  -1.6699219e+00	  -1.8454622e+01	
   9.3000000e+00	   4.8720159e+01	   4.8484017e+01	   2.7158203e+01	   2.6726173e+01	
   9.4000000e+00	   4.7351658e+01	   4.7785041e+01	   5.9479980e+01	   4.8713306e+01	
   9.5000000e+00	   5.0812011e+01	   4.9474244e+01	   9.2702637e+01	   8.5882517e+01	
   9.6000000e+00	   4.8475784e+01	   4.9886891e+01	   1.2071777e+02	   1.1532945e+02	
   9.7000000e+00	   4.7156157e+01	   4.7100302e+01	   1.5308350e+02	   1.4403636e+02	
   9.8000000e+00	   4.7048632e+01	   4.6867214e+01	  -1.2436523e+01	   5.2570915e+01	
   9.9000000e+00	   4.8817909e+01	   4.8433834e+01	  -1.6257568e+02	  -1.4150348e+02	
   1.0000000e+01	   4.7615583e+01	   4.8163456e+01	  -1.3300049e+02	  -1.6064597e+02	
