   0.0000000e+00	   7.9714025e-02	   1.6009259e-03	  -1.7975830e+02	  -5.6296062e-01	
   1.0000000e-02	  -4.0903642e-01	  -2.5139019e-03	  -1.7553955e+02	  -1.6721436e+00	
   2.0000000e-02	  -1.0053120e+00	  -3.9969781e-02	  -1.7863770e+02	  -2.7708697e+00	
   3.0000000e-02	  -2.4617883e+00	  -1.5881717e-01	  -1.7681396e+02	  -3.8667051e+00	
   4.0000000e-02	  -2.7257136e+00	  -3.9609534e-01	  -1.7775879e+02	  -4.9529241e+00	
   5.0000000e-02	  -3.6152394e+00	  -7.4798452e-01	  -1.8000000e+02	  -6.0423175e+00	
   6.0000000e-02	  -4.7589154e+00	  -1.2091099e+00	  -1.7835205e+02	  -7.1267454e+00	
   7.0000000e-02	  -5.3942910e+00	  -1.7798131e+00	  -1.7793457e+02	  -8.1979126e+00	
   8.0000000e-02	  -5.9025915e+00	  -2.4336460e+00	  -1.8000000e+02	  -9.2675314e+00	
   9.0000000e-02	  -7.1342426e+00	  -3.1461824e+00	  -1.7945068e+02	  -1.0335199e+01	
   1.0000000e-01	  -8.4734189e+00	  -3.9257029e+00	  -1.8000000e+02	  -1.1396179e+01	
   1.1000000e-01	  -8.7764441e+00	  -4.7701739e+00	  -1.8000000e+02	  -1.2452234e+01	
   1.2000000e-01	  -7.7989432e+00	  -5.6078970e+00	  -1.7894531e+02	  -1.3498371e+01	
   1.3000000e-01	  -1.0047195e+01	  -6.3859703e+00	  -1.8000000e+02	  -1.4537955e+01	
   1.4000000e-01	  -9.1869945e+00	  -7.1166795e+00	  -1.8000000e+02	  -1.5574332e+01	
   1.5000000e-01	  -1.1376597e+01	  -7.8128868e+00	  -1.8000000e+02	  -1.6604216e+01	
   1.6000000e-01	  -1.2940598e+01	  -8.5331214e+00	  -1.8000000e+02	  -1.7627651e+01	
   1.7000000e-01	  -1.2207472e+01	  -9.3029788e+00	  -1.8000000e+02	  -1.8644674e+01	
   1.8000000e-01	  -1.4758750e+01	  -1.0096018e+01	  -1.8000000e+02	  -1.9655328e+01	
   1.9000000e-01	  -1.4133149e+01	  -1.0915406e+01	  -1.8000000e+02	  -2.0659652e+01	
   2.0000000e-01	  -1.5530975e+01	  -1.1740051e+01	  -1.8000000e+02	  -2.1657684e+01	
   2.1000000e-01	  -1.5589625e+01	  -1.2546582e+01	  -1.8000000e+02	  -2.2649466e+01	
   2.2000000e-01	  -1.5110650e+01	  -1.3297512e+01	  -1.8000000e+02	  -2.3635035e+01	
   2.3000000e-01	  -1.7945403e+01	  -1.3991329e+01	  -1.5073242e+01	  -2.4097920e+01	
   2.4000000e-01	  -1.7876978e+01	  -1.4695648e+01	  -1.2304688e+01	  -2.4032723e+01	
   2.5000000e-01	  -1.8209328e+01	  -1.5410981e+01	  -1.3139648e+01	  -2.3961879e+01	
   2.6000000e-01	  -1.9460529e+01	  -1.6113015e+01	  -1.2832031e+01	  -2.3893131e+01	
   2.7000000e-01	  -1.9910179e+01	  -1.6816085e+01	   1.7233154e+02	  -2.3243960e+01	
   2.8000000e-01	  -2.1640356e+01	  -1.7541277e+01	   1.7657227e+02	  -2.2005687e+01	
   2.9000000e-01	  -2.0144780e+01	  -1.8270889e+01	   1.7435303e+02	  -2.0768838e+01	
   3.0000000e-01	  -2.1904281e+01	  -1.8954736e+01	   1.7340820e+02	  -1.9549646e+01	
   3.1000000e-01	  -2.3243457e+01	  -1.9621828e+01	   1.7918701e+02	  -1.8322951e+01	
   3.2000000e-01	  -2.3839733e+01	  -2.0325686e+01	   1.7663818e+02	  -1.7093824e+01	
   3.3000000e-01	  -2.3204357e+01	  -2.1034667e+01	   1.7367188e+02	  -1.5889668e+01	
   3.4000000e-01	  -2.4709709e+01	  -2.1706664e+01	   1.7600098e+02	  -1.4695050e+01	
   3.5000000e-01	  -2.5560135e+01	  -2.2365743e+01	   1.7470459e+02	  -1.3504680e+01	
   3.6000000e-01	  -2.5481935e+01	  -2.3026411e+01	   1.7048584e+02	  -1.2339038e+01	
   3.7000000e-01	  -2.6371460e+01	  -2.3666827e+01	   1.7085938e+02	  -1.1192739e+01	
   3.8000000e-01	  -2.6694036e+01	  -2.4283445e+01	   1.6890381e+02	  -1.0058575e+01	
   3.9000000e-01	  -2.6967736e+01	  -2.4871583e+01	   1.6530029e+02	  -8.9489241e+00	
   4.0000000e-01	  -2.8609937e+01	  -2.5444662e+01	   1.6316895e+02	  -7.8641841e+00	
   4.1000000e-01	  -2.8473087e+01	  -2.6030755e+01	   1.5787354e+02	  -6.8094972e+00	
   4.2000000e-01	  -2.9626538e+01	  -2.6628762e+01	   1.5813721e+02	  -5.7771746e+00	
   4.3000000e-01	  -2.9997989e+01	  -2.7237411e+01	   1.5916992e+02	  -4.7472580e+00	
   4.4000000e-01	  -3.0457414e+01	  -2.7851302e+01	   1.5506104e+02	  -3.7334261e+00	
   4.5000000e-01	  -3.0281464e+01	  -2.8441620e+01	   1.5550049e+02	  -2.7374362e+00	
   4.6000000e-01	  -3.1073240e+01	  -2.8987457e+01	   1.4778809e+02	  -1.7704619e+00	
   4.7000000e-01	  -3.1102565e+01	  -2.9489777e+01	   1.4809570e+02	  -8.3273428e-01	
   4.8000000e-01	  -3.0359664e+01	  -2.9925992e+01	   1.4627197e+02	   9.4371729e-02	
   4.9000000e-01	  -3.2959816e+01	  -3.0307737e+01	   1.4433838e+02	   1.0039037e+00	
   5.0000000e-01	  -3.2353766e+01	  -3.0701230e+01	   1.4376709e+02	   1.8998942e+00	
   5.1000000e-01	  -3.2959816e+01	  -3.1110694e+01	   1.4244873e+02	   2.7843546e+00	
   5.2000000e-01	  -3.3253067e+01	  -3.1515568e+01	   1.3805420e+02	   3.6453837e+00	
   5.3000000e-01	  -3.2920716e+01	  -3.1902250e+01	   1.3757080e+02	   4.4857433e+00	
   5.4000000e-01	  -3.3497442e+01	  -3.2250324e+01	   1.3161621e+02	   5.3006770e+00	
   5.5000000e-01	  -3.5051668e+01	  -3.2593378e+01	   1.3333008e+02	   6.0972253e+00	
   5.6000000e-01	  -3.5188518e+01	  -3.2982414e+01	   1.2906738e+02	   6.8808022e+00	
   5.7000000e-01	  -3.4543368e+01	  -3.3393441e+01	   1.2559570e+02	   7.6352488e+00	
   5.8000000e-01	  -3.6390845e+01	  -3.3799492e+01	   1.2394775e+02	   8.3689365e+00	
   5.9000000e-01	  -3.6557020e+01	  -3.4234320e+01	   1.2227783e+02	   9.0876379e+00	
   6.0000000e-01	  -3.6420170e+01	  -3.4693702e+01	   1.2117920e+02	   9.7931672e+00	
   6.1000000e-01	  -3.7045770e+01	  -3.5142333e+01	   1.1922363e+02	   1.0484712e+01	
   6.2000000e-01	  -3.7133745e+01	  -3.5572176e+01	   1.1614746e+02	   1.1156168e+01	
   6.3000000e-01	  -3.8081921e+01	  -3.5990578e+01	   1.1252197e+02	   1.1802430e+01	
   6.4000000e-01	  -3.7387896e+01	  -3.6393945e+01	   1.1320313e+02	   1.2435423e+01	
   6.5000000e-01	  -3.8365396e+01	  -3.6766062e+01	   1.0738037e+02	   1.3048349e+01	
   6.6000000e-01	  -3.9069197e+01	  -3.7127703e+01	   1.0535889e+02	   1.3632869e+01	
   6.7000000e-01	  -3.8707522e+01	  -3.7494211e+01	   1.0450195e+02	   1.4204714e+01	
   6.8000000e-01	  -3.8951897e+01	  -3.7838912e+01	   1.0067871e+02	   1.4758320e+01	
   6.9000000e-01	  -3.9049647e+01	  -3.8146452e+01	   9.8151855e+01	   1.5288571e+01	
   7.0000000e-01	  -3.9978273e+01	  -3.8432937e+01	   9.4548340e+01	   1.5796302e+01	
   7.1000000e-01	  -3.9968498e+01	  -3.8721970e+01	   9.2329102e+01	   1.6282618e+01	
   7.2000000e-01	  -4.0193323e+01	  -3.9012192e+01	   8.7187500e+01	   1.6742835e+01	
   7.3000000e-01	  -4.0652749e+01	  -3.9297922e+01	   8.6660156e+01	   1.7182415e+01	
   7.4000000e-01	  -4.0545223e+01	  -3.9578627e+01	   8.4462891e+01	   1.7610710e+01	
   7.5000000e-01	  -4.0467023e+01	  -3.9836896e+01	   7.9167480e+01	   1.8012856e+01	
   7.6000000e-01	  -4.1327224e+01	  -4.0072004e+01	   7.7365723e+01	   1.8390257e+01	
   7.7000000e-01	  -4.1405424e+01	  -4.0307922e+01	   7.5014648e+01	   1.8752289e+01	
   7.8000000e-01	  -4.1835525e+01	  -4.0554462e+01	   7.5146484e+01	   1.9105103e+01	
   7.9000000e-01	  -4.2422025e+01	  -4.0818634e+01	   7.4201660e+01	   1.9453160e+01	
   8.0000000e-01	  -4.2451350e+01	  -4.1105677e+01	   6.8466797e+01	   1.9778119e+01	
   8.1000000e-01	  -4.1962600e+01	  -4.1387470e+01	   6.5302734e+01	   2.0073173e+01	
   8.2000000e-01	  -4.2510000e+01	  -4.1635211e+01	   5.9567871e+01	   2.0338509e+01	
   8.3000000e-01	  -4.2793475e+01	  -4.1859073e+01	   5.8425293e+01	   2.0580645e+01	
   8.4000000e-01	  -4.3643901e+01	  -4.2089098e+01	   5.9194336e+01	   2.0820095e+01	
   8.5000000e-01	  -4.3292001e+01	  -4.2337381e+01	   5.2668457e+01	   2.1040015e+01	
   8.6000000e-01	  -4.2959651e+01	  -4.2573698e+01	   5.0295410e+01	   2.1230689e+01	
   8.7000000e-01	  -4.3751426e+01	  -4.2778842e+01	   5.0449219e+01	   2.1413219e+01	
   8.8000000e-01	  -4.3956702e+01	  -4.2976763e+01	   4.5153809e+01	   2.1578502e+01	
   8.9000000e-01	  -4.3712326e+01	  -4.3173391e+01	   4.2956543e+01	   2.1719286e+01	
   9.0000000e-01	  -4.4582302e+01	  -4.3365174e+01	   4.2561035e+01	   2.1851067e+01	
   9.1000000e-01	  -4.4328152e+01	  -4.3563374e+01	   3.8847656e+01	   2.1969155e+01	
   9.2000000e-01	  -4.4025127e+01	  -4.3750945e+01	   3.5595703e+01	   2.2064690e+01	
   9.3000000e-01	  -4.4738702e+01	  -4.3913687e+01	   3.1047363e+01	   2.2135197e+01	
   9.4000000e-01	  -4.4670277e+01	  -4.4068633e+01	   2.9948730e+01	   2.2187578e+01	
   9.5000000e-01	  -4.4983078e+01	  -4.4223996e+01	   2.8740234e+01	   2.2232406e+01	
   9.6000000e-01	  -4.5022178e+01	  -4.4379122e+01	   2.5356445e+01	   2.2262571e+01	
   9.7000000e-01	  -4.5256778e+01	  -4.4534197e+01	   2.1643066e+01	   2.2270320e+01	
   9.8000000e-01	  -4.5716203e+01	  -4.4696217e+01	   1.7995605e+01	   2.2254968e+01	
   9.9000000e-01	  -4.5452278e+01	  -4.4867541e+01	   1.3535156e+01	   2.2214320e+01	
   1.0000000e+00	  -4.5276328e+01	  -4.5026160e+01	   1.2678223e+01	   2.2157274e+01	
   1.0100000e+00	  -4.5393628e+01	  -4.5153877e+01	   1.2304688e+01	   2.2096732e+01	
   1.0200000e+00	  -4.5334978e+01	  -4.5251515e+01	   5.8007813e+00	   2.2015031e+01	
   1.0300000e+00	  -4.5804178e+01	  -4.5331441e+01	   3.3178711e+00	   2.1905696e+01	
   1.0400000e+00	  -4.5686878e+01	  -4.5408900e+01	   1.4062500e+00	   2.1783284e+01	
   1.0500000e+00	  -4.6029003e+01	  -4.5490136e+01	  -2.7246094e+00	   2.1642715e+01	
   1.0600000e+00	  -4.5941028e+01	  -4.5576888e+01	  -3.1420898e+00	   2.1488782e+01	
   1.0700000e+00	  -4.6263604e+01	  -4.5670024e+01	  -7.8881836e+00	   2.1319643e+01	
   1.0800000e+00	  -4.5921478e+01	  -4.5764092e+01	  -1.1381836e+01	   2.1125757e+01	
   1.0900000e+00	  -4.6410229e+01	  -4.5853753e+01	  -9.4702148e+00	   2.0928132e+01	
   1.1000000e+00	  -4.6478654e+01	  -4.5947519e+01	  -1.5139160e+01	   2.0719977e+01	
   1.1100000e+00	  -4.6771904e+01	  -4.6054839e+01	  -1.7644043e+01	   2.0487528e+01	
   1.1200000e+00	  -4.6977179e+01	  -4.6179507e+01	  -2.1752930e+01	   2.0235821e+01	
   1.1300000e+00	  -4.7055379e+01	  -4.6320990e+01	  -2.2785645e+01	   1.9969589e+01	
   1.1400000e+00	  -4.6850104e+01	  -4.6465034e+01	  -2.8300781e+01	   1.9684519e+01	
   1.1500000e+00	  -4.7084704e+01	  -4.6597184e+01	  -2.7773438e+01	   1.9385613e+01	
   1.1600000e+00	  -4.7123804e+01	  -4.6717177e+01	  -3.1926270e+01	   1.9077225e+01	
   1.1700000e+00	  -4.7426830e+01	  -4.6832101e+01	  -3.2980957e+01	   1.8754460e+01	
   1.1800000e+00	  -4.7475705e+01	  -4.6948480e+01	  -3.7683105e+01	   1.8415688e+01	
   1.1900000e+00	  -4.7485480e+01	  -4.7064689e+01	  -4.0847168e+01	   1.8054403e+01	
   1.2000000e+00	  -4.7368180e+01	  -4.7170471e+01	  -4.0034180e+01	   1.7688017e+01	
   1.2100000e+00	  -4.7524580e+01	  -4.7259694e+01	  -4.6472168e+01	   1.7306310e+01	
   1.2200000e+00	  -4.7387730e+01	  -4.7332307e+01	  -4.9526367e+01	   1.6897267e+01	
   1.2300000e+00	  -4.7622330e+01	  -4.7390789e+01	  -4.9460449e+01	   1.6481427e+01	
   1.2400000e+00	  -4.7651655e+01	  -4.7442775e+01	  -5.4206543e+01	   1.6053534e+01	
   1.2500000e+00	  -4.7808055e+01	  -4.7495449e+01	  -5.6909180e+01	   1.5604994e+01	
   1.2600000e+00	  -4.7729855e+01	  -4.7549632e+01	  -5.9941406e+01	   1.5141304e+01	
   1.2700000e+00	  -4.8492306e+01	  -4.7615743e+01	  -6.3522949e+01	   1.4659804e+01	
   1.2800000e+00	  -4.8130630e+01	  -4.7705985e+01	  -6.5764160e+01	   1.4163085e+01	
   1.2900000e+00	  -4.8013330e+01	  -4.7802883e+01	  -6.8115234e+01	   1.3655096e+01	
   1.3000000e+00	  -4.7905805e+01	  -4.7882131e+01	  -7.2136230e+01	   1.3130332e+01	
   1.3100000e+00	  -4.8257706e+01	  -4.7944085e+01	  -7.4553223e+01	   1.2588693e+01	
   1.3200000e+00	  -4.7993780e+01	  -4.7996646e+01	  -7.7058105e+01	   1.2035033e+01	
   1.3300000e+00	  -4.8228380e+01	  -4.8040138e+01	  -8.0639648e+01	   1.1465779e+01	
   1.3400000e+00	  -4.8091530e+01	  -4.8075694e+01	  -8.4001465e+01	   1.0878345e+01	
   1.3500000e+00	  -4.8590056e+01	  -4.8112530e+01	  -8.6989746e+01	   1.0274704e+01	
   1.3600000e+00	  -4.8922406e+01	  -4.8171179e+01	  -8.9538574e+01	   9.6575034e+00	
   1.3700000e+00	  -4.8590056e+01	  -4.8255793e+01	  -9.3208008e+01	   9.0246942e+00	
   1.3800000e+00	  -4.8111080e+01	  -4.8333968e+01	  -9.5031738e+01	   8.3786452e+00	
   1.3900000e+00	  -4.8609606e+01	  -4.8385832e+01	  -9.6679688e+01	   7.7257704e+00	
   1.4000000e+00	  -4.8521631e+01	  -4.8425292e+01	  -1.0254639e+02	   7.0534507e+00	
   1.4100000e+00	  -4.8257706e+01	  -4.8454806e+01	  -1.0417236e+02	   6.3618768e+00	
   1.4200000e+00	  -4.8785556e+01	  -4.8473802e+01	  -1.0702881e+02	   5.6605967e+00	
   1.4300000e+00	  -4.8687806e+01	  -4.8498466e+01	  -1.1133545e+02	   4.9412761e+00	
   1.4400000e+00	  -4.9029931e+01	  -4.8538328e+01	  -1.1243408e+02	   4.2095328e+00	
   1.4500000e+00	  -4.8619381e+01	  -4.8588270e+01	  -1.1562012e+02	   3.4689543e+00	
   1.4600000e+00	  -4.8462981e+01	  -4.8627904e+01	  -1.1801514e+02	   2.7155359e+00	
   1.4700000e+00	  -4.8335906e+01	  -4.8640663e+01	  -1.2249756e+02	   1.9452980e+00	
   1.4800000e+00	  -4.8394556e+01	  -4.8628094e+01	  -1.2394775e+02	   1.1613049e+00	
   1.4900000e+00	  -4.8668256e+01	  -4.8605591e+01	  -1.2816650e+02	   3.6446867e-01	
   1.5000000e+00	  -4.9029931e+01	  -4.8597959e+01	  -1.2941895e+02	  -4.4451109e-01	
   1.5100000e+00	  -4.8629156e+01	  -4.8612454e+01	  -1.3267090e+02	  -1.2625305e+00	
   1.5200000e+00	  -4.9186331e+01	  -4.8642331e+01	  -1.3557129e+02	  -2.0946939e+00	
   1.5300000e+00	  -4.8511856e+01	  -4.8680458e+01	  -1.3985596e+02	  -2.9441469e+00	
   1.5400000e+00	  -4.8824656e+01	  -4.8711194e+01	  -1.4189941e+02	  -3.8080975e+00	
   1.5500000e+00	  -4.9029931e+01	  -4.8737863e+01	  -1.4376709e+02	  -4.6788855e+00	
   1.5600000e+00	  -4.8482531e+01	  -4.8763313e+01	  -1.4937012e+02	  -5.5676158e+00	
   1.5700000e+00	  -4.8707356e+01	  -4.8772588e+01	  -1.5095215e+02	  -6.4732814e+00	
   1.5800000e+00	  -4.8951731e+01	  -4.8773689e+01	  -1.5475342e+02	  -7.3901336e+00	
   1.5900000e+00	  -4.8697581e+01	  -4.8778686e+01	  -1.5556641e+02	  -8.3156938e+00	
   1.6000000e+00	  -4.9108131e+01	  -4.8788725e+01	  -1.6211426e+02	  -9.2585092e+00	
   1.6100000e+00	  -4.8228380e+01	  -4.8794908e+01	  -1.6598145e+02	  -1.0228037e+01	
   1.6200000e+00	  -4.9117906e+01	  -4.8788896e+01	  -1.6754150e+02	  -1.1208488e+01	
   1.6300000e+00	  -4.9557782e+01	  -4.8802440e+01	  -1.7046387e+02	  -1.2196837e+01	
   1.6400000e+00	  -4.9039706e+01	  -4.8852567e+01	  -1.7248535e+02	  -1.3194478e+01	
   1.6500000e+00	  -4.8717131e+01	  -4.8903676e+01	  -1.7687988e+02	  -1.4205963e+01	
   1.6600000e+00	  -4.9147231e+01	  -4.8936585e+01	  -1.7870361e+02	  -1.5230587e+01	
   1.6700000e+00	  -4.8766006e+01	  -4.8958319e+01	  -1.8000000e+02	  -1.6258565e+01	
   1.6800000e+00	  -4.8726906e+01	  -4.8963680e+01	  -1.8000000e+02	  -1.7284164e+01	
   1.6900000e+00	  -4.8316356e+01	  -4.8940638e+01	  -1.8000000e+02	  -1.8303340e+01	
   1.7000000e+00	  -4.8961506e+01	  -4.8896911e+01	  -1.2172852e+01	  -1.8790536e+01	
   1.7100000e+00	  -4.9499132e+01	  -4.8871896e+01	  -1.1535645e+01	  -1.8747091e+01	
   1.7200000e+00	  -4.9176556e+01	  -4.8888965e+01	   1.7749512e+02	  -1.8109922e+01	
   1.7300000e+00	  -4.8648706e+01	  -4.8918893e+01	   1.7868164e+02	  -1.6881028e+01	
   1.7400000e+00	  -4.8853981e+01	  -4.8931106e+01	   1.7723145e+02	  -1.5660657e+01	
   1.7500000e+00	  -4.8873531e+01	  -4.8929013e+01	   1.7154053e+02	  -1.4470295e+01	
   1.7600000e+00	  -4.9518682e+01	  -4.8935778e+01	   1.6890381e+02	  -1.3313468e+01	
   1.7700000e+00	  -4.8824656e+01	  -4.8960048e+01	   1.6508057e+02	  -1.2184119e+01	
   1.7800000e+00	  -4.8814881e+01	  -4.8978479e+01	   1.6615723e+02	  -1.1070445e+01	
   1.7900000e+00	  -4.9088581e+01	  -4.8982851e+01	   1.5916992e+02	  -9.9822566e+00	
   1.8000000e+00	  -4.9147231e+01	  -4.8989829e+01	   1.5857666e+02	  -8.9246250e+00	
   1.8100000e+00	  -4.9450257e+01	  -4.9011857e+01	   1.5431396e+02	  -7.8888257e+00	
   1.8200000e+00	  -5.0007432e+01	  -4.9066308e+01	   1.4721680e+02	  -6.8950906e+00	
   1.8300000e+00	  -4.8981056e+01	  -4.9145030e+01	   1.4800781e+02	  -5.9273291e+00	
   1.8400000e+00	  -4.8863756e+01	  -4.9200604e+01	   1.4539307e+02	  -4.9713407e+00	
   1.8500000e+00	  -4.9372057e+01	  -4.9221750e+01	   1.4200928e+02	  -4.0401262e+00	
   1.8600000e+00	  -4.8834431e+01	  -4.9226381e+01	   1.3359375e+02	  -3.1516971e+00	
   1.8700000e+00	  -4.9469807e+01	  -4.9221422e+01	   1.3532959e+02	  -2.2897518e+00	
   1.8800000e+00	  -4.8932181e+01	  -4.9214638e+01	   1.3493408e+02	  -1.4290078e+00	
   1.8900000e+00	  -4.9391607e+01	  -4.9207620e+01	   1.2697998e+02	  -5.9980410e-01	
   1.9000000e+00	  -4.9254756e+01	  -4.9205924e+01	   1.2447510e+02	   1.9145081e-01	
   1.9100000e+00	  -4.9841257e+01	  -4.9223287e+01	   1.1975098e+02	   9.5511014e-01	
   1.9200000e+00	  -4.9508907e+01	  -4.9265612e+01	   1.1689453e+02	   1.6902457e+00	
   1.9300000e+00	  -4.9655532e+01	  -4.9321922e+01	   1.1669678e+02	   2.4112117e+00	
   1.9400000e+00	  -4.9166781e+01	  -4.9372076e+01	   1.1225830e+02	   3.1131423e+00	
   1.9500000e+00	  -5.0066082e+01	  -4.9415627e+01	   1.0696289e+02	   3.7801922e+00	
   1.9600000e+00	  -4.9244981e+01	  -4.9461260e+01	   1.0531494e+02	   4.4213190e+00	
   1.9700000e+00	  -4.9176556e+01	  -4.9488269e+01	   1.0685303e+02	   5.0580860e+00	
   1.9800000e+00	  -4.9968332e+01	  -4.9497826e+01	   9.8547363e+01	   5.6696701e+00	
   1.9900000e+00	  -4.9059256e+01	  -4.9507594e+01	   9.6965332e+01	   6.2464576e+00	
   2.0000000e+00	  -4.9166781e+01	  -4.9498259e+01	   9.3427734e+01	   6.8035989e+00	
   2.0100000e+00	  -4.8853981e+01	  -4.9457202e+01	   8.6022949e+01	   7.3229816e+00	
   2.0200000e+00	  -4.8746456e+01	  -4.9386533e+01	   8.5297852e+01	   7.8136503e+00	
   2.0300000e+00	  -4.9469807e+01	  -4.9306477e+01	   8.3364258e+01	   8.2929192e+00	
   2.0400000e+00	  -4.8902856e+01	  -4.9242340e+01	   8.2089844e+01	   8.7591395e+00	
   2.0500000e+00	  -4.9450257e+01	  -4.9196314e+01	   7.6992188e+01	   9.2024838e+00	
   2.0600000e+00	  -4.9655532e+01	  -4.9180324e+01	   7.4970703e+01	   9.6207558e+00	
   2.0700000e+00	  -4.9137456e+01	  -4.9193717e+01	   7.0290527e+01	   1.0015420e+01	
   2.0800000e+00	  -4.9616432e+01	  -4.9217810e+01	   6.7038574e+01	   1.0382770e+01	
   2.0900000e+00	  -4.9616432e+01	  -4.9255666e+01	   6.4182129e+01	   1.0728690e+01	
   2.1000000e+00	  -4.9313406e+01	  -4.9302841e+01	   6.5170898e+01	   1.1066594e+01	
   2.1100000e+00	  -4.9968332e+01	  -4.9353184e+01	   5.8095703e+01	   1.1383320e+01	
   2.1200000e+00	  -4.9792382e+01	  -4.9418202e+01	   5.5876465e+01	   1.1668954e+01	
   2.1300000e+00	  -4.9763057e+01	  -4.9492905e+01	   5.1547852e+01	   1.1932293e+01	
   2.1400000e+00	  -4.9430707e+01	  -4.9556433e+01	   5.1943359e+01	   1.2181664e+01	
   2.1500000e+00	  -4.9694632e+01	  -4.9599051e+01	   4.3439941e+01	   1.2404082e+01	
   2.1600000e+00	  -4.9557782e+01	  -4.9626014e+01	   4.2604980e+01	   1.2595861e+01	
   2.1700000e+00	  -4.9235206e+01	  -4.9634096e+01	   3.7705078e+01	   1.2768479e+01	
   2.1800000e+00	  -4.9469807e+01	  -4.9618424e+01	   3.6672363e+01	   1.2921436e+01	
   2.1900000e+00	  -4.9626207e+01	  -4.9594864e+01	   3.3090820e+01	   1.3058984e+01	
   2.2000000e+00	  -4.9352507e+01	  -4.9573634e+01	   3.0234375e+01	   1.3175508e+01	
   2.2100000e+00	  -4.9352507e+01	  -4.9547751e+01	   3.0893555e+01	   1.3284421e+01	
   2.2200000e+00	  -4.9968332e+01	  -4.9527834e+01	   2.4389648e+01	   1.3374348e+01	
   2.2300000e+00	  -4.9675082e+01	  -4.9532189e+01	   2.1599121e+01	   1.3434603e+01	
   2.2400000e+00	  -4.9987882e+01	  -4.9558633e+01	   1.7556152e+01	   1.3473080e+01	
   2.2500000e+00	  -4.9254756e+01	  -4.9589071e+01	   1.4501953e+01	   1.3489090e+01	
   2.2600000e+00	  -4.9645757e+01	  -4.9604311e+01	   1.2722168e+01	   1.3489860e+01	
   2.2700000e+00	  -4.9528457e+01	  -4.9607207e+01	   9.1625977e+00	   1.3473904e+01	
   2.2800000e+00	  -5.0144282e+01	  -4.9617461e+01	   5.9985352e+00	   1.3436991e+01	
   2.2900000e+00	  -4.8853981e+01	  -4.9628078e+01	   3.5815430e+00	   1.3382830e+01	
   2.3000000e+00	  -4.8785556e+01	  -4.9597241e+01	  -1.8896484e+00	   1.3304305e+01	
   2.3100000e+00	  -4.9293856e+01	  -4.9523840e+01	  -1.9555664e+00	   1.3208931e+01	
   2.3200000e+00	  -4.8844206e+01	  -4.9439050e+01	  -7.2290039e+00	   1.3097432e+01	
   2.3300000e+00	  -4.9157006e+01	  -4.9352197e+01	  -7.0312500e+00	   1.2970737e+01	
   2.3400000e+00	  -4.8697581e+01	  -4.9265304e+01	  -1.3117676e+01	   1.2826392e+01	
   2.3500000e+00	  -4.9303631e+01	  -4.9185366e+01	  -1.5117188e+01	   1.2657629e+01	
   2.3600000e+00	  -4.9205881e+01	  -4.9129464e+01	  -1.9182129e+01	   1.2470930e+01	
   2.3700000e+00	  -4.9665307e+01	  -4.9110940e+01	  -2.1796875e+01	   1.2264482e+01	
   2.3800000e+00	  -4.9274306e+01	  -4.9126514e+01	  -2.2961426e+01	   1.2047490e+01	
   2.3900000e+00	  -4.9635982e+01	  -4.9163492e+01	  -2.7092285e+01	   1.1815274e+01	
   2.4000000e+00	  -4.8814881e+01	  -4.9201410e+01	  -3.0651855e+01	   1.1560428e+01	
   2.4100000e+00	  -4.9166781e+01	  -4.9218236e+01	  -3.3684082e+01	   1.1286534e+01	
   2.4200000e+00	  -4.9323182e+01	  -4.9220967e+01	  -3.4738770e+01	   1.1001556e+01	
   2.4300000e+00	  -5.0202932e+01	  -4.9245457e+01	  -3.8166504e+01	   1.0704325e+01	
   2.4400000e+00	  -4.9157006e+01	  -4.9299407e+01	  -4.1506348e+01	   1.0387762e+01	
   2.4500000e+00	  -5.0193157e+01	  -4.9364384e+01	  -4.5307617e+01	   1.0050817e+01	
   2.4600000e+00	  -4.9244981e+01	  -4.9432783e+01	  -4.7285156e+01	   9.6978844e+00	
   2.4700000e+00	  -4.9792382e+01	  -4.9491600e+01	  -5.0559082e+01	   9.3307164e+00	
   2.4800000e+00	  -4.9049481e+01	  -4.9527572e+01	  -5.4294434e+01	   8.9438967e+00	
   2.4900000e+00	  -4.9440482e+01	  -4.9535008e+01	  -5.6403809e+01	   8.5411955e+00	
   2.5000000e+00	  -5.0545058e+01	  -4.9546515e+01	  -5.9128418e+01	   8.1258778e+00	
   2.5100000e+00	  -4.9460032e+01	  -4.9590137e+01	  -6.0270996e+01	   7.7010503e+00	
   2.5200000e+00	  -4.9899907e+01	  -4.9638287e+01	  -6.5764160e+01	   7.2581022e+00	
   2.5300000e+00	  -4.9684857e+01	  -4.9677032e+01	  -6.8466797e+01	   6.7922611e+00	
   2.5400000e+00	  -4.9137456e+01	  -4.9695835e+01	  -7.0686035e+01	   6.3139238e+00	
   2.5500000e+00	  -5.0124732e+01	  -4.9693859e+01	  -7.4816895e+01	   5.8186954e+00	
   2.5600000e+00	  -4.8941956e+01	  -4.9683624e+01	  -7.7277832e+01	   5.3059251e+00	
   2.5700000e+00	  -4.9460032e+01	  -4.9651637e+01	  -7.9870605e+01	   4.7805394e+00	
   2.5800000e+00	  -4.9753282e+01	  -4.9611215e+01	  -8.2485352e+01	   4.2421358e+00	
   2.5900000e+00	  -4.9567557e+01	  -4.9587084e+01	  -8.5429688e+01	   3.6896947e+00	
   2.6000000e+00	  -4.9147231e+01	  -4.9565327e+01	  -8.8967285e+01	   3.1204140e+00	
   2.6100000e+00	  -4.9870582e+01	  -4.9540754e+01	  -9.0966797e+01	   2.5373581e+00	
   2.6200000e+00	  -4.9313406e+01	  -4.9525774e+01	  -9.4372559e+01	   1.9410261e+00	
   2.6300000e+00	  -4.9763057e+01	  -4.9519327e+01	  -9.7844238e+01	   1.3268907e+00	
   2.6400000e+00	  -4.9215656e+01	  -4.9514747e+01	  -1.0032715e+02	   6.9795366e-01	
   2.6500000e+00	  -4.9626207e+01	  -4.9507022e+01	  -1.0375488e+02	   5.4445202e-02	
   2.6600000e+00	  -5.0369107e+01	  -4.9518317e+01	  -1.0650146e+02	  -6.0436913e-01	
   2.6700000e+00	  -5.0193157e+01	  -4.9575454e+01	  -1.1001709e+02	  -1.2786687e+00	
   2.6800000e+00	  -4.9479582e+01	  -4.9650924e+01	  -1.1298340e+02	  -1.9690447e+00	
   2.6900000e+00	  -5.0330007e+01	  -4.9716972e+01	  -1.1656494e+02	  -2.6756028e+00	
   2.7000000e+00	  -4.9450257e+01	  -4.9773832e+01	  -1.1821289e+02	  -3.3941129e+00	
   2.7100000e+00	  -5.0408208e+01	  -4.9821213e+01	  -1.2150879e+02	  -4.1236056e+00	
   2.7200000e+00	  -4.8990831e+01	  -4.9851051e+01	  -1.2588135e+02	  -4.8725448e+00	
   2.7300000e+00	  -4.9225431e+01	  -4.9834261e+01	  -1.2616699e+02	  -5.6313815e+00	
   2.7400000e+00	  -4.9577332e+01	  -4.9776939e+01	  -1.3025391e+02	  -6.3991589e+00	
   2.7500000e+00	  -4.9284081e+01	  -4.9711183e+01	  -1.3469238e+02	  -7.1888269e+00	
   2.7600000e+00	  -5.0046532e+01	  -4.9655902e+01	  -1.3618652e+02	  -7.9921284e+00	
   2.7700000e+00	  -4.9020156e+01	  -4.9615903e+01	  -1.3851563e+02	  -8.8023718e+00	
   2.7800000e+00	  -4.9430707e+01	  -4.9571249e+01	  -1.4365723e+02	  -9.6309368e+00	
   2.7900000e+00	  -4.9049481e+01	  -4.9515418e+01	  -1.4521729e+02	  -1.0475300e+01	
   2.8000000e+00	  -4.9704407e+01	  -4.9462990e+01	  -1.4976563e+02	  -1.1333505e+01	
   2.8100000e+00	  -4.9372057e+01	  -4.9428932e+01	  -1.5288574e+02	  -1.2210350e+01	
   2.8200000e+00	  -5.0095407e+01	  -4.9423721e+01	  -1.5466553e+02	  -1.3097048e+01	
   2.8300000e+00	  -4.9323182e+01	  -4.9444302e+01	  -1.5884033e+02	  -1.3996840e+01	
   2.8400000e+00	  -5.0056307e+01	  -4.9478004e+01	  -1.6338867e+02	  -1.4918316e+01	
   2.8500000e+00	  -4.9264531e+01	  -4.9515451e+01	  -1.6633301e+02	  -1.5857485e+01	
   2.8600000e+00	  -4.8834431e+01	  -4.9526574e+01	  -1.6626709e+02	  -1.6799787e+01	
   2.8700000e+00	  -4.8873531e+01	  -4.9487528e+01	  -1.7149658e+02	  -1.7752357e+01	
   2.8800000e+00	  -4.8697581e+01	  -4.9408843e+01	  -1.7222168e+02	  -1.8717609e+01	
   2.8900000e+00	  -4.9362282e+01	  -4.9318123e+01	  -1.7819824e+02	  -1.9697803e+01	
   2.9000000e+00	  -4.9000606e+01	  -4.9242874e+01	  -1.8000000e+02	  -2.0696218e+01	
   2.9100000e+00	  -4.9069031e+01	  -4.9183789e+01	  -1.8000000e+02	  -2.1694022e+01	
   2.9200000e+00	  -4.8795331e+01	  -4.9129804e+01	  -1.8000000e+02	  -2.2685576e+01	
   2.9300000e+00	  -4.8766006e+01	  -4.9073220e+01	  -1.8000000e+02	  -2.3670919e+01	
   2.9400000e+00	  -4.9606657e+01	  -4.9029722e+01	  -1.3842773e+01	  -2.4129726e+01	
   2.9500000e+00	  -4.9430707e+01	  -4.9027755e+01	   1.7430908e+02	  -2.3476046e+01	
   2.9600000e+00	  -4.9069031e+01	  -4.9055133e+01	   1.7531982e+02	  -2.2234048e+01	
   2.9700000e+00	  -4.9723957e+01	  -4.9094226e+01	   1.7545166e+02	  -2.0996250e+01	
   2.9800000e+00	  -4.9948782e+01	  -4.9161249e+01	   1.7659424e+02	  -1.9762215e+01	
   2.9900000e+00	  -4.8893081e+01	  -4.9241782e+01	   1.6864014e+02	  -1.8557241e+01	
   3.0000000e+00	  -4.9508907e+01	  -4.9298990e+01	   1.6914551e+02	  -1.7383142e+01	
   3.0100000e+00	  -4.8834431e+01	  -4.9326630e+01	   1.6202637e+02	  -1.6237110e+01	
   3.0200000e+00	  -4.9176556e+01	  -4.9325233e+01	   1.6341064e+02	  -1.5116217e+01	
   3.0300000e+00	  -4.9557782e+01	  -4.9313179e+01	   1.6081787e+02	  -1.4006129e+01	
   3.0400000e+00	  -4.9049481e+01	  -4.9307234e+01	   1.5833496e+02	  -1.2918889e+01	
   3.0500000e+00	  -4.9704407e+01	  -4.9306076e+01	   1.5264404e+02	  -1.1864059e+01	
   3.0600000e+00	  -4.9313406e+01	  -4.9316327e+01	   1.5079834e+02	  -1.0839438e+01	
   3.0700000e+00	  -4.9391607e+01	  -4.9332090e+01	   1.4697510e+02	  -9.8389884e+00	
   3.0800000e+00	  -4.9362282e+01	  -4.9344821e+01	   1.4183350e+02	  -8.8728812e+00	
   3.0900000e+00	  -4.9225431e+01	  -4.9352229e+01	   1.3754883e+02	  -7.9423461e+00	
   3.1000000e+00	  -4.9557782e+01	  -4.9356218e+01	   1.3645020e+02	  -7.0344987e+00	
   3.1100000e+00	  -4.9577332e+01	  -4.9368686e+01	   1.3508789e+02	  -6.1400446e+00	
   3.1200000e+00	  -4.9147231e+01	  -4.9384413e+01	   1.2814453e+02	  -5.2772044e+00	
   3.1300000e+00	  -4.9587107e+01	  -4.9392918e+01	   1.2711182e+02	  -4.4447478e+00	
   3.1400000e+00	  -4.9890132e+01	  -4.9411225e+01	   1.2443115e+02	  -3.6291347e+00	
   3.1500000e+00	  -4.9274306e+01	  -4.9442984e+01	   1.1915771e+02	  -2.8435406e+00	
   3.1600000e+00	  -4.9577332e+01	  -4.9468256e+01	   1.1599365e+02	  -2.0892914e+00	
   3.1700000e+00	  -4.9029931e+01	  -4.9476147e+01	   1.1509277e+02	  -1.3524968e+00	
   3.1800000e+00	  -4.9166781e+01	  -4.9459104e+01	   1.1223633e+02	  -6.3208427e-01	
   3.1900000e+00	  -4.9049481e+01	  -4.9419586e+01	   1.0656738e+02	   5.7116446e-02	
   3.2000000e+00	  -4.9626207e+01	  -4.9378448e+01	   1.0261230e+02	   7.1186016e-01	
   3.2100000e+00	  -4.9381832e+01	  -4.9355477e+01	   1.0217285e+02	   1.3487402e+00	
   3.2200000e+00	  -4.9567557e+01	  -4.9351499e+01	   9.8942871e+01	   1.9701394e+00	
   3.2300000e+00	  -4.9137456e+01	  -4.9353937e+01	   9.5053711e+01	   2.5653509e+00	
   3.2400000e+00	  -4.9723957e+01	  -4.9358526e+01	   9.3933105e+01	   3.1411449e+00	
   3.2500000e+00	  -4.9117906e+01	  -4.9366876e+01	   9.0373535e+01	   3.6986752e+00	
   3.2600000e+00	  -4.9655532e+01	  -4.9375199e+01	   8.5100098e+01	   4.2250505e+00	
   3.2700000e+00	  -4.9753282e+01	  -4.9394223e+01	   8.3232422e+01	   4.7257645e+00	
   3.2800000e+00	  -4.9244981e+01	  -4.9423097e+01	   7.8837891e+01	   5.2037306e+00	
   3.2900000e+00	  -4.9557782e+01	  -4.9443797e+01	   7.6069336e+01	   5.6562698e+00	
   3.3000000e+00	  -4.9166781e+01	  -4.9452095e+01	   7.6574707e+01	   6.0988867e+00	
   3.3100000e+00	  -4.9235206e+01	  -4.9443724e+01	   6.9741211e+01	   6.5189131e+00	
   3.3200000e+00	  -4.9626207e+01	  -4.9428082e+01	   6.7829590e+01	   6.9089211e+00	
   3.3300000e+00	  -4.9235206e+01	  -4.9418262e+01	   6.4072266e+01	   7.2787323e+00	
   3.3400000e+00	  -4.9352507e+01	  -4.9407466e+01	   6.1721191e+01	   7.6270972e+00	
   3.3500000e+00	  -4.9264531e+01	  -4.9392004e+01	   5.4580078e+01	   7.9435529e+00	
   3.3600000e+00	  -4.9430707e+01	  -4.9376952e+01	   5.4492188e+01	   8.2353868e+00	
   3.3700000e+00	  -4.9860807e+01	  -4.9376917e+01	   4.9658203e+01	   8.5099787e+00	
   3.3800000e+00	  -4.9069031e+01	  -4.9391227e+01	   4.9350586e+01	   8.7667484e+00	
   3.3900000e+00	  -4.9020156e+01	  -4.9389442e+01	   4.4187012e+01	   9.0047753e+00	
   3.4000000e+00	  -5.0007432e+01	  -4.9379441e+01	   4.1550293e+01	   9.2168827e+00	
   3.4100000e+00	  -4.9039706e+01	  -4.9384212e+01	   3.9704590e+01	   9.4136236e+00	
   3.4200000e+00	  -4.9518682e+01	  -4.9388652e+01	   3.5617676e+01	   9.5905527e+00	
   3.4300000e+00	  -4.9157006e+01	  -4.9385061e+01	   3.3837891e+01	   9.7480004e+00	
   3.4400000e+00	  -4.9293856e+01	  -4.9374450e+01	   3.0410156e+01	   9.8881533e+00	
   3.4500000e+00	  -4.9372057e+01	  -4.9359993e+01	   2.9047852e+01	   1.0012427e+01	
   3.4600000e+00	  -4.9460032e+01	  -4.9351886e+01	   2.2851563e+01	   1.0112251e+01	
   3.4700000e+00	  -4.9332957e+01	  -4.9351055e+01	   2.0588379e+01	   1.0184956e+01	
   3.4800000e+00	  -4.9890132e+01	  -4.9362811e+01	   1.9160156e+01	   1.0245645e+01	
   3.4900000e+00	  -4.8873531e+01	  -4.9381105e+01	   1.4567871e+01	   1.0287100e+01	
   3.5000000e+00	  -4.9763057e+01	  -4.9390344e+01	   1.1271973e+01	   1.0303590e+01	
   3.5100000e+00	  -4.9743507e+01	  -4.9407954e+01	   8.8110352e+00	   1.0301949e+01	
   3.5200000e+00	  -4.9352507e+01	  -4.9438744e+01	   8.6352539e+00	   1.0292060e+01	
   3.5300000e+00	  -4.9763057e+01	  -4.9467661e+01	   4.0429688e+00	   1.0267300e+01	
   3.5400000e+00	  -4.9254756e+01	  -4.9491484e+01	  -1.7578125e-01	   1.0215102e+01	
   3.5500000e+00	  -4.9538232e+01	  -4.9503647e+01	  -2.4169922e+00	   1.0142999e+01	
   3.5600000e+00	  -4.8766006e+01	  -4.9493024e+01	  -7.7563477e+00	   1.0047608e+01	
   3.5700000e+00	  -4.9235206e+01	  -4.9452739e+01	  -1.1447754e+01	   9.9245318e+00	
   3.5800000e+00	  -4.9293856e+01	  -4.9401182e+01	  -1.1579590e+01	   9.7902530e+00	
   3.5900000e+00	  -4.8873531e+01	  -4.9349875e+01	  -1.4084473e+01	   9.6485577e+00	
   3.6000000e+00	  -4.9293856e+01	  -4.9295585e+01	  -1.7841797e+01	   9.4881381e+00	
   3.6100000e+00	  -4.9782607e+01	  -4.9262002e+01	  -1.9423828e+01	   9.3120017e+00	
   3.6200000e+00	  -4.9401382e+01	  -4.9264813e+01	  -2.3422852e+01	   9.1194901e+00	
   3.6300000e+00	  -4.9704407e+01	  -4.9291329e+01	  -2.7971191e+01	   8.9014158e+00	
   3.6400000e+00	  -4.8941956e+01	  -4.9320121e+01	  -2.9729004e+01	   8.6649582e+00	
   3.6500000e+00	  -4.8932181e+01	  -4.9323324e+01	  -3.3486328e+01	   8.4127094e+00	
   3.6600000e+00	  -4.9362282e+01	  -4.9302790e+01	  -3.6298828e+01	   8.1414655e+00	
   3.6700000e+00	  -4.9362282e+01	  -4.9285762e+01	  -3.9660645e+01	   7.8525841e+00	
   3.6800000e+00	  -4.9997657e+01	  -4.9293749e+01	  -4.3395996e+01	   7.5432854e+00	
   3.6900000e+00	  -4.9049481e+01	  -4.9323615e+01	  -4.5175781e+01	   7.2186519e+00	
   3.7000000e+00	  -4.9675082e+01	  -4.9352355e+01	  -4.7329102e+01	   6.8837342e+00	
   3.7100000e+00	  -4.9909682e+01	  -4.9388860e+01	  -5.2009277e+01	   6.5295133e+00	
   3.7200000e+00	  -4.9714182e+01	  -4.9445474e+01	  -5.2910156e+01	   6.1600326e+00	
   3.7300000e+00	  -4.9166781e+01	  -4.9496303e+01	  -5.7128906e+01	   5.7768327e+00	
   3.7400000e+00	  -4.9577332e+01	  -4.9521669e+01	  -5.9699707e+01	   5.3747696e+00	
   3.7500000e+00	  -4.9000606e+01	  -4.9522582e+01	  -6.1918945e+01	   4.9602237e+00	
   3.7600000e+00	  -4.9753282e+01	  -4.9507934e+01	  -6.5698242e+01	   4.5294882e+00	
   3.7700000e+00	  -4.9117906e+01	  -4.9490372e+01	  -6.7653809e+01	   4.0834905e+00	
   3.7800000e+00	  -4.9469807e+01	  -4.9469015e+01	  -7.1542969e+01	   3.6219819e+00	
   3.7900000e+00	  -4.9880357e+01	  -4.9456559e+01	  -7.4772949e+01	   3.1410686e+00	
   3.8000000e+00	  -4.9235206e+01	  -4.9461414e+01	  -7.5498047e+01	   2.6507811e+00	
   3.8100000e+00	  -4.9694632e+01	  -4.9468539e+01	  -8.0881348e+01	   2.1444344e+00	
   3.8200000e+00	  -4.9880357e+01	  -4.9485775e+01	  -8.3342285e+01	   1.6166930e+00	
   3.8300000e+00	  -4.9645757e+01	  -4.9520085e+01	  -8.6923828e+01	   1.0733335e+00	
   3.8400000e+00	  -5.0105182e+01	  -4.9566125e+01	  -8.9472656e+01	   5.1417841e-01	
   3.8500000e+00	  -4.9254756e+01	  -4.9612650e+01	  -9.2373047e+01	  -5.8540025e-02	
   3.8600000e+00	  -4.9303631e+01	  -4.9631799e+01	  -9.4504395e+01	  -6.4342944e-01	
   3.8700000e+00	  -4.9323182e+01	  -4.9617129e+01	  -9.6745605e+01	  -1.2383492e+00	
   3.8800000e+00	  -4.9264531e+01	  -4.9582536e+01	  -9.9360352e+01	  -1.8447504e+00	
   3.8900000e+00	  -4.9274306e+01	  -4.9536177e+01	  -1.0331543e+02	  -2.4679285e+00	
   3.9000000e+00	  -4.8883306e+01	  -4.9477359e+01	  -1.0538086e+02	  -3.1060581e+00	
   3.9100000e+00	  -4.9342732e+01	  -4.9408993e+01	  -1.0997314e+02	  -3.7610412e+00	
   3.9200000e+00	  -4.9723957e+01	  -4.9358253e+01	  -1.1155518e+02	  -4.4312583e+00	
   3.9300000e+00	  -4.9196106e+01	  -4.9336832e+01	  -1.1579590e+02	  -5.1155130e+00	
   3.9400000e+00	  -4.9733732e+01	  -4.9333186e+01	  -1.1931152e+02	  -5.8197728e+00	
   3.9500000e+00	  -4.9186331e+01	  -4.9341235e+01	  -1.2425537e+02	  -6.5461146e+00	
   3.9600000e+00	  -4.9489357e+01	  -4.9351032e+01	  -1.2559570e+02	  -7.2875875e+00	
   3.9700000e+00	  -5.0330007e+01	  -4.9379225e+01	  -1.2891357e+02	  -8.0390045e+00	
   3.9800000e+00	  -4.9860807e+01	  -4.9447380e+01	  -1.3284668e+02	  -8.8084234e+00	
   3.9900000e+00	  -4.9332957e+01	  -4.9523126e+01	  -1.3416504e+02	  -9.5894693e+00	
   4.0000000e+00	  -4.9909682e+01	  -4.9578612e+01	  -1.3864746e+02	  -1.0383790e+01	
   4.0100000e+00	  -4.9049481e+01	  -4.9611935e+01	  -1.3970215e+02	  -1.1190476e+01	
   4.0200000e+00	  -4.9645757e+01	  -4.9617375e+01	  -1.4422852e+02	  -1.2009588e+01	
   4.0300000e+00	  -4.8834431e+01	  -4.9594874e+01	  -1.4787598e+02	  -1.2849168e+01	
   4.0400000e+00	  -4.8795331e+01	  -4.9534863e+01	  -1.5062256e+02	  -1.3703514e+01	
   4.0500000e+00	  -4.9528457e+01	  -4.9452474e+01	  -1.5297363e+02	  -1.4568473e+01	
   4.0600000e+00	  -4.9069031e+01	  -4.9381788e+01	  -1.5514893e+02	  -1.5442190e+01	
   4.0700000e+00	  -4.9870582e+01	  -4.9336653e+01	  -1.5934570e+02	  -1.6330391e+01	
   4.0800000e+00	  -4.9851032e+01	  -4.9334107e+01	  -1.6075195e+02	  -1.7230575e+01	
   4.0900000e+00	  -4.9147231e+01	  -4.9360259e+01	  -1.6534424e+02	  -1.8143908e+01	
   4.1000000e+00	  -4.8961506e+01	  -4.9370323e+01	  -1.6903564e+02	  -1.9077462e+01	
   4.1100000e+00	  -5.0056307e+01	  -4.9369653e+01	  -1.7200195e+02	  -2.0026019e+01	
   4.1200000e+00	  -4.9362282e+01	  -4.9388459e+01	  -1.7527588e+02	  -2.0988178e+01	
   4.1300000e+00	  -4.9665307e+01	  -4.9418442e+01	  -1.8000000e+02	  -2.1969358e+01	
   4.1400000e+00	  -4.9293856e+01	  -4.9443957e+01	  -1.8000000e+02	  -2.2959187e+01	
   4.1500000e+00	  -4.9743507e+01	  -4.9464753e+01	  -1.8000000e+02	  -2.3942817e+01	
   4.1600000e+00	  -4.8961506e+01	  -4.9475749e+01	  -1.8000000e+02	  -2.4920285e+01	
   4.1700000e+00	  -4.9000606e+01	  -4.9457980e+01	  -1.8000000e+02	  -2.5891632e+01	
   4.1800000e+00	  -4.9469807e+01	  -4.9418480e+01	  -1.3183594e+01	  -2.6334464e+01	
   4.1900000e+00	  -4.8824656e+01	  -4.9374889e+01	   1.7958252e+02	  -2.5648395e+01	
   4.2000000e+00	  -4.9332957e+01	  -4.9325896e+01	   1.7709961e+02	  -2.4370701e+01	
   4.2100000e+00	  -4.8922406e+01	  -4.9276587e+01	   1.7652832e+02	  -2.3110576e+01	
   4.2200000e+00	  -4.9284081e+01	  -4.9232019e+01	   1.7391357e+02	  -2.1868320e+01	
   4.2300000e+00	  -4.9499132e+01	  -4.9204673e+01	   1.7103516e+02	  -2.0651050e+01	
   4.2400000e+00	  -4.9860807e+01	  -4.9213734e+01	   1.6497070e+02	  -1.9469410e+01	
   4.2500000e+00	  -4.9499132e+01	  -4.9257000e+01	   1.6349854e+02	  -1.8318775e+01	
   4.2600000e+00	  -5.0193157e+01	  -4.9325402e+01	   1.5982910e+02	  -1.7191448e+01	
   4.2700000e+00	  -4.9244981e+01	  -4.9406000e+01	   1.5765381e+02	  -1.6089488e+01	
   4.2800000e+00	  -4.9870582e+01	  -4.9476364e+01	   1.5517090e+02	  -1.5009017e+01	
   4.2900000e+00	  -4.9929232e+01	  -4.9541774e+01	   1.5027100e+02	  -1.3958436e+01	
   4.3000000e+00	  -4.8932181e+01	  -4.9593649e+01	   1.5314941e+02	  -1.2920766e+01	
   4.3100000e+00	  -4.9606657e+01	  -4.9607351e+01	   1.4600830e+02	  -1.1902945e+01	
   4.3200000e+00	  -4.9069031e+01	  -4.9591740e+01	   1.4143799e+02	  -1.0928176e+01	
   4.3300000e+00	  -4.9303631e+01	  -4.9555245e+01	   1.4007568e+02	  -9.9780930e+00	
   4.3400000e+00	  -4.8805106e+01	  -4.9496903e+01	   1.3963623e+02	  -9.0396032e+00	
   4.3500000e+00	  -4.9147231e+01	  -4.9420794e+01	   1.3170410e+02	  -8.1332094e+00	
   4.3600000e+00	  -4.9508907e+01	  -4.9350397e+01	   1.2755127e+02	  -7.2703401e+00	
   4.3700000e+00	  -4.9577332e+01	  -4.9312093e+01	   1.2416748e+02	  -6.4364784e+00	
   4.3800000e+00	  -4.9401382e+01	  -4.9303926e+01	   1.2414551e+02	  -5.6185056e+00	
   4.3900000e+00	  -5.0046532e+01	  -4.9323007e+01	   1.2043213e+02	  -4.8173544e+00	
   4.4000000e+00	  -4.9293856e+01	  -4.9365295e+01	   1.1197266e+02	  -4.0593438e+00	
   4.4100000e+00	  -4.9919457e+01	  -4.9414358e+01	   1.1399414e+02	  -3.3262432e+00	
   4.4200000e+00	  -4.9254756e+01	  -4.9460488e+01	   1.0872070e+02	  -2.6079188e+00	
   4.4300000e+00	  -4.9548007e+01	  -4.9492785e+01	   1.0887451e+02	  -1.9101271e+00	
   4.4400000e+00	  -4.9821707e+01	  -4.9517542e+01	   1.0419434e+02	  -1.2308816e+00	
   4.4500000e+00	  -4.9108131e+01	  -4.9538027e+01	   1.0177734e+02	  -5.7811720e-01	
   4.4600000e+00	  -4.9420932e+01	  -4.9537243e+01	   9.7163086e+01	   4.8538374e-02	
   4.4700000e+00	  -4.8941956e+01	  -4.9511495e+01	   9.3449707e+01	   6.4518868e-01	
   4.4800000e+00	  -4.9332957e+01	  -4.9466700e+01	   9.1713867e+01	   1.2210362e+00	
   4.4900000e+00	  -4.9440482e+01	  -4.9421534e+01	   9.0263672e+01	   1.7832989e+00	
   4.5000000e+00	  -4.8941956e+01	  -4.9381917e+01	   8.6264648e+01	   2.3249743e+00	
   4.5100000e+00	  -4.9264531e+01	  -4.9337656e+01	   8.1276855e+01	   2.8351122e+00	
   4.5200000e+00	  -4.9264531e+01	  -4.9296916e+01	   7.8837891e+01	   3.3187960e+00	
   4.5300000e+00	  -4.9557782e+01	  -4.9274075e+01	   7.5981445e+01	   3.7828663e+00	
   4.5400000e+00	  -4.9802157e+01	  -4.9281236e+01	   7.3278809e+01	   4.2266202e+00	
   4.5500000e+00	  -5.0564608e+01	  -4.9338080e+01	   7.1520996e+01	   4.6536255e+00	
   4.5600000e+00	  -4.9714182e+01	  -4.9440677e+01	   6.5676270e+01	   5.0541468e+00	
   4.5700000e+00	  -4.9997657e+01	  -4.9551222e+01	   6.4226074e+01	   5.4293135e+00	
   4.5800000e+00	  -4.9196106e+01	  -4.9636192e+01	   6.0446777e+01	   5.7857529e+00	
   4.5900000e+00	  -4.9362282e+01	  -4.9674770e+01	   6.0029297e+01	   6.1268163e+00	
   4.6000000e+00	  -5.0114957e+01	  -4.9686187e+01	   5.3349609e+01	   6.4435168e+00	
   4.6100000e+00	  -4.9323182e+01	  -4.9696937e+01	   5.3107910e+01	   6.7365575e+00	
   4.6200000e+00	  -4.9733732e+01	  -4.9697953e+01	   4.7482910e+01	   7.0093896e+00	
   4.6300000e+00	  -4.8893081e+01	  -4.9676350e+01	   4.1440430e+01	   7.2439730e+00	
   4.6400000e+00	  -4.8922406e+01	  -4.9617045e+01	   4.1484375e+01	   7.4583012e+00	
   4.6500000e+00	  -4.8814881e+01	  -4.9520458e+01	   3.9902344e+01	   7.6664699e+00	
   4.6600000e+00	  -4.8590056e+01	  -4.9399474e+01	   3.3991699e+01	   7.8498695e+00	
   4.6700000e+00	  -4.9254756e+01	  -4.9274723e+01	   3.2189941e+01	   8.0079669e+00	
   4.6800000e+00	  -4.9420932e+01	  -4.9183097e+01	   3.1442871e+01	   8.1570917e+00	
   4.6900000e+00	  -4.9518682e+01	  -4.9142065e+01	   2.7158203e+01	   8.2895243e+00	
   4.7000000e+00	  -4.9401382e+01	  -4.9141685e+01	   2.0632324e+01	   8.3872713e+00	
   4.7100000e+00	  -4.9117906e+01	  -4.9158966e+01	   1.8435059e+01	   8.4570872e+00	
   4.7200000e+00	  -4.9723957e+01	  -4.9184615e+01	   1.7951660e+01	   8.5180706e+00	
   4.7300000e+00	  -4.9782607e+01	  -4.9233399e+01	   1.4589844e+01	   8.5666297e+00	
   4.7400000e+00	  -4.8961506e+01	  -4.9291138e+01	   1.2150879e+01	   8.5967181e+00	
   4.7500000e+00	  -4.9372057e+01	  -4.9326424e+01	   7.9760742e+00	   8.6059051e+00	
   4.7600000e+00	  -4.9088581e+01	  -4.9338783e+01	   2.3510742e+00	   8.5843440e+00	
   4.7700000e+00	  -4.9078806e+01	  -4.9332106e+01	   1.6040039e+00	   8.5429621e+00	
   4.7800000e+00	  -4.9020156e+01	  -4.9306494e+01	   5.2734375e-01	   8.4961279e+00	
   4.7900000e+00	  -4.9029931e+01	  -4.9268439e+01	  -5.6689453e+00	   8.4268099e+00	
   4.8000000e+00	  -4.8697581e+01	  -4.9218002e+01	  -6.1083984e+00	   8.3371444e+00	
   4.8100000e+00	  -4.8726906e+01	  -4.9151110e+01	  -6.6137695e+00	   8.2450817e+00	
   4.8200000e+00	  -4.8981056e+01	  -4.9078646e+01	  -1.2810059e+01	   8.1326075e+00	
   4.8300000e+00	  -4.8717131e+01	  -4.9013927e+01	  -1.6677246e+01	   7.9893214e+00	
   4.8400000e+00	  -4.8873531e+01	  -4.8957018e+01	  -1.8544922e+01	   7.8289725e+00	
   4.8500000e+00	  -4.9059256e+01	  -4.8914402e+01	  -1.7731934e+01	   7.6663250e+00	
   4.8600000e+00	  -4.9665307e+01	  -4.8907148e+01	  -2.5334473e+01	   7.4834329e+00	
   4.8700000e+00	  -4.9264531e+01	  -4.8943181e+01	  -2.9311523e+01	   7.2654218e+00	
   4.8800000e+00	  -4.9244981e+01	  -4.8999762e+01	  -3.1442871e+01	   7.0296462e+00	
   4.8900000e+00	  -4.9059256e+01	  -4.9052412e+01	  -3.4453125e+01	   6.7792451e+00	
   4.9000000e+00	  -4.9684857e+01	  -4.9103024e+01	  -3.6254883e+01	   6.5153423e+00	
   4.9100000e+00	  -4.9557782e+01	  -4.9167108e+01	  -4.0231934e+01	   6.2349946e+00	
   4.9200000e+00	  -4.8893081e+01	  -4.9228795e+01	  -4.1308594e+01	   5.9405758e+00	
   4.9300000e+00	  -4.9841257e+01	  -4.9273781e+01	  -4.5549316e+01	   5.6313484e+00	
   4.9400000e+00	  -4.8599831e+01	  -4.9304246e+01	  -4.7043457e+01	   5.3060975e+00	
   4.9500000e+00	  -4.9411157e+01	  -4.9308423e+01	  -5.1503906e+01	   4.9642355e+00	
   4.9600000e+00	  -4.9508907e+01	  -4.9305023e+01	  -5.5744629e+01	   4.5972648e+00	
   4.9700000e+00	  -4.9157006e+01	  -4.9310191e+01	  -5.6931152e+01	   4.2155957e+00	
   4.9800000e+00	  -4.9372057e+01	  -4.9312586e+01	  -5.9919434e+01	   3.8232427e+00	
   4.9900000e+00	  -4.9821707e+01	  -4.9323611e+01	  -6.4423828e+01	   3.4098819e+00	
   5.0000000e+00	  -4.9186331e+01	  -4.9348905e+01	  -6.6115723e+01	   2.9797049e+00	
   5.0100000e+00	  -4.9870582e+01	  -4.9378569e+01	  -7.0642090e+01	   2.5327482e+00	
   5.0200000e+00	  -4.7993780e+01	  -4.9385685e+01	  -7.0334473e+01	   2.0753790e+00	
   5.0300000e+00	  -4.6801229e+01	  -4.9292175e+01	  -7.4992676e+01	   1.6072494e+00	
   5.0400000e+00	  -4.5159028e+01	  -4.9023065e+01	  -7.7080078e+01	   1.1209263e+00	
   5.0500000e+00	  -4.3927377e+01	  -4.8548304e+01	  -7.9343262e+01	   6.2402435e-01	
   5.0600000e+00	  -4.2813026e+01	  -4.7874957e+01	  -8.2441406e+01	   1.1344432e-01	
   5.0700000e+00	  -4.0163998e+01	  -4.7005640e+01	  -8.4484863e+01	  -4.1003996e-01	
   5.0800000e+00	  -3.9215822e+01	  -4.5932649e+01	  -8.6506348e+01	  -9.4297582e-01	
   5.0900000e+00	  -3.7192395e+01	  -4.4683304e+01	  -8.9384766e+01	  -1.4879190e+00	
   5.1000000e+00	  -3.6097594e+01	  -4.3298913e+01	  -9.1779785e+01	  -2.0459640e+00	
   5.1100000e+00	  -3.4562918e+01	  -4.1823691e+01	  -9.2329102e+01	  -2.6097347e+00	
   5.1200000e+00	  -3.2950041e+01	  -4.0292702e+01	  -9.4658203e+01	  -3.1789887e+00	
   5.1300000e+00	  -3.0613814e+01	  -3.8706411e+01	  -9.5141602e+01	  -3.7534852e+00	
   5.1400000e+00	  -2.8893413e+01	  -3.7051302e+01	  -9.8723145e+01	  -4.3371138e+00	
   5.1500000e+00	  -2.6430110e+01	  -3.5319524e+01	  -9.9030762e+01	  -4.9292668e+00	
   5.1600000e+00	  -2.3106607e+01	  -3.3477453e+01	  -9.9975586e+01	  -5.5216332e+00	
   5.1700000e+00	  -2.2881782e+01	  -3.1525143e+01	  -1.0338135e+02	  -6.1239142e+00	
   5.1800000e+00	  -2.0359830e+01	  -2.9532541e+01	  -1.0331543e+02	  -6.7328825e+00	
   5.1900000e+00	  -1.8248428e+01	  -2.7525953e+01	  -1.0327148e+02	  -7.3376924e+00	
   5.2000000e+00	  -1.6987452e+01	  -2.5510808e+01	  -1.0458984e+02	  -7.9427052e+00	
   5.2100000e+00	  -1.4758750e+01	  -2.3514245e+01	  -1.0511719e+02	  -8.5497089e+00	
   5.2200000e+00	  -1.4494824e+01	  -2.1569847e+01	  -1.0665527e+02	  -9.1593789e+00	
   5.2300000e+00	  -1.1063796e+01	  -1.9690837e+01	  -1.0625977e+02	  -9.7688086e+00	
   5.2400000e+00	  -1.0281796e+01	  -1.7845893e+01	  -1.0753418e+02	  -1.0377174e+01	
   5.2500000e+00	  -9.0696944e+00	  -1.6046347e+01	  -1.0927002e+02	  -1.0991156e+01	
   5.2600000e+00	  -6.9485175e+00	  -1.4313489e+01	  -1.0799561e+02	  -1.1602737e+01	
   5.2700000e+00	  -5.5800162e+00	  -1.2625581e+01	  -1.0979736e+02	  -1.2212139e+01	
   5.2800000e+00	  -3.7716395e+00	  -1.0968209e+01	  -1.0790771e+02	  -1.2817449e+01	
   5.2900000e+00	  -2.8527887e+00	  -9.3449911e+00	  -1.0792969e+02	  -1.3413118e+01	
   5.3000000e+00	  -1.0835120e+00	  -7.7653170e+00	  -1.1146729e+02	  -1.4016204e+01	
   5.3100000e+00	  -1.5488619e-01	  -6.2323011e+00	  -1.0832520e+02	  -1.4616752e+01	
   5.3200000e+00	   4.9026440e-01	  -4.7665724e+00	  -1.0834717e+02	  -1.5203766e+01	
   5.3300000e+00	   1.4482153e+00	  -3.3979431e+00	  -1.0839111e+02	  -1.5787310e+01	
   5.3400000e+00	   2.6994164e+00	  -2.1249724e+00	  -1.0876465e+02	  -1.6368506e+01	
   5.3500000e+00	   4.3318429e+00	  -9.1333456e-01	  -1.0825928e+02	  -1.6945650e+01	
   5.3600000e+00	   5.0356436e+00	   2.6646457e-01	  -1.0718262e+02	  -1.7514223e+01	
   5.3700000e+00	   6.0424695e+00	   1.4123410e+00	  -1.0601807e+02	  -1.8072217e+01	
   5.3800000e+00	   5.0356436e+00	   2.4787639e+00	  -1.0658936e+02	  -1.8624857e+01	
   5.3900000e+00	   8.8185721e+00	   3.4643133e+00	  -1.0568848e+02	  -1.9173004e+01	
   5.4000000e+00	   7.5673709e+00	   4.4254208e+00	  -1.0757813e+02	  -1.9720814e+01	
   5.4100000e+00	   8.9847472e+00	   5.3478263e+00	  -1.0410645e+02	  -2.0260238e+01	
   5.4200000e+00	   1.1575125e+01	   6.2551368e+00	  -1.0298584e+02	  -2.0781902e+01	
   5.4300000e+00	   1.0568299e+01	   7.1921708e+00	  -1.0320557e+02	  -2.1297477e+01	
   5.4400000e+00	   1.1780400e+01	   8.1089186e+00	  -1.0487549e+02	  -2.1815740e+01	
   5.4500000e+00	   1.3344401e+01	   8.9988864e+00	  -1.0037109e+02	  -2.2321881e+01	
   5.4600000e+00	   1.3569226e+01	   9.8918636e+00	  -1.0157959e+02	  -2.2814529e+01	
   5.4700000e+00	   1.3852702e+01	   1.0761169e+01	  -1.0186523e+02	  -2.3308771e+01	
   5.4800000e+00	   1.3882027e+01	   1.1561949e+01	  -9.7580566e+01	  -2.3787393e+01	
   5.4900000e+00	   1.5397153e+01	   1.2291750e+01	  -9.9536133e+01	  -2.4255723e+01	
   5.5000000e+00	   1.5670853e+01	   1.2984345e+01	  -9.5844727e+01	  -2.4715683e+01	
   5.5100000e+00	   1.7674730e+01	   1.3679106e+01	  -9.6130371e+01	  -2.5162096e+01	
   5.5200000e+00	   1.6540829e+01	   1.4382657e+01	  -9.2790527e+01	  -2.5596149e+01	
   5.5300000e+00	   1.9180082e+01	   1.5083032e+01	  -9.2988281e+01	  -2.6017642e+01	
   5.5400000e+00	   1.8847731e+01	   1.5801669e+01	  -9.1318359e+01	  -2.6431885e+01	
   5.5500000e+00	   2.1809559e+01	   1.6573427e+01	  -9.0109863e+01	  -2.6834518e+01	
   5.5600000e+00	   2.1232834e+01	   1.7417965e+01	  -8.9472656e+01	  -2.7228849e+01	
   5.5700000e+00	   2.2464485e+01	   1.8302391e+01	  -8.7407227e+01	  -2.7612247e+01	
   5.5800000e+00	   2.3129185e+01	   1.9192588e+01	  -8.6374512e+01	  -2.7983540e+01	
   5.5900000e+00	   2.2562235e+01	   2.0055022e+01	  -8.4748535e+01	  -2.8344182e+01	
   5.6000000e+00	   2.3402886e+01	   2.0837828e+01	  -8.3847656e+01	  -2.8694650e+01	
   5.6100000e+00	   2.3578836e+01	   2.1532592e+01	  -8.1672363e+01	  -2.9033290e+01	
   5.6200000e+00	   2.6491788e+01	   2.2197531e+01	  -7.9650879e+01	  -2.9356666e+01	
   5.6300000e+00	   2.5475187e+01	   2.2890044e+01	  -7.7124023e+01	  -2.9663772e+01	
   5.6400000e+00	   2.5289462e+01	   2.3558548e+01	  -7.7277832e+01	  -2.9961522e+01	
   5.6500000e+00	   2.7870065e+01	   2.4181902e+01	  -7.6003418e+01	  -3.0253898e+01	
   5.6600000e+00	   2.8495665e+01	   2.4838711e+01	  -7.3674316e+01	  -3.0533157e+01	
   5.6700000e+00	   2.8603190e+01	   2.5543328e+01	  -7.0883789e+01	  -3.0794634e+01	
   5.6800000e+00	   2.7254239e+01	   2.6211793e+01	  -7.0268555e+01	  -3.1043806e+01	
   5.6900000e+00	   3.0049892e+01	   2.6807495e+01	  -6.8005371e+01	  -3.1282404e+01	
   5.7000000e+00	   2.9922817e+01	   2.7391324e+01	  -6.4401855e+01	  -3.1501134e+01	
   5.7100000e+00	   2.8329490e+01	   2.7939680e+01	  -6.5236816e+01	  -3.1709824e+01	
   5.7200000e+00	   3.1408618e+01	   2.8416523e+01	  -6.2138672e+01	  -3.1910118e+01	
   5.7300000e+00	   3.1496593e+01	   2.8902639e+01	  -5.9919434e+01	  -3.2092505e+01	
   5.7400000e+00	   3.2444769e+01	   2.9440068e+01	  -5.7788086e+01	  -3.2260125e+01	
   5.7500000e+00	   3.2180844e+01	   3.0001783e+01	  -5.6271973e+01	  -3.2415272e+01	
   5.7600000e+00	   3.2992169e+01	   3.0558687e+01	  -5.4514160e+01	  -3.2559194e+01	
   5.7700000e+00	   3.4624596e+01	   3.1127838e+01	  -5.0888672e+01	  -3.2685356e+01	
   5.7800000e+00	   3.3392945e+01	   3.1716250e+01	  -5.0515137e+01	  -3.2798203e+01	
   5.7900000e+00	   3.4800546e+01	   3.2281329e+01	  -4.8757324e+01	  -3.2903668e+01	
   5.8000000e+00	   3.4448646e+01	   3.2810784e+01	  -4.6186523e+01	  -3.2994917e+01	
   5.8100000e+00	   3.5162221e+01	   3.3303325e+01	  -4.3483887e+01	  -3.3069079e+01	
   5.8200000e+00	   3.4712571e+01	   3.3745186e+01	  -4.2253418e+01	  -3.3130459e+01	
   5.8300000e+00	   3.5553222e+01	   3.4132202e+01	  -4.0715332e+01	  -3.3182784e+01	
   5.8400000e+00	   3.4908071e+01	   3.4464730e+01	  -3.8232422e+01	  -3.3222188e+01	
   5.8500000e+00	   3.6540498e+01	   3.4759354e+01	  -3.3090820e+01	  -3.3237468e+01	
   5.8600000e+00	   3.7390923e+01	   3.5075692e+01	  -3.2145996e+01	  -3.3233590e+01	
   5.8700000e+00	   3.7469123e+01	   3.5449058e+01	  -3.1464844e+01	  -3.3224645e+01	
   5.8800000e+00	   3.6745773e+01	   3.5834697e+01	  -3.0322266e+01	  -3.3210044e+01	
   5.8900000e+00	   3.7508224e+01	   3.6185058e+01	  -2.3730469e+01	  -3.3171312e+01	
   5.9000000e+00	   3.8075174e+01	   3.6512130e+01	  -2.5510254e+01	  -3.3117753e+01	
   5.9100000e+00	   3.9248175e+01	   3.6859634e+01	  -2.3422852e+01	  -3.3063566e+01	
   5.9200000e+00	   3.9404575e+01	   3.7253970e+01	  -1.8303223e+01	  -3.2987148e+01	
   5.9300000e+00	   3.7469123e+01	   3.7637632e+01	  -1.7424316e+01	  -3.2892422e+01	
   5.9400000e+00	   3.9072225e+01	   3.7941223e+01	  -1.3293457e+01	  -3.2782600e+01	
   5.9500000e+00	   4.0264776e+01	   3.8218544e+01	  -1.0349121e+01	  -3.2651309e+01	
   5.9600000e+00	   4.0059501e+01	   3.8532712e+01	  -6.9873047e+00	  -3.2501090e+01	
   5.9700000e+00	   4.0020401e+01	   3.8860194e+01	  -7.5146484e+00	  -3.2342935e+01	
   5.9800000e+00	   4.0694876e+01	   3.9177759e+01	  -5.8886719e+00	  -3.2182330e+01	
   5.9900000e+00	   4.0968577e+01	   3.9495256e+01	  -1.0766602e+00	  -3.2002569e+01	
   6.0000000e+00	   4.1085877e+01	   3.9814100e+01	  -3.9550781e-01	  -3.1806731e+01	
   6.0100000e+00	   4.0479826e+01	   4.0106229e+01	   4.7900391e+00	  -3.1593746e+01	
   6.0200000e+00	   4.2356628e+01	   4.0373464e+01	   7.2729492e+00	  -3.1358079e+01	
   6.0300000e+00	   4.2542353e+01	   4.0670206e+01	   9.3823242e+00	  -3.1109506e+01	
   6.0400000e+00	   4.1300927e+01	   4.0982257e+01	   1.1184082e+01	  -3.0850242e+01	
   6.0500000e+00	   4.1975403e+01	   4.1246469e+01	   1.3710938e+01	  -3.0579045e+01	
   6.0600000e+00	   4.3001779e+01	   4.1481547e+01	   1.8193359e+01	  -3.0287596e+01	
   6.0700000e+00	   4.3031104e+01	   4.1734415e+01	   1.9379883e+01	  -2.9980218e+01	
   6.0800000e+00	   4.2718303e+01	   4.1993890e+01	   1.8544922e+01	  -2.9673664e+01	
   6.0900000e+00	   4.1965628e+01	   4.2209664e+01	   2.2807617e+01	  -2.9358296e+01	
   6.1000000e+00	   4.1828778e+01	   4.2340815e+01	   2.5949707e+01	  -2.9021713e+01	
   6.1100000e+00	   4.2698753e+01	   4.2404016e+01	   3.0563965e+01	  -2.8662947e+01	
   6.1200000e+00	   4.1594177e+01	   4.2428571e+01	   3.2036133e+01	  -2.8287367e+01	
   6.1300000e+00	   4.2728078e+01	   4.2422246e+01	   3.5507813e+01	  -2.7898657e+01	
   6.1400000e+00	   4.2874703e+01	   4.2422930e+01	   3.8605957e+01	  -2.7491806e+01	
   6.1500000e+00	   4.3568729e+01	   4.2470655e+01	   4.3769531e+01	  -2.7061630e+01	
   6.1600000e+00	   4.5641031e+01	   4.2617156e+01	   4.4560547e+01	  -2.6615499e+01	
   6.1700000e+00	   4.1574627e+01	   4.2830747e+01	   4.8295898e+01	  -2.6157988e+01	
   6.1800000e+00	   4.4233430e+01	   4.3001891e+01	   4.9943848e+01	  -2.5686483e+01	
   6.1900000e+00	   4.1965628e+01	   4.3111645e+01	   5.2448730e+01	  -2.5204926e+01	
   6.2000000e+00	   4.5054530e+01	   4.3197553e+01	   5.3986816e+01	  -2.4713723e+01	
   6.2100000e+00	   4.4653755e+01	   4.3331743e+01	   5.6008301e+01	  -2.4214449e+01	
   6.2200000e+00	   4.4233430e+01	   4.3523615e+01	   6.4357910e+01	  -2.3685822e+01	
   6.2300000e+00	   4.4536455e+01	   4.3718222e+01	   6.4599609e+01	  -2.3133601e+01	
   6.2400000e+00	   4.5064305e+01	   4.3913280e+01	   6.4687500e+01	  -2.2583806e+01	
   6.2500000e+00	   4.4839480e+01	   4.4115730e+01	   6.9169922e+01	  -2.2023142e+01	
   6.2600000e+00	   4.5944056e+01	   4.4330413e+01	   7.2355957e+01	  -2.1441974e+01	
   6.2700000e+00	   4.4898130e+01	   4.4554539e+01	   7.5629883e+01	  -2.0844215e+01	
   6.2800000e+00	   4.5631256e+01	   4.4761615e+01	   7.8266602e+01	  -2.0231689e+01	
   6.2900000e+00	   4.6335057e+01	   4.4963695e+01	   8.1101074e+01	  -1.9605865e+01	
   6.3000000e+00	   4.5034980e+01	   4.5163221e+01	   8.6132813e+01	  -1.8959326e+01	
   6.3100000e+00	   4.5513956e+01	   4.5316615e+01	   8.7209473e+01	  -1.8297707e+01	
   6.3200000e+00	   4.5924506e+01	   4.5429473e+01	   8.9077148e+01	  -1.7631010e+01	
   6.3300000e+00	   4.6755382e+01	   4.5550064e+01	   9.5998535e+01	  -1.6940965e+01	
   6.3400000e+00	   4.6647857e+01	   4.5705387e+01	   9.6547852e+01	  -1.6231844e+01	
   6.3500000e+00	   4.6168882e+01	   4.5873255e+01	   9.9118652e+01	  -1.5517394e+01	
   6.3600000e+00	   4.5523731e+01	   4.6001329e+01	   1.0001953e+02	  -1.4796547e+01	
   6.3700000e+00	   4.5523731e+01	   4.6058059e+01	   1.0465576e+02	  -1.4062874e+01	
   6.3800000e+00	   4.5015430e+01	   4.6041310e+01	   1.0768799e+02	  -1.3309780e+01	
   6.3900000e+00	   4.6598982e+01	   4.5990167e+01	   1.0619385e+02	  -1.2556586e+01	
   6.4000000e+00	   4.7126832e+01	   4.5985073e+01	   1.1375244e+02	  -1.1789118e+01	
   6.4100000e+00	   4.4458255e+01	   4.6009332e+01	   1.1718018e+02	  -1.0992050e+01	
   6.4200000e+00	   4.5748556e+01	   4.5979795e+01	   1.2258545e+02	  -1.0172311e+01	
   6.4300000e+00	   4.5093631e+01	   4.5903208e+01	   1.2117920e+02	  -9.3451834e+00	
   6.4400000e+00	   4.6784707e+01	   4.5836169e+01	   1.2427734e+02	  -8.5179375e+00	
   6.4500000e+00	   4.6501232e+01	   4.5829716e+01	   1.2583740e+02	  -7.6812848e+00	
   6.4600000e+00	   4.5670356e+01	   4.5868530e+01	   1.3205566e+02	  -6.8255126e+00	
   6.4700000e+00	   4.4868805e+01	   4.5878092e+01	   1.3238525e+02	  -5.9545942e+00	
   6.4800000e+00	   4.6794482e+01	   4.5857917e+01	   1.3754883e+02	  -5.0719275e+00	
   6.4900000e+00	   4.7332108e+01	   4.5892338e+01	   1.4183350e+02	  -4.1651998e+00	
   6.5000000e+00	   4.7625358e+01	   4.6025169e+01	   1.4570068e+02	  -3.2386217e+00	
   6.5100000e+00	   4.6950882e+01	   4.6219473e+01	   1.4937012e+02	  -2.2942443e+00	
   6.5200000e+00	   4.6716282e+01	   4.6411681e+01	   1.5150146e+02	  -1.3376154e+00	
   6.5300000e+00	   4.5562831e+01	   4.6540970e+01	   1.5352295e+02	  -3.7397261e-01	
   6.5400000e+00	   4.7214807e+01	   4.6601655e+01	   1.5754395e+02	   6.0255795e-01	
   6.5500000e+00	   4.6765157e+01	   4.6647624e+01	   1.6103760e+02	   1.5965061e+00	
   6.5600000e+00	   4.7527608e+01	   4.6710892e+01	   1.6435547e+02	   2.6055607e+00	
   6.5700000e+00	   4.8270508e+01	   4.6816685e+01	   1.6404785e+02	   3.6177225e+00	
   6.5800000e+00	   4.6374157e+01	   4.6948322e+01	   1.6899170e+02	   4.6380641e+00	
   6.5900000e+00	   4.7283233e+01	   4.7042965e+01	   1.7138672e+02	   5.6749984e+00	
   6.6000000e+00	   4.7224582e+01	   4.7103530e+01	   1.7751709e+02	   6.7321374e+00	
   6.6100000e+00	   4.8299833e+01	   4.7174872e+01	   1.7481445e+02	   7.7933898e+00	
   6.6200000e+00	   4.7752433e+01	   4.7278410e+01	   1.7775879e+02	   8.8487519e+00	
   6.6300000e+00	   4.6149331e+01	   4.7361692e+01	  -1.4436035e+01	   9.3048159e+00	
   6.6400000e+00	   4.6315507e+01	   4.7353246e+01	  -1.2348633e+01	   9.1626516e+00	
   6.6500000e+00	   4.7077957e+01	   4.7276438e+01	  -1.8000000e+02	   8.5028705e+00	
   6.6600000e+00	   4.8446459e+01	   4.7223405e+01	  -1.8000000e+02	   7.3221774e+00	
   6.6700000e+00	   4.7498283e+01	   4.7241117e+01	  -1.8000000e+02	   6.1488796e+00	
   6.6800000e+00	   4.7126832e+01	   4.7284718e+01	  -1.7817627e+02	   4.9886423e+00	
   6.6900000e+00	   4.8299833e+01	   4.7331016e+01	  -1.7859375e+02	   3.8400762e+00	
   6.7000000e+00	   4.6677182e+01	   4.7382392e+01	  -1.7384766e+02	   2.7122604e+00	
   6.7100000e+00	   4.8006583e+01	   4.7417977e+01	  -1.6839844e+02	   1.6234380e+00	
   6.7200000e+00	   4.7615583e+01	   4.7453533e+01	  -1.6620117e+02	   5.6538248e-01	
   6.7300000e+00	   4.6755382e+01	   4.7479932e+01	  -1.6648682e+02	  -4.8005915e-01	
   6.7400000e+00	   4.8055458e+01	   4.7482043e+01	  -1.6103760e+02	  -1.5027815e+00	
   6.7500000e+00	   4.8935209e+01	   4.7521019e+01	  -1.5875244e+02	  -2.4948758e+00	
   6.7600000e+00	   4.7566708e+01	   4.7614471e+01	  -1.5332520e+02	  -3.4566027e+00	
   6.7700000e+00	   4.8299833e+01	   4.7712778e+01	  -1.5279785e+02	  -4.3936574e+00	
   6.7800000e+00	   4.8348709e+01	   4.7809245e+01	  -1.5079834e+02	  -5.3169292e+00	
   6.7900000e+00	   4.8534434e+01	   4.7917200e+01	  -1.4486572e+02	  -6.2095766e+00	
   6.8000000e+00	   4.8466009e+01	   4.8030917e+01	  -1.4308594e+02	  -7.0724795e+00	
   6.8100000e+00	   4.8133658e+01	   4.8133502e+01	  -1.3913086e+02	  -7.9120173e+00	
   6.8200000e+00	   4.7087732e+01	   4.8184976e+01	  -1.3926270e+02	  -8.7343231e+00	
   6.8300000e+00	   4.7586258e+01	   4.8160862e+01	  -1.3616455e+02	  -9.5421886e+00	
   6.8400000e+00	   4.8837459e+01	   4.8114352e+01	  -1.3069336e+02	  -1.0318157e+01	
   6.8500000e+00	   4.8426909e+01	   4.8109239e+01	  -1.2654053e+02	  -1.1059125e+01	
   6.8600000e+00	   4.8993859e+01	   4.8151111e+01	  -1.2493652e+02	  -1.1777422e+01	
   6.8700000e+00	   4.6423032e+01	   4.8182650e+01	  -1.2346436e+02	  -1.2481587e+01	
   6.8800000e+00	   4.6941107e+01	   4.8123556e+01	  -1.2067383e+02	  -1.3167992e+01	
   6.8900000e+00	   4.8456234e+01	   4.8010690e+01	  -1.1781738e+02	  -1.3832412e+01	
   6.9000000e+00	   4.7058407e+01	   4.7915594e+01	  -1.1254395e+02	  -1.4467209e+01	
   6.9100000e+00	   4.7908833e+01	   4.7830895e+01	  -1.1083008e+02	  -1.5076148e+01	
   6.9200000e+00	   4.8749484e+01	   4.7782638e+01	  -1.0711670e+02	  -1.5664276e+01	
   6.9300000e+00	   4.7214807e+01	   4.7781654e+01	  -1.0437012e+02	  -1.6228490e+01	
   6.9400000e+00	   4.8446459e+01	   4.7791043e+01	  -1.0245850e+02	  -1.6774581e+01	
   6.9500000e+00	   4.7293008e+01	   4.7801816e+01	  -9.9184570e+01	  -1.7301011e+01	
   6.9600000e+00	   4.9277334e+01	   4.7830868e+01	  -9.5009766e+01	  -1.7800817e+01	
   6.9700000e+00	   4.9453285e+01	   4.7929382e+01	  -9.1560059e+01	  -1.8273613e+01	
   6.9800000e+00	   4.7830633e+01	   4.8078862e+01	  -9.0417480e+01	  -1.8729067e+01	
   6.9900000e+00	   4.8593084e+01	   4.8202691e+01	  -8.7868652e+01	  -1.9170107e+01	
   7.0000000e+00	   4.8505109e+01	   4.8296392e+01	  -8.4594727e+01	  -1.9590149e+01	
   7.0100000e+00	   4.6941107e+01	   4.8343610e+01	  -8.1892090e+01	  -1.9988843e+01	
   7.0200000e+00	   4.7068182e+01	   4.8295188e+01	  -7.7937012e+01	  -2.0364189e+01	
   7.0300000e+00	   4.6833582e+01	   4.8158299e+01	  -7.6025391e+01	  -2.0718812e+01	
   7.0400000e+00	   4.8446459e+01	   4.8001190e+01	  -7.3344727e+01	  -2.1056831e+01	
   7.0500000e+00	   4.8299833e+01	   4.7900861e+01	  -7.0356445e+01	  -2.1374979e+01	
   7.0600000e+00	   4.9717210e+01	   4.7899976e+01	  -6.7543945e+01	  -2.1672968e+01	
   7.0700000e+00	   4.9551035e+01	   4.8013590e+01	  -6.5632324e+01	  -2.1954295e+01	
   7.0800000e+00	   4.8759259e+01	   4.8197401e+01	  -6.0446777e+01	  -2.2211634e+01	
   7.0900000e+00	   4.7771983e+01	   4.8356498e+01	  -5.9765625e+01	  -2.2448987e+01	
   7.1000000e+00	   4.8016358e+01	   4.8436314e+01	  -5.2954102e+01	  -2.2661389e+01	
   7.1100000e+00	   4.9492385e+01	   4.8478504e+01	  -5.1108398e+01	  -2.2845348e+01	
   7.1200000e+00	   4.9687885e+01	   4.8561294e+01	  -4.7197266e+01	  -2.3010126e+01	
   7.1300000e+00	   4.6647857e+01	   4.8639914e+01	  -4.6010742e+01	  -2.3157907e+01	
   7.1400000e+00	   4.7048632e+01	   4.8599411e+01	  -4.4604492e+01	  -2.3296642e+01	
   7.1500000e+00	   4.7938158e+01	   4.8458671e+01	  -3.9682617e+01	  -2.3414690e+01	
   7.1600000e+00	   4.8221633e+01	   4.8314421e+01	  -3.7177734e+01	  -2.3508740e+01	
   7.1700000e+00	   4.7420083e+01	   4.8192661e+01	  -3.6342773e+01	  -2.3591741e+01	
   7.1800000e+00	   4.8612634e+01	   4.8092554e+01	  -3.2761230e+01	  -2.3660391e+01	
   7.1900000e+00	   4.8632184e+01	   4.8046573e+01	  -2.5070801e+01	  -2.3693310e+01	
   7.2000000e+00	   4.9199134e+01	   4.8075120e+01	  -2.6499023e+01	  -2.3706411e+01	
   7.2100000e+00	   4.8475784e+01	   4.8157812e+01	  -2.0478516e+01	  -2.3705048e+01	
   7.2200000e+00	   4.7312558e+01	   4.8227555e+01	  -2.0720215e+01	  -2.3685595e+01	
   7.2300000e+00	   4.8534434e+01	   4.8246682e+01	  -1.3623047e+01	  -2.3644795e+01	
   7.2400000e+00	   4.9814960e+01	   4.8283242e+01	  -1.2106934e+01	  -2.3577275e+01	
   7.2500000e+00	   4.8622409e+01	   4.8380071e+01	  -7.8662109e+00	  -2.3492149e+01	
   7.2600000e+00	   4.9453285e+01	   4.8502277e+01	  -6.8774414e+00	  -2.3391179e+01	
   7.2700000e+00	   4.8006583e+01	   4.8611311e+01	  -5.6689453e+00	  -2.3283960e+01	
   7.2800000e+00	   4.9814960e+01	   4.8698033e+01	  -4.8339844e-01	  -2.3157388e+01	
   7.2900000e+00	   4.8417134e+01	   4.8778987e+01	   9.2285156e-01	  -2.3010965e+01	
   7.3000000e+00	   4.7830633e+01	   4.8818133e+01	   3.6694336e+00	  -2.2852453e+01	
   7.3100000e+00	   4.8935209e+01	   4.8797872e+01	   7.5805664e+00	  -2.2674084e+01	
   7.3200000e+00	   4.8114108e+01	   4.8757236e+01	   1.1953125e+01	  -2.2470889e+01	
   7.3300000e+00	   4.9756310e+01	   4.8728981e+01	   1.3491211e+01	  -2.2250456e+01	
   7.3400000e+00	   4.8573534e+01	   4.8736654e+01	   1.8061523e+01	  -2.2012274e+01	
   7.3500000e+00	   4.8290058e+01	   4.8746531e+01	   2.3334961e+01	  -2.1744756e+01	
   7.3600000e+00	   4.7566708e+01	   4.8707362e+01	   1.8479004e+01	  -2.1477605e+01	
   7.3700000e+00	   4.8241183e+01	   4.8618681e+01	   2.5312500e+01	  -2.1205935e+01	
   7.3800000e+00	   4.9854060e+01	   4.8550326e+01	   2.8762207e+01	  -2.0903762e+01	
   7.3900000e+00	   4.8671284e+01	   4.8555074e+01	   3.0520020e+01	  -2.0587173e+01	
   7.4000000e+00	   4.7185482e+01	   4.8561369e+01	   3.3068848e+01	  -2.0259079e+01	
   7.4100000e+00	   4.8045683e+01	   4.8501992e+01	   3.7463379e+01	  -1.9911295e+01	
   7.4200000e+00	   4.7957708e+01	   4.8408211e+01	   4.1088867e+01	  -1.9540573e+01	
   7.4300000e+00	   4.7811083e+01	   4.8310696e+01	   4.3352051e+01	  -1.9153731e+01	
   7.4400000e+00	   5.0479660e+01	   4.8264558e+01	   4.9394531e+01	  -1.8743301e+01	
   7.4500000e+00	   4.8641959e+01	   4.8322413e+01	   5.0097656e+01	  -1.8314316e+01	
   7.4600000e+00	   4.8944984e+01	   4.8428181e+01	   5.2712402e+01	  -1.7877627e+01	
   7.4700000e+00	   4.7302783e+01	   4.8498466e+01	   5.5415039e+01	  -1.7427020e+01	
   7.4800000e+00	   4.9531485e+01	   4.8525230e+01	   5.7985840e+01	  -1.6962720e+01	
   7.4900000e+00	   4.7371208e+01	   4.8535086e+01	   6.1611328e+01	  -1.6481924e+01	
   7.5000000e+00	   4.8563759e+01	   4.8515245e+01	   6.1853027e+01	  -1.5992028e+01	
   7.5100000e+00	   4.9023184e+01	   4.8491694e+01	   6.8203125e+01	  -1.5484556e+01	
   7.5200000e+00	   5.0391685e+01	   4.8537542e+01	   6.9609375e+01	  -1.4955972e+01	
   7.5300000e+00	   4.8290058e+01	   4.8646206e+01	   7.4157715e+01	  -1.4412050e+01	
   7.5400000e+00	   4.8778809e+01	   4.8739310e+01	   7.8090820e+01	  -1.3844973e+01	
   7.5500000e+00	   4.7615583e+01	   4.8769018e+01	   8.2683105e+01	  -1.3254749e+01	
   7.5600000e+00	   4.8153208e+01	   4.8729571e+01	   8.3496094e+01	  -1.2651293e+01	
   7.5700000e+00	   4.8553984e+01	   4.8655222e+01	   8.5451660e+01	  -1.2042947e+01	
   7.5800000e+00	   5.1115036e+01	   4.8642791e+01	   9.1999512e+01	  -1.1411780e+01	
   7.5900000e+00	   4.9101384e+01	   4.8741547e+01	   9.5910645e+01	  -1.0751812e+01	
   7.6000000e+00	   4.7947933e+01	   4.8851067e+01	   9.6020508e+01	  -1.0083385e+01	
   7.6100000e+00	   4.8563759e+01	   4.8884289e+01	   1.0149170e+02	  -9.4016653e+00	
   7.6200000e+00	   4.8084783e+01	   4.8857859e+01	   1.0232666e+02	  -8.7044667e+00	
   7.6300000e+00	   4.9169809e+01	   4.8810215e+01	   1.0601807e+02	  -7.9974594e+00	
   7.6400000e+00	   4.8583309e+01	   4.8774976e+01	   1.1386230e+02	  -7.2587536e+00	
   7.6500000e+00	   5.0479660e+01	   4.8786842e+01	   1.1304932e+02	  -6.5026545e+00	
   7.6600000e+00	   5.0176635e+01	   4.8886271e+01	   1.1399414e+02	  -5.7508784e+00	
   7.6700000e+00	   4.7820858e+01	   4.9012474e+01	   1.1933350e+02	  -4.9841304e+00	
   7.6800000e+00	   4.8075008e+01	   4.9050104e+01	   1.2124512e+02	  -4.1994767e+00	
   7.6900000e+00	   4.9179584e+01	   4.9012984e+01	   1.2489258e+02	  -3.4023279e+00	
   7.7000000e+00	   4.9394634e+01	   4.8984696e+01	   1.2869385e+02	  -2.5868445e+00	
   7.7100000e+00	   4.8759259e+01	   4.8982406e+01	   1.3502197e+02	  -1.7447459e+00	
   7.7200000e+00	   4.8974309e+01	   4.8980091e+01	   1.3677979e+02	  -8.8259862e-01	
   7.7300000e+00	   4.7869733e+01	   4.8951639e+01	   1.3743896e+02	  -1.8281964e-02	
   7.7400000e+00	   4.8632184e+01	   4.8883974e+01	   1.4598633e+02	   8.6945374e-01	
   7.7500000e+00	   4.8925434e+01	   4.8810927e+01	   1.4528320e+02	   1.7761954e+00	
   7.7600000e+00	   4.7165932e+01	   4.8732050e+01	   1.4833740e+02	   2.6846206e+00	
   7.7700000e+00	   4.8847234e+01	   4.8624754e+01	   1.5101807e+02	   3.6053162e+00	
   7.7800000e+00	   4.9404409e+01	   4.8551236e+01	   1.5299561e+02	   4.5348333e+00	
   7.7900000e+00	   4.8368259e+01	   4.8540624e+01	   1.5908203e+02	   5.4837829e+00	
   7.8000000e+00	   4.9531485e+01	   4.8564142e+01	   1.6444336e+02	   6.4626403e+00	
   7.8100000e+00	   4.6941107e+01	   4.8581550e+01	   1.6633301e+02	   7.4580749e+00	
   7.8200000e+00	   4.9032959e+01	   4.8554968e+01	   1.7283691e+02	   8.4735613e+00	
   7.8300000e+00	   4.9277334e+01	   4.8539214e+01	   1.7165039e+02	   9.4993399e+00	
   7.8400000e+00	   4.8984084e+01	   4.8577609e+01	   1.7494629e+02	   1.0525300e+01	
   7.8500000e+00	   4.8710384e+01	   4.8635280e+01	   1.7830811e+02	   1.1565684e+01	
   7.8600000e+00	   4.7341883e+01	   4.8656313e+01	   1.7325439e+02	   1.2594252e+01	
   7.8700000e+00	   4.9052509e+01	   4.8626049e+01	   1.7261719e+02	   1.3598556e+01	
   7.8800000e+00	   4.9609685e+01	   4.8617733e+01	  -1.3183594e+01	   1.4012690e+01	
   7.8900000e+00	   4.9081834e+01	   4.8670296e+01	  -1.8000000e+02	   1.3319915e+01	
   7.9000000e+00	   5.0939086e+01	   4.8784968e+01	  -1.8000000e+02	   1.2109051e+01	
   7.9100000e+00	   4.8974309e+01	   4.8954802e+01	  -1.8000000e+02	   1.0905770e+01	
   7.9200000e+00	   4.9414184e+01	   4.9113586e+01	  -1.7982422e+02	   9.7105769e+00	
   7.9300000e+00	   4.7879508e+01	   4.9199914e+01	  -1.8000000e+02	   8.5228698e+00	
   7.9400000e+00	   4.9081834e+01	   4.9204177e+01	  -1.7461670e+02	   7.3589107e+00	
   7.9500000e+00	   4.9795410e+01	   4.9187267e+01	  -1.6879395e+02	   6.2373367e+00	
   7.9600000e+00	   4.9824735e+01	   4.9211533e+01	  -1.6745361e+02	   5.1452209e+00	
   7.9700000e+00	   4.8524659e+01	   4.9249659e+01	  -1.6598145e+02	   4.0687537e+00	
   7.9800000e+00	   4.9932260e+01	   4.9270248e+01	  -1.6503662e+02	   3.0065984e+00	
   7.9900000e+00	   4.9335984e+01	   4.9296390e+01	  -1.5980713e+02	   1.9704324e+00	
   8.0000000e+00	   4.6579432e+01	   4.9272951e+01	  -1.5734619e+02	   9.6484116e-01	
   8.0100000e+00	   4.8583309e+01	   4.9137145e+01	  -1.5240234e+02	  -1.1261528e-02	
   8.0200000e+00	   4.8984084e+01	   4.8973358e+01	  -1.5055664e+02	  -9.5998710e-01	
   8.0300000e+00	   4.7625358e+01	   4.8833837e+01	  -1.4748047e+02	  -1.8873562e+00	
   8.0400000e+00	   4.8935209e+01	   4.8700869e+01	  -1.4328369e+02	  -2.7861394e+00	
   8.0500000e+00	   4.7400533e+01	   4.8577287e+01	  -1.4154785e+02	  -3.6607136e+00	
   8.0600000e+00	   4.8446459e+01	   4.8455322e+01	  -1.4209717e+02	  -4.5260940e+00	
   8.0700000e+00	   4.9120934e+01	   4.8368927e+01	  -1.3500000e+02	  -5.3655476e+00	
   8.0800000e+00	   4.9668335e+01	   4.8371377e+01	  -1.3014404e+02	  -6.1623090e+00	
   8.0900000e+00	   4.7380983e+01	   4.8420206e+01	  -1.2935303e+02	  -6.9363949e+00	
   8.1000000e+00	   4.9179584e+01	   4.8450098e+01	  -1.2607910e+02	  -7.6929017e+00	
   8.1100000e+00	   4.9179584e+01	   4.8491749e+01	  -1.2245361e+02	  -8.4230629e+00	
   8.1200000e+00	   4.9150259e+01	   4.8573130e+01	  -1.2021240e+02	  -9.1302776e+00	
   8.1300000e+00	   4.8162983e+01	   4.8652447e+01	  -1.1669678e+02	  -9.8150335e+00	
   8.1400000e+00	   4.7146382e+01	   4.8663408e+01	  -1.1465332e+02	  -1.0478091e+01	
   8.1500000e+00	   4.8084783e+01	   4.8587833e+01	  -1.1155518e+02	  -1.1120893e+01	
   8.1600000e+00	   5.0352585e+01	   4.8525650e+01	  -1.0744629e+02	  -1.1737098e+01	
   8.1700000e+00	   4.9326209e+01	   4.8566375e+01	  -1.0540283e+02	  -1.2330175e+01	
   8.1800000e+00	   4.8182533e+01	   4.8651178e+01	  -1.0250244e+02	  -1.2904055e+01	
   8.1900000e+00	   4.7723108e+01	   4.8681661e+01	  -9.8635254e+01	  -1.3453146e+01	
   8.2000000e+00	   4.9365309e+01	   4.8666415e+01	  -9.7163086e+01	  -1.3982076e+01	
   8.2100000e+00	   4.7693783e+01	   4.8646231e+01	  -9.2131348e+01	  -1.4487324e+01	
   8.2200000e+00	   4.9120934e+01	   4.8619004e+01	  -9.0878906e+01	  -1.4969728e+01	
   8.2300000e+00	   4.8358484e+01	   4.8597889e+01	  -8.7451172e+01	  -1.5434452e+01	
   8.2400000e+00	   5.0440560e+01	   4.8622243e+01	  -8.4243164e+01	  -1.5875484e+01	
   8.2500000e+00	   4.9160034e+01	   4.8716401e+01	  -8.0881348e+01	  -1.6293179e+01	
   8.2600000e+00	   4.7908833e+01	   4.8813018e+01	  -7.8684082e+01	  -1.6690847e+01	
   8.2700000e+00	   4.8915659e+01	   4.8847695e+01	  -7.5695801e+01	  -1.7069785e+01	
   8.2800000e+00	   4.9013409e+01	   4.8857138e+01	  -7.3344727e+01	  -1.7429628e+01	
   8.2900000e+00	   4.9091609e+01	   4.8875355e+01	  -7.0092773e+01	  -1.7769669e+01	
   8.3000000e+00	   4.7498283e+01	   4.8870842e+01	  -6.8400879e+01	  -1.8092098e+01	
   8.3100000e+00	   4.8065233e+01	   4.8801070e+01	  -6.5192871e+01	  -1.8397161e+01	
   8.3200000e+00	   4.6598982e+01	   4.8656376e+01	  -6.1962891e+01	  -1.8680152e+01	
   8.3300000e+00	   4.6618532e+01	   4.8428139e+01	  -5.9216309e+01	  -1.8942653e+01	
   8.3400000e+00	   4.8514884e+01	   4.8174079e+01	  -5.5063477e+01	  -1.9181903e+01	
   8.3500000e+00	   4.8778809e+01	   4.8005730e+01	  -5.1108398e+01	  -1.9394262e+01	
   8.3600000e+00	   4.8368259e+01	   4.7946318e+01	  -4.9658203e+01	  -1.9588362e+01	
   8.3700000e+00	   4.9257784e+01	   4.7968220e+01	  -4.5900879e+01	  -1.9764939e+01	
   8.3800000e+00	   4.9189359e+01	   4.8066623e+01	  -4.3945313e+01	  -1.9922517e+01	
   8.3900000e+00	   4.8016358e+01	   4.8197744e+01	  -4.1110840e+01	  -2.0064108e+01	
   8.4000000e+00	   4.9423960e+01	   4.8319094e+01	  -3.6452637e+01	  -2.0181346e+01	
   8.4100000e+00	   4.8084783e+01	   4.8430515e+01	  -3.3046875e+01	  -2.0272596e+01	
   8.4200000e+00	   5.0323260e+01	   4.8546053e+01	  -2.9860840e+01	  -2.0342630e+01	
   8.4300000e+00	   4.7654683e+01	   4.8664372e+01	  -2.9860840e+01	  -2.0402248e+01	
   8.4400000e+00	   4.7420083e+01	   4.8708027e+01	  -2.6630859e+01	  -2.0451376e+01	
   8.4500000e+00	   4.8084783e+01	   4.8650621e+01	  -2.1247559e+01	  -2.0473223e+01	
   8.4600000e+00	   4.7625358e+01	   4.8545772e+01	  -2.1423340e+01	  -2.0478623e+01	
   8.4700000e+00	   4.8876559e+01	   4.8438942e+01	  -1.2634277e+01	  -2.0457015e+01	
   8.4800000e+00	   4.7674233e+01	   4.8356306e+01	  -1.2941895e+01	  -2.0408981e+01	
   8.4900000e+00	   5.0499210e+01	   4.8329396e+01	  -1.0371094e+01	  -2.0354159e+01	
   8.5000000e+00	   4.8280283e+01	   4.8385148e+01	  -4.7241211e+00	  -2.0273945e+01	
   8.5100000e+00	   4.7899058e+01	   4.8449387e+01	  -5.1855469e+00	  -2.0177993e+01	
   8.5200000e+00	   4.7977258e+01	   4.8455604e+01	  -2.3730469e+00	  -2.0075280e+01	
   8.5300000e+00	   4.9844285e+01	   4.8457090e+01	   1.8457031e+00	  -1.9951189e+01	
   8.5400000e+00	   4.9971360e+01	   4.8534537e+01	   4.4604492e+00	  -1.9806475e+01	
   8.5500000e+00	   4.8847234e+01	   4.8674504e+01	   8.3496094e+00	  -1.9642298e+01	
   8.5600000e+00	   4.8700609e+01	   4.8797780e+01	   1.2788086e+01	  -1.9453070e+01	
   8.5700000e+00	   4.7068182e+01	   4.8839197e+01	   1.2150879e+01	  -1.9253122e+01	
   8.5800000e+00	   4.8671284e+01	   4.8788469e+01	   1.6149902e+01	  -1.9043898e+01	
   8.5900000e+00	   4.6794482e+01	   4.8676632e+01	   1.8588867e+01	  -1.8815823e+01	
   8.6000000e+00	   4.8075008e+01	   4.8517115e+01	   2.1818848e+01	  -1.8571422e+01	
   8.6100000e+00	   4.9120934e+01	   4.8374581e+01	   2.4982910e+01	  -1.8308527e+01	
   8.6200000e+00	   4.8456234e+01	   4.8308769e+01	   2.8696289e+01	  -1.8025740e+01	
   8.6300000e+00	   4.8641959e+01	   4.8295486e+01	   3.4409180e+01	  -1.7715204e+01	
   8.6400000e+00	   4.9277334e+01	   4.8323831e+01	   3.4628906e+01	  -1.7388034e+01	
   8.6500000e+00	   5.0196185e+01	   4.8424301e+01	   3.8100586e+01	  -1.7051351e+01	
   8.6600000e+00	   5.0538311e+01	   4.8619497e+01	   4.0341797e+01	  -1.6698887e+01	
   8.6700000e+00	   4.6862907e+01	   4.8818146e+01	   4.4165039e+01	  -1.6329637e+01	
   8.6800000e+00	   4.7908833e+01	   4.8883298e+01	   5.0251465e+01	  -1.5931666e+01	
   8.6900000e+00	   4.9639010e+01	   4.8860544e+01	   5.1657715e+01	  -1.5512722e+01	
   8.7000000e+00	   5.0137535e+01	   4.8883751e+01	   5.2207031e+01	  -1.5090278e+01	
   8.7100000e+00	   4.7605808e+01	   4.8938499e+01	   5.3942871e+01	  -1.4663323e+01	
   8.7200000e+00	   4.8260733e+01	   4.8930550e+01	   5.7766113e+01	  -1.4221633e+01	
   8.7300000e+00	   4.9032959e+01	   4.8873999e+01	   6.1259766e+01	  -1.3759794e+01	
   8.7400000e+00	   4.7713333e+01	   4.8808489e+01	   6.5039063e+01	  -1.3278071e+01	
   8.7500000e+00	   4.7850183e+01	   4.8707747e+01	   6.9016113e+01	  -1.2775074e+01	
   8.7600000e+00	   4.9296884e+01	   4.8600551e+01	   6.9807129e+01	  -1.2260295e+01	
   8.7700000e+00	   4.8436684e+01	   4.8541409e+01	   7.4750977e+01	  -1.1730781e+01	
   8.7800000e+00	   5.0684936e+01	   4.8557494e+01	   7.8024902e+01	  -1.1178847e+01	
   8.7900000e+00	   4.8153208e+01	   4.8642716e+01	   7.9892578e+01	  -1.0614267e+01	
   8.8000000e+00	   4.8378034e+01	   4.8713411e+01	   8.5451660e+01	  -1.0029965e+01	
   8.8100000e+00	   4.8006583e+01	   4.8719834e+01	   8.9978027e+01	  -9.4177380e+00	
   8.8200000e+00	   5.0333035e+01	   4.8720838e+01	   9.2900391e+01	  -8.7860177e+00	
   8.8300000e+00	   4.8749484e+01	   4.8772470e+01	   9.5778809e+01	  -8.1400874e+00	
   8.8400000e+00	   4.9208909e+01	   4.8844767e+01	   1.0153564e+02	  -7.4711594e+00	
   8.8500000e+00	   4.7771983e+01	   4.8882303e+01	   1.0052490e+02	  -6.7915576e+00	
   8.8600000e+00	   4.8553984e+01	   4.8861744e+01	   1.0415039e+02	  -6.1080237e+00	
   8.8700000e+00	   4.8436684e+01	   4.8805774e+01	   1.0810547e+02	  -5.4050307e+00	
   8.8800000e+00	   4.9052509e+01	   4.8754951e+01	   1.0865479e+02	  -4.6923341e+00	
   8.8900000e+00	   4.8436684e+01	   4.8721524e+01	   1.1190674e+02	  -3.9721968e+00	
   8.9000000e+00	   4.9384859e+01	   4.8708613e+01	   1.2124512e+02	  -3.2171402e+00	
   8.9100000e+00	   4.7283233e+01	   4.8693408e+01	   1.1946533e+02	  -2.4431412e+00	
   8.9200000e+00	   4.8241183e+01	   4.8631819e+01	   1.1942139e+02	  -1.6797016e+00	
   8.9300000e+00	   4.7586258e+01	   4.8528545e+01	   1.2500244e+02	  -9.0370296e-01	
   8.9400000e+00	   4.9746535e+01	   4.8443152e+01	   1.3016602e+02	  -9.8915147e-02	
   8.9500000e+00	   4.8661509e+01	   4.8427913e+01	   1.3104492e+02	   7.1975548e-01	
   8.9600000e+00	   4.7449408e+01	   4.8434354e+01	   1.3677979e+02	   1.5540111e+00	
   8.9700000e+00	   4.7996808e+01	   4.8394697e+01	   1.3950439e+02	   2.4095344e+00	
   8.9800000e+00	   4.8573534e+01	   4.8337888e+01	   1.4633789e+02	   3.2896329e+00	
   8.9900000e+00	   4.9228459e+01	   4.8321954e+01	   1.4570068e+02	   4.1836241e+00	
   9.0000000e+00	   4.8563759e+01	   4.8358055e+01	   1.4800781e+02	   5.0772456e+00	
   9.0100000e+00	   4.9355534e+01	   4.8426985e+01	   1.5128174e+02	   5.9827485e+00	
   9.0200000e+00	   4.9599910e+01	   4.8534792e+01	   1.5747803e+02	   6.9122382e+00	
   9.0300000e+00	   4.6931332e+01	   4.8630998e+01	   1.5732422e+02	   7.8548296e+00	
   9.0400000e+00	   4.8866784e+01	   4.8648624e+01	   1.6404785e+02	   8.8120922e+00	
   9.0500000e+00	   4.7293008e+01	   4.8606977e+01	   1.6354248e+02	   9.7828331e+00	
   9.0600000e+00	   4.9277334e+01	   4.8546169e+01	   1.6850830e+02	   1.0761463e+01	
   9.0700000e+00	   4.8211858e+01	   4.8504657e+01	   1.7116699e+02	   1.1757841e+01	
   9.0800000e+00	   4.9062284e+01	   4.8492989e+01	   1.7848389e+02	   1.2779220e+01	
   9.0900000e+00	   4.9531485e+01	   4.8523583e+01	   1.7211182e+02	   1.3797160e+01	
   9.1000000e+00	   4.9736760e+01	   4.8618872e+01	   1.7674805e+02	   1.4803288e+01	
   9.1100000e+00	   4.9619460e+01	   4.8763312e+01	   1.7479248e+02	   1.5811509e+01	
   9.1200000e+00	   5.0763136e+01	   4.8950050e+01	  -1.2370605e+01	   1.6221140e+01	
   9.1300000e+00	   4.9590135e+01	   4.9168940e+01	  -1.7914307e+02	   1.5519763e+01	
   9.1400000e+00	   4.8466009e+01	   4.9344143e+01	  -1.8000000e+02	   1.4297803e+01	
   9.1500000e+00	   4.9394634e+01	   4.9427192e+01	  -1.8000000e+02	   1.3080813e+01	
   9.1600000e+00	   4.9981135e+01	   4.9470969e+01	  -1.7756104e+02	   1.1879084e+01	
   9.1700000e+00	   4.9697660e+01	   4.9522557e+01	  -1.8000000e+02	   1.0684882e+01	
   9.1800000e+00	   4.8866784e+01	   4.9558716e+01	  -1.7655029e+02	   9.5013258e+00	
   9.1900000e+00	   4.9365309e+01	   4.9553020e+01	  -1.6945313e+02	   8.3582128e+00	
   9.2000000e+00	   5.0508986e+01	   4.9547245e+01	  -1.6765137e+02	   7.2501291e+00	
   9.2100000e+00	   4.8866784e+01	   4.9564851e+01	  -1.6749756e+02	   6.1551103e+00	
   9.2200000e+00	   4.8671284e+01	   4.9549119e+01	  -1.6411377e+02	   5.0780291e+00	
   9.2300000e+00	   4.7410308e+01	   4.9447111e+01	  -1.5886230e+02	   4.0347378e+00	
   9.2400000e+00	   4.9267559e+01	   4.9280689e+01	  -1.5532471e+02	   3.0255065e+00	
   9.2500000e+00	   4.8622409e+01	   4.9122643e+01	  -1.5134766e+02	   2.0461306e+00	
   9.2600000e+00	   4.8290058e+01	   4.8987377e+01	  -1.4950195e+02	   1.0911245e+00	
   9.2700000e+00	   4.9394634e+01	   4.8873463e+01	  -1.4543701e+02	   1.6061095e-01	
   9.2800000e+00	   5.0714261e+01	   4.8846591e+01	  -1.4172363e+02	  -7.3971448e-01	
   9.2900000e+00	   5.0606736e+01	   4.8950731e+01	  -1.3963623e+02	  -1.6162340e+00	
   9.3000000e+00	   4.7635133e+01	   4.9093034e+01	  -1.3853760e+02	  -2.4772855e+00	
   9.3100000e+00	   4.7967483e+01	   4.9133536e+01	  -1.3587891e+02	  -3.3211768e+00	
   9.3200000e+00	   4.8739709e+01	   4.9074673e+01	  -1.3177002e+02	  -4.1385878e+00	
   9.3300000e+00	   4.7654683e+01	   4.8972713e+01	  -1.2913330e+02	  -4.9297533e+00	
   9.3400000e+00	   4.7654683e+01	   4.8823230e+01	  -1.2375000e+02	  -5.6908466e+00	
   9.3500000e+00	   4.9003634e+01	   4.8660576e+01	  -1.2493652e+02	  -6.4340293e+00	
   9.3600000e+00	   4.6882457e+01	   4.8514125e+01	  -1.1915771e+02	  -7.1581752e+00	
   9.3700000e+00	   4.7253908e+01	   4.8339182e+01	  -1.1649902e+02	  -7.8513611e+00	
   9.3800000e+00	   4.8466009e+01	   4.8156681e+01	  -1.1487305e+02	  -8.5267867e+00	
   9.3900000e+00	   4.9912710e+01	   4.8069194e+01	  -1.0929199e+02	  -9.1754110e+00	
   9.4000000e+00	   4.8690834e+01	   4.8107587e+01	  -1.0812744e+02	  -9.7988469e+00	
   9.4100000e+00	   4.9062284e+01	   4.8211063e+01	  -1.0452393e+02	  -1.0403446e+01	
   9.4200000e+00	   4.8016358e+01	   4.8317344e+01	  -1.0204102e+02	  -1.0985196e+01	
   9.4300000e+00	   4.7820858e+01	   4.8378408e+01	  -9.7778320e+01	  -1.1542177e+01	
   9.4400000e+00	   4.8299833e+01	   4.8386327e+01	  -9.5053711e+01	  -1.2073787e+01	
   9.4500000e+00	   4.9081834e+01	   4.8390543e+01	  -9.2373047e+01	  -1.2585138e+01	
   9.4600000e+00	   4.9785635e+01	   4.8447210e+01	  -8.8923340e+01	  -1.3074089e+01	
   9.4700000e+00	   4.8270508e+01	   4.8546511e+01	  -8.7495117e+01	  -1.3544700e+01	
   9.4800000e+00	   4.8299833e+01	   4.8619043e+01	  -8.4067383e+01	  -1.3997155e+01	
   9.4900000e+00	   4.7019307e+01	   4.8613612e+01	  -8.1716309e+01	  -1.4428679e+01	
   9.5000000e+00	   4.7967483e+01	   4.8526813e+01	  -7.7695313e+01	  -1.4837544e+01	
   9.5100000e+00	   4.8172758e+01	   4.8411291e+01	  -7.5673828e+01	  -1.5224925e+01	
   9.5200000e+00	   4.8495334e+01	   4.8320395e+01	  -7.3432617e+01	  -1.5596530e+01	
   9.5300000e+00	   4.8368259e+01	   4.8267121e+01	  -7.0400391e+01	  -1.5949291e+01	
   9.5400000e+00	   4.8466009e+01	   4.8245594e+01	  -6.6687012e+01	  -1.6278718e+01	
   9.5500000e+00	   4.8485559e+01	   4.8247924e+01	  -6.4006348e+01	  -1.6586056e+01	
   9.5600000e+00	   4.9326209e+01	   4.8284998e+01	  -6.0622559e+01	  -1.6872478e+01	
   9.5700000e+00	   4.8739709e+01	   4.8363758e+01	  -5.7919922e+01	  -1.7138043e+01	
   9.5800000e+00	   4.8485559e+01	   4.8451147e+01	  -5.4382324e+01	  -1.7382403e+01	
   9.5900000e+00	   5.0782686e+01	   4.8561197e+01	  -5.2536621e+01	  -1.7608373e+01	
   9.6000000e+00	   4.8602859e+01	   4.8720325e+01	  -4.9482422e+01	  -1.7817582e+01	
   9.6100000e+00	   4.9463060e+01	   4.8874000e+01	  -4.6076660e+01	  -1.8005249e+01	
   9.6200000e+00	   4.8671284e+01	   4.8986703e+01	  -4.1901855e+01	  -1.8168001e+01	
   9.6300000e+00	   4.7009532e+01	   4.9016175e+01	  -4.0539551e+01	  -1.8312392e+01	
   9.6400000e+00	   4.7664458e+01	   4.8920403e+01	  -3.5793457e+01	  -1.8436749e+01	
   9.6500000e+00	   4.8221633e+01	   4.8756121e+01	  -3.3596191e+01	  -1.8538582e+01	
   9.6600000e+00	   4.9580360e+01	   4.8623920e+01	  -3.1047363e+01	  -1.8624913e+01	
   9.6700000e+00	   4.7214807e+01	   4.8541171e+01	  -2.7773438e+01	  -1.8692469e+01	
   9.6800000e+00	   4.8143433e+01	   4.8447706e+01	  -2.6191406e+01	  -1.8744393e+01	
   9.6900000e+00	   5.0342810e+01	   4.8388840e+01	  -2.1577148e+01	  -1.8776587e+01	
   9.7000000e+00	   4.8534434e+01	   4.8427566e+01	  -1.9204102e+01	  -1.8786696e+01	
   9.7100000e+00	   4.9678110e+01	   4.8520275e+01	  -1.6281738e+01	  -1.8780159e+01	
   9.7200000e+00	   4.7654683e+01	   4.8609141e+01	  -1.4458008e+01	  -1.8758798e+01	
   9.7300000e+00	   4.7478733e+01	   4.8626564e+01	  -9.2724609e+00	  -1.8715620e+01	
   9.7400000e+00	   4.8055458e+01	   4.8560646e+01	  -5.6469727e+00	  -1.8645118e+01	
   9.7500000e+00	   4.7361433e+01	   4.8452264e+01	  -3.0981445e+00	  -1.8555722e+01	
   9.7600000e+00	   4.9404409e+01	   4.8350091e+01	  -2.8564453e-01	  -1.8450095e+01	
   9.7700000e+00	   4.7566708e+01	   4.8291323e+01	   1.9775391e+00	  -1.8329233e+01	
   9.7800000e+00	   4.8221633e+01	   4.8245481e+01	   3.9111328e+00	  -1.8195986e+01	
   9.7900000e+00	   4.8162983e+01	   4.8199833e+01	   6.7016602e+00	  -1.8048778e+01	
   9.8000000e+00	   5.0606736e+01	   4.8217854e+01	   1.2019043e+01	  -1.7877100e+01	
   9.8100000e+00	   4.8583309e+01	   4.8331602e+01	   1.5468750e+01	  -1.7679041e+01	
   9.8200000e+00	   4.7938158e+01	   4.8452456e+01	   1.4216309e+01	  -1.7475341e+01	
   9.8300000e+00	   4.6853132e+01	   4.8479816e+01	   1.8852539e+01	  -1.7262320e+01	
   9.8400000e+00	   4.9218684e+01	   4.8435986e+01	   1.9665527e+01	  -1.7033568e+01	
   9.8500000e+00	   4.7899058e+01	   4.8396741e+01	   2.6652832e+01	  -1.6781819e+01	
   9.8600000e+00	   4.9951810e+01	   4.8399320e+01	   2.8234863e+01	  -1.6504811e+01	
   9.8700000e+00	   4.7478733e+01	   4.8434796e+01	   3.2014160e+01	  -1.6212746e+01	
   9.8800000e+00	   4.8573534e+01	   4.8452401e+01	   3.4716797e+01	  -1.5902212e+01	
   9.8900000e+00	   4.9150259e+01	   4.8463017e+01	   3.9001465e+01	  -1.5571740e+01	
   9.9000000e+00	   4.9541260e+01	   4.8521305e+01	   4.5922852e+01	  -1.5208243e+01	
   9.9100000e+00	   5.0225510e+01	   4.8646514e+01	   4.6032715e+01	  -1.4825002e+01	
   9.9200000e+00	   4.8974309e+01	   4.8814793e+01	   4.9592285e+01	  -1.4432671e+01	
   9.9300000e+00	   4.7537383e+01	   4.8931803e+01	   4.9592285e+01	  -1.4031648e+01	
   9.9400000e+00	   4.9492385e+01	   4.8962950e+01	   5.6447754e+01	  -1.3611668e+01	
   9.9500000e+00	   4.8319383e+01	   4.8962637e+01	   5.6887207e+01	  -1.3171473e+01	
   9.9600000e+00	   4.9609685e+01	   4.8960233e+01	   5.9985352e+01	  -1.2722956e+01	
   9.9700000e+00	   4.8739709e+01	   4.8967478e+01	   6.4995117e+01	  -1.2251856e+01	
   9.9800000e+00	   4.8505109e+01	   4.8966588e+01	   6.2819824e+01	  -1.1774830e+01	
   9.9900000e+00	   4.9335984e+01	   4.8950343e+01	   7.0092773e+01	  -1.1284827e+01	
   1.0000000e+01	   4.8876559e+01	   4.8944991e+01	   6.8862305e+01	  -1.0778969e+01	
