   0.0000000e+00	   5.7823948e-01	   1.8109097e-03	   1.7536377e+02	   5.4919798e-01	
   1.0000000e-02	  -5.3611154e-01	   1.9315018e-03	   1.7553955e+02	   1.6447045e+00	
   2.0000000e-02	  -1.2301372e+00	  -3.6120708e-03	   1.7964844e+02	   2.7467679e+00	
   3.0000000e-02	  -2.5263628e-01	  -8.2331433e-03	   1.7470459e+02	   3.8393136e+00	
   4.0000000e-02	  -3.2144640e+00	  -1.9039715e-02	   1.7611084e+02	   4.9139372e+00	
   5.0000000e-02	  -3.2731141e+00	  -3.9238025e-02	   1.7426514e+02	   5.9804535e+00	
   6.0000000e-02	  -3.3610891e+00	  -5.9769016e-02	   1.7725342e+02	   7.0438680e+00	
   7.0000000e-02	  -4.6807154e+00	  -8.4579687e-02	   1.7171631e+02	   8.0926395e+00	
   8.0000000e-02	  -5.1010407e+00	  -1.1468407e-01	   1.7448486e+02	   9.1261714e+00	
   9.0000000e-02	  -6.0687666e+00	  -1.4894695e-01	   1.7310059e+02	   1.0157565e+01	
   1.0000000e-01	  -6.1371917e+00	  -1.8624020e-01	   1.7323242e+02	   1.1178576e+01	
   1.1000000e-01	  -8.7862191e+00	  -2.3181028e-01	   1.7549561e+02	   1.2200693e+01	
   1.2000000e-01	  -9.0012693e+00	  -2.8606455e-01	   1.7602295e+02	   1.3225147e+01	
   1.3000000e-01	  -8.5907190e+00	  -3.3936674e-01	   1.7736328e+02	   1.4249033e+01	
   1.4000000e-01	  -1.0184045e+01	  -3.9603924e-01	   1.7419922e+02	   1.5260795e+01	
   1.5000000e-01	  -1.0535946e+01	  -4.5844877e-01	   1.7483643e+02	   1.6258306e+01	
   1.6000000e-01	  -1.1796922e+01	  -5.2551854e-01	   1.7630859e+02	   1.7256175e+01	
   1.7000000e-01	  -1.1689397e+01	  -5.9578055e-01	   1.7380371e+02	   1.8244559e+01	
   1.8000000e-01	  -1.3165423e+01	  -6.6988830e-01	   1.7367188e+02	   1.9218496e+01	
   1.9000000e-01	  -1.4778300e+01	  -7.5320558e-01	   1.7725342e+02	   2.0197135e+01	
   2.0000000e-01	  -1.4983575e+01	  -8.4169503e-01	   1.7301270e+02	   2.1167581e+01	
   2.1000000e-01	  -1.6420501e+01	  -9.3477321e-01	   1.7193604e+02	   2.2115295e+01	
   2.2000000e-01	  -1.6400951e+01	  -1.0317073e+00	   1.6938721e+02	   2.3045719e+01	
   2.3000000e-01	  -1.7505527e+01	  -1.1314323e+00	   1.6560791e+02	   2.3950497e+01	
   2.4000000e-01	  -1.7339352e+01	  -1.2334714e+00	   1.6387207e+02	   2.4832336e+01	
   2.5000000e-01	  -1.9558279e+01	  -1.3413002e+00	   1.6514648e+02	   2.5707207e+01	
   2.6000000e-01	  -1.9489854e+01	  -1.4551885e+00	   1.6446533e+02	   2.6578456e+01	
   2.7000000e-01	  -1.9607154e+01	  -1.5685165e+00	   1.6391602e+02	   2.7440394e+01	
   2.8000000e-01	  -1.9763554e+01	  -1.6819918e+00	   1.5688477e+02	   2.8273192e+01	
   2.9000000e-01	  -2.1532831e+01	  -1.8007872e+00	   1.6046631e+02	   2.9089971e+01	
   3.0000000e-01	  -2.2226857e+01	  -1.9265529e+00	   1.5877441e+02	   2.9907552e+01	
   3.1000000e-01	  -2.2236632e+01	  -2.0537351e+00	   1.5844482e+02	   3.0713681e+01	
   3.2000000e-01	  -2.3390083e+01	  -2.1837635e+00	   1.5277588e+02	   3.1495975e+01	
   3.3000000e-01	  -2.4396909e+01	  -2.3197431e+00	   1.5387451e+02	   3.2259056e+01	
   3.4000000e-01	  -2.4172083e+01	  -2.4573199e+00	   1.5220459e+02	   3.3015568e+01	
   3.5000000e-01	  -2.4797684e+01	  -2.5952902e+00	   1.5235840e+02	   3.3762593e+01	
   3.6000000e-01	  -2.6303035e+01	  -2.7390699e+00	   1.4871094e+02	   3.4493998e+01	
   3.7000000e-01	  -2.6967736e+01	  -2.8887452e+00	   1.4453613e+02	   3.5196325e+01	
   3.8000000e-01	  -2.7397836e+01	  -3.0409116e+00	   1.4376709e+02	   3.5878770e+01	
   3.9000000e-01	  -2.7984337e+01	  -3.1953087e+00	   1.4115234e+02	   3.6546342e+01	
   4.0000000e-01	  -2.7925687e+01	  -3.3503918e+00	   1.4334961e+02	   3.7208426e+01	
   4.1000000e-01	  -2.7935462e+01	  -3.5043504e+00	   1.3910889e+02	   3.7859964e+01	
   4.2000000e-01	  -2.8140737e+01	  -3.6580183e+00	   1.3623047e+02	   3.8485125e+01	
   4.3000000e-01	  -2.8160287e+01	  -3.8114277e+00	   1.3183594e+02	   3.9083593e+01	
   4.4000000e-01	  -2.9949114e+01	  -3.9695397e+00	   1.3187988e+02	   3.9664687e+01	
   4.5000000e-01	  -3.0926615e+01	  -4.1353248e+00	   1.3319824e+02	   4.0246409e+01	
   4.6000000e-01	  -3.1386040e+01	  -4.3045716e+00	   1.2970459e+02	   4.0817674e+01	
   4.7000000e-01	  -3.1591315e+01	  -4.4748400e+00	   1.2735352e+02	   4.1367057e+01	
   4.8000000e-01	  -3.0946165e+01	  -4.6426644e+00	   1.2489258e+02	   4.1897928e+01	
   4.9000000e-01	  -3.2637241e+01	  -4.8127131e+00	   1.2155273e+02	   4.2407308e+01	
   5.0000000e-01	  -3.3380142e+01	  -4.9893195e+00	   1.1860840e+02	   4.2893817e+01	
   5.1000000e-01	  -3.3604967e+01	  -5.1678503e+00	   1.1970703e+02	   4.3371498e+01	
   5.2000000e-01	  -3.3194417e+01	  -5.3446812e+00	   1.2087158e+02	   4.3853275e+01	
   5.3000000e-01	  -3.4123042e+01	  -5.5220271e+00	   1.1647705e+02	   4.4321918e+01	
   5.4000000e-01	  -3.4631343e+01	  -5.7027622e+00	   1.1241211e+02	   4.4761134e+01	
   5.5000000e-01	  -3.5061443e+01	  -5.8853042e+00	   1.1186279e+02	   4.5183147e+01	
   5.6000000e-01	  -3.5325369e+01	  -6.0688763e+00	   1.0779785e+02	   4.5588066e+01	
   5.7000000e-01	  -3.6087819e+01	  -6.2545130e+00	   1.0599609e+02	   4.5972077e+01	
   5.8000000e-01	  -3.5882544e+01	  -6.4407319e+00	   1.0234863e+02	   4.6336616e+01	
   5.9000000e-01	  -3.5071218e+01	  -6.6226006e+00	   9.7756348e+01	   4.6673067e+01	
   6.0000000e-01	  -3.6185569e+01	  -6.8042792e+00	   9.6328125e+01	   4.6988555e+01	
   6.1000000e-01	  -3.6449495e+01	  -6.9891363e+00	   9.5603027e+01	   4.7295324e+01	
   6.2000000e-01	  -3.6586345e+01	  -7.1740907e+00	   9.4812012e+01	   4.7595424e+01	
   6.3000000e-01	  -3.7153295e+01	  -7.3600908e+00	   8.9956055e+01	   4.7875958e+01	
   6.4000000e-01	  -3.7935296e+01	  -7.5491504e+00	   9.0285645e+01	   4.8140560e+01	
   6.5000000e-01	  -3.7954846e+01	  -7.7395361e+00	   8.5957031e+01	   4.8390981e+01	
   6.6000000e-01	  -3.8140571e+01	  -7.9293722e+00	   7.9519043e+01	   4.8606115e+01	
   6.7000000e-01	  -3.8541347e+01	  -8.1198560e+00	   7.8771973e+01	   4.8797399e+01	
   6.8000000e-01	  -3.8756397e+01	  -8.3110754e+00	   7.9804688e+01	   4.8988380e+01	
   6.9000000e-01	  -3.9206047e+01	  -8.5031787e+00	   7.1520996e+01	   4.9155456e+01	
   7.0000000e-01	  -3.9724123e+01	  -8.6971095e+00	   7.3718262e+01	   4.9302425e+01	
   7.1000000e-01	  -3.9489522e+01	  -8.8907134e+00	   7.4926758e+01	   4.9459139e+01	
   7.2000000e-01	  -4.0144448e+01	  -9.0844210e+00	   6.7873535e+01	   4.9596567e+01	
   7.3000000e-01	  -4.0379048e+01	  -9.2797010e+00	   6.8862305e+01	   4.9714142e+01	
   7.4000000e-01	  -4.0418148e+01	  -9.4746151e+00	   6.6335449e+01	   4.9826163e+01	
   7.5000000e-01	  -4.0457248e+01	  -9.6685533e+00	   6.2204590e+01	   4.9916633e+01	
   7.6000000e-01	  -4.1239249e+01	  -9.8638482e+00	   5.5129395e+01	   4.9971441e+01	
   7.7000000e-01	  -4.1493399e+01	  -1.0061165e+01	   5.4030762e+01	   5.0000307e+01	
   7.8000000e-01	  -4.1366324e+01	  -1.0257644e+01	   5.1767578e+01	   5.0018465e+01	
   7.9000000e-01	  -4.1767100e+01	  -1.0453749e+01	   5.0888672e+01	   5.0026668e+01	
   8.0000000e-01	  -4.2510000e+01	  -1.0652207e+01	   4.7944336e+01	   5.0022846e+01	
   8.1000000e-01	  -4.1542274e+01	  -1.0848719e+01	   4.5659180e+01	   5.0002671e+01	
   8.2000000e-01	  -4.1894175e+01	  -1.1042071e+01	   4.4428711e+01	   4.9971611e+01	
   8.3000000e-01	  -4.2089675e+01	  -1.1235926e+01	   4.3835449e+01	   4.9935035e+01	
   8.4000000e-01	  -4.1747550e+01	  -1.1428108e+01	   3.6540527e+01	   4.9873984e+01	
   8.5000000e-01	  -4.3076951e+01	  -1.1622178e+01	   3.4387207e+01	   4.9783726e+01	
   8.6000000e-01	  -4.2226525e+01	  -1.1816533e+01	   3.3530273e+01	   4.9684606e+01	
   8.7000000e-01	  -4.2949876e+01	  -1.2009272e+01	   2.9333496e+01	   4.9570280e+01	
   8.8000000e-01	  -4.3487501e+01	  -1.2204753e+01	   2.6279297e+01	   4.9433961e+01	
   8.9000000e-01	  -4.3233351e+01	  -1.2399897e+01	   2.5158691e+01	   4.9285421e+01	
   9.0000000e-01	  -4.3526601e+01	  -1.2593942e+01	   2.1774902e+01	   4.9123706e+01	
   9.1000000e-01	  -4.3946927e+01	  -1.2789006e+01	   1.8413086e+01	   4.8941877e+01	
   9.2000000e-01	  -4.3409301e+01	  -1.2982481e+01	   1.6457520e+01	   4.8744535e+01	
   9.3000000e-01	  -4.3927377e+01	  -1.3174683e+01	   1.3315430e+01	   4.8532464e+01	
   9.4000000e-01	  -4.4298827e+01	  -1.3368466e+01	   1.3996582e+01	   4.8314014e+01	
   9.5000000e-01	  -4.3360426e+01	  -1.3559261e+01	   6.8774414e+00	   4.8076771e+01	
   9.6000000e-01	  -4.4357477e+01	  -1.3749044e+01	   6.0205078e+00	   4.7816034e+01	
   9.7000000e-01	  -4.4416127e+01	  -1.3940944e+01	   3.6914063e+00	   4.7546952e+01	
   9.8000000e-01	  -4.4631177e+01	  -1.4132500e+01	   4.3945313e-02	   4.7260839e+01	
   9.9000000e-01	  -4.4836452e+01	  -1.4324172e+01	  -4.1308594e+00	   4.6952020e+01	
   1.0000000e+00	  -4.4904877e+01	  -1.4515501e+01	  -7.4707031e+00	   4.6621601e+01	
   1.0100000e+00	  -4.4826677e+01	  -1.4705601e+01	  -8.5473633e+00	   4.6279421e+01	
   1.0200000e+00	  -4.4826677e+01	  -1.4894265e+01	  -9.8437500e+00	   4.5931952e+01	
   1.0300000e+00	  -4.4582302e+01	  -1.5080982e+01	  -1.3095703e+01	   4.5572415e+01	
   1.0400000e+00	  -4.5217678e+01	  -1.5267754e+01	  -1.5798340e+01	   4.5196481e+01	
   1.0500000e+00	  -4.5334978e+01	  -1.5455714e+01	  -1.8457031e+01	   4.4806112e+01	
   1.0600000e+00	  -4.5286103e+01	  -1.5642710e+01	  -2.1774902e+01	   4.4399471e+01	
   1.0700000e+00	  -4.5520703e+01	  -1.5829117e+01	  -2.1599121e+01	   4.3985536e+01	
   1.0800000e+00	  -4.5510928e+01	  -1.6015061e+01	  -2.7575684e+01	   4.3556027e+01	
   1.0900000e+00	  -4.5784628e+01	  -1.6200666e+01	  -3.0036621e+01	   4.3102785e+01	
   1.1000000e+00	  -4.5892153e+01	  -1.6386303e+01	  -3.3068848e+01	   4.2635178e+01	
   1.1100000e+00	  -4.6214729e+01	  -1.6572124e+01	  -3.6672363e+01	   4.2149718e+01	
   1.1200000e+00	  -4.6332029e+01	  -1.6758158e+01	  -4.0056152e+01	   4.1645417e+01	
   1.1300000e+00	  -4.6420004e+01	  -1.6943671e+01	  -4.1791992e+01	   4.1128240e+01	
   1.1400000e+00	  -4.6361354e+01	  -1.7128113e+01	  -4.5241699e+01	   4.0598063e+01	
   1.1500000e+00	  -4.6253829e+01	  -1.7310879e+01	  -4.6911621e+01	   4.0055174e+01	
   1.1600000e+00	  -4.6341804e+01	  -1.7492440e+01	  -5.0097656e+01	   3.9500477e+01	
   1.1700000e+00	  -4.6566629e+01	  -1.7673843e+01	  -5.2075195e+01	   3.8933083e+01	
   1.1800000e+00	  -4.6683929e+01	  -1.7855181e+01	  -5.6315918e+01	   3.8349769e+01	
   1.1900000e+00	  -4.6811004e+01	  -1.8036149e+01	  -5.8776855e+01	   3.7749121e+01	
   1.2000000e+00	  -4.6781679e+01	  -1.8216289e+01	  -6.0336914e+01	   3.7139642e+01	
   1.2100000e+00	  -4.7016279e+01	  -1.8395944e+01	  -6.4511719e+01	   3.6516020e+01	
   1.2200000e+00	  -4.7133579e+01	  -1.8575575e+01	  -6.6687012e+01	   3.5876418e+01	
   1.2300000e+00	  -4.7143354e+01	  -1.8754480e+01	  -6.9895020e+01	   3.5223962e+01	
   1.2400000e+00	  -4.7055379e+01	  -1.8932019e+01	  -7.2531738e+01	   3.4557289e+01	
   1.2500000e+00	  -4.6898979e+01	  -1.9107681e+01	  -7.5651855e+01	   3.3876762e+01	
   1.2600000e+00	  -4.7065154e+01	  -1.9282273e+01	  -7.7673340e+01	   3.3184396e+01	
   1.2700000e+00	  -4.7172680e+01	  -1.9456628e+01	  -8.0266113e+01	   3.2481915e+01	
   1.2800000e+00	  -4.7153130e+01	  -1.9630167e+01	  -8.4045410e+01	   3.1763879e+01	
   1.2900000e+00	  -4.7348630e+01	  -1.9803170e+01	  -8.7055664e+01	   3.1029077e+01	
   1.3000000e+00	  -4.7299755e+01	  -1.9975549e+01	  -8.9802246e+01	   3.0280848e+01	
   1.3100000e+00	  -4.7338855e+01	  -2.0146817e+01	  -9.2416992e+01	   2.9520515e+01	
   1.3200000e+00	  -4.7407280e+01	  -2.0317350e+01	  -9.4768066e+01	   2.8749393e+01	
   1.3300000e+00	  -4.7377955e+01	  -2.0486937e+01	  -9.8305664e+01	   2.7964659e+01	
   1.3400000e+00	  -4.7407280e+01	  -2.0655461e+01	  -1.0078857e+02	   2.7165986e+01	
   1.3500000e+00	  -4.7925355e+01	  -2.0824644e+01	  -1.0450195e+02	   2.6352909e+01	
   1.3600000e+00	  -4.7505030e+01	  -2.0993074e+01	  -1.0733643e+02	   2.5524419e+01	
   1.3700000e+00	  -4.7759180e+01	  -2.1159928e+01	  -1.1124756e+02	   2.4679993e+01	
   1.3800000e+00	  -4.7905805e+01	  -2.1326993e+01	  -1.1217041e+02	   2.3825716e+01	
   1.3900000e+00	  -4.8199055e+01	  -2.1494388e+01	  -1.1759766e+02	   2.2956904e+01	
   1.4000000e+00	  -4.8130630e+01	  -2.1661439e+01	  -1.1948730e+02	   2.2070618e+01	
   1.4100000e+00	  -4.7866705e+01	  -2.1826403e+01	  -1.2133301e+02	   2.1178186e+01	
   1.4200000e+00	  -4.8062205e+01	  -2.1990120e+01	  -1.2383789e+02	   2.0277718e+01	
   1.4300000e+00	  -4.8560731e+01	  -2.2154984e+01	  -1.2882568e+02	   1.9359426e+01	
   1.4400000e+00	  -4.8443431e+01	  -2.2320010e+01	  -1.3117676e+02	   1.8423901e+01	
   1.4500000e+00	  -4.8492306e+01	  -2.2483788e+01	  -1.3473633e+02	   1.7475725e+01	
   1.4600000e+00	  -4.8678031e+01	  -2.2647275e+01	  -1.3816406e+02	   1.6511606e+01	
   1.4700000e+00	  -4.8335906e+01	  -2.2809248e+01	  -1.4020752e+02	   1.5536391e+01	
   1.4800000e+00	  -4.8189280e+01	  -2.2968675e+01	  -1.4339355e+02	   1.4550906e+01	
   1.4900000e+00	  -4.8277256e+01	  -2.3126921e+01	  -1.4517334e+02	   1.3556043e+01	
   1.5000000e+00	  -4.8443431e+01	  -2.3284971e+01	  -1.5042480e+02	   1.2545391e+01	
   1.5100000e+00	  -4.8482531e+01	  -2.3442674e+01	  -1.5288574e+02	   1.1516915e+01	
   1.5200000e+00	  -4.8531406e+01	  -2.3599665e+01	  -1.5407227e+02	   1.0483458e+01	
   1.5300000e+00	  -4.8853981e+01	  -2.3756836e+01	  -1.5974121e+02	   9.4350052e+00	
   1.5400000e+00	  -4.8834431e+01	  -2.3913972e+01	  -1.6303711e+02	   8.3650432e+00	
   1.5500000e+00	  -4.8326131e+01	  -2.4068470e+01	  -1.6822266e+02	   7.2752210e+00	
   1.5600000e+00	  -4.8140405e+01	  -2.4219827e+01	  -1.6584961e+02	   6.1834169e+00	
   1.5700000e+00	  -4.8091530e+01	  -2.4369501e+01	  -1.7189209e+02	   5.0869595e+00	
   1.5800000e+00	  -4.8423881e+01	  -2.4519125e+01	  -1.7417725e+02	   3.9712896e+00	
   1.5900000e+00	  -4.8472756e+01	  -2.4669006e+01	  -1.7725342e+02	   2.8458174e+00	
   1.6000000e+00	  -4.8775781e+01	  -2.4819051e+01	  -1.8000000e+02	   1.7091590e+00	
   1.6100000e+00	  -4.8482531e+01	  -2.4968186e+01	  -1.8000000e+02	   5.7101854e-01	
   1.6200000e+00	  -4.8306581e+01	  -2.5114918e+01	  -1.8000000e+02	  -5.5999317e-01	
   1.6300000e+00	  -4.8140405e+01	  -2.5259659e+01	  -1.8000000e+02	  -1.6839208e+00	
   1.6400000e+00	  -4.8746456e+01	  -2.5404871e+01	  -1.1997070e+01	  -2.2746630e+00	
   1.6500000e+00	  -4.8697581e+01	  -2.5550919e+01	   1.7703369e+02	  -1.7435598e+00	
   1.6600000e+00	  -4.9723957e+01	  -2.5699113e+01	   1.7400146e+02	  -6.3327965e-01	
   1.6700000e+00	  -4.9684857e+01	  -2.5849471e+01	   1.7411133e+02	   4.6089411e-01	
   1.6800000e+00	  -4.9196106e+01	  -2.5997234e+01	   1.7485840e+02	   1.5508982e+00	
   1.6900000e+00	  -4.8893081e+01	  -2.6141592e+01	   1.7013428e+02	   2.6216198e+00	
   1.7000000e+00	  -4.8951731e+01	  -2.6284280e+01	   1.6844238e+02	   3.6655415e+00	
   1.7100000e+00	  -4.8697581e+01	  -2.6425462e+01	   1.6420166e+02	   4.6843450e+00	
   1.7200000e+00	  -4.9088581e+01	  -2.6566189e+01	   1.6330078e+02	   5.6806649e+00	
   1.7300000e+00	  -4.8961506e+01	  -2.6706860e+01	   1.6108154e+02	   6.6609728e+00	
   1.7400000e+00	  -4.9469807e+01	  -2.6847845e+01	   1.5635742e+02	   7.6133957e+00	
   1.7500000e+00	  -4.8941956e+01	  -2.6987885e+01	   1.5536865e+02	   8.5419615e+00	
   1.7600000e+00	  -4.9186331e+01	  -2.7126160e+01	   1.4919434e+02	   9.4422782e+00	
   1.7700000e+00	  -4.9909682e+01	  -2.7266600e+01	   1.4737061e+02	   1.0311908e+01	
   1.7800000e+00	  -4.8990831e+01	  -2.7405548e+01	   1.4732666e+02	   1.1170241e+01	
   1.7900000e+00	  -4.8834431e+01	  -2.7540258e+01	   1.3994385e+02	   1.1999939e+01	
   1.8000000e+00	  -4.9596882e+01	  -2.7676023e+01	   1.3543945e+02	   1.2787213e+01	
   1.8100000e+00	  -4.9166781e+01	  -2.7811978e+01	   1.3500000e+02	   1.3554073e+01	
   1.8200000e+00	  -4.9538232e+01	  -2.7946898e+01	   1.3023193e+02	   1.4299820e+01	
   1.8300000e+00	  -4.9655532e+01	  -2.8082503e+01	   1.2816650e+02	   1.5019496e+01	
   1.8400000e+00	  -4.9567557e+01	  -2.8217351e+01	   1.2192627e+02	   1.5708652e+01	
   1.8500000e+00	  -4.9420932e+01	  -2.8350619e+01	   1.2032227e+02	   1.6368926e+01	
   1.8600000e+00	  -4.9870582e+01	  -2.8484002e+01	   1.1819092e+02	   1.7013366e+01	
   1.8700000e+00	  -4.9323182e+01	  -2.8616243e+01	   1.1480713e+02	   1.7636497e+01	
   1.8800000e+00	  -4.8922406e+01	  -2.8744686e+01	   1.1058838e+02	   1.8231916e+01	
   1.8900000e+00	  -4.9372057e+01	  -2.8872478e+01	   1.0669922e+02	   1.8798213e+01	
   1.9000000e+00	  -4.9518682e+01	  -2.9001337e+01	   1.0612793e+02	   1.9346995e+01	
   1.9100000e+00	  -4.8990831e+01	  -2.9128195e+01	   1.0212891e+02	   1.9878026e+01	
   1.9200000e+00	  -4.8883306e+01	  -2.9252268e+01	   9.8854980e+01	   2.0382953e+01	
   1.9300000e+00	  -4.9557782e+01	  -2.9377340e+01	   9.5383301e+01	   2.0863592e+01	
   1.9400000e+00	  -4.9049481e+01	  -2.9502149e+01	   9.0241699e+01	   2.1314246e+01	
   1.9500000e+00	  -4.9420932e+01	  -2.9625748e+01	   9.2834473e+01	   2.1754096e+01	
   1.9600000e+00	  -4.9997657e+01	  -2.9751542e+01	   8.6286621e+01	   2.2178803e+01	
   1.9700000e+00	  -4.9225431e+01	  -2.9875935e+01	   8.1408691e+01	   2.2565068e+01	
   1.9800000e+00	  -4.9176556e+01	  -2.9996978e+01	   7.9057617e+01	   2.2926273e+01	
   1.9900000e+00	  -5.0075857e+01	  -3.0119927e+01	   7.5607910e+01	   2.3267050e+01	
   2.0000000e+00	  -4.9460032e+01	  -3.0242993e+01	   7.4179688e+01	   2.3590416e+01	
   2.0100000e+00	  -4.9577332e+01	  -3.0363726e+01	   7.0686035e+01	   2.3896342e+01	
   2.0200000e+00	  -4.8922406e+01	  -3.0482020e+01	   6.4050293e+01	   2.4168629e+01	
   2.0300000e+00	  -4.9626207e+01	  -3.0599726e+01	   6.2753906e+01	   2.4414369e+01	
   2.0400000e+00	  -4.9293856e+01	  -3.0717858e+01	   6.2687988e+01	   2.4654303e+01	
   2.0500000e+00	  -4.9069031e+01	  -3.0833506e+01	   5.7172852e+01	   2.4875256e+01	
   2.0600000e+00	  -4.9244981e+01	  -3.0948275e+01	   5.4140625e+01	   2.5068057e+01	
   2.0700000e+00	  -4.9430707e+01	  -3.1063459e+01	   5.0690918e+01	   2.5239350e+01	
   2.0800000e+00	  -4.9293856e+01	  -3.1178074e+01	   4.8208008e+01	   2.5390991e+01	
   2.0900000e+00	  -4.8922406e+01	  -3.1290379e+01	   4.5791016e+01	   2.5526336e+01	
   2.1000000e+00	  -4.9518682e+01	  -3.1402686e+01	   4.4912109e+01	   2.5650512e+01	
   2.1100000e+00	  -4.8922406e+01	  -3.1514288e+01	   3.5815430e+01	   2.5742669e+01	
   2.1200000e+00	  -4.9098356e+01	  -3.1623876e+01	   3.2937012e+01	   2.5796745e+01	
   2.1300000e+00	  -4.9802157e+01	  -3.1735532e+01	   3.2321777e+01	   2.5839542e+01	
   2.1400000e+00	  -4.9381832e+01	  -3.1847376e+01	   2.8696289e+01	   2.5868789e+01	
   2.1500000e+00	  -4.9205881e+01	  -3.1956653e+01	   2.6542969e+01	   2.5879756e+01	
   2.1600000e+00	  -5.0066082e+01	  -3.2067388e+01	   2.3115234e+01	   2.5873175e+01	
   2.1700000e+00	  -4.9538232e+01	  -3.2178470e+01	   1.9072266e+01	   2.5843239e+01	
   2.1800000e+00	  -4.8834431e+01	  -3.2284999e+01	   1.5842285e+01	   2.5790713e+01	
   2.1900000e+00	  -4.8599831e+01	  -3.2387922e+01	   1.6699219e+01	   2.5731085e+01	
   2.2000000e+00	  -4.8834431e+01	  -3.2490201e+01	   1.2370605e+01	   2.5660957e+01	
   2.2100000e+00	  -4.8726906e+01	  -3.2592236e+01	   1.1315918e+01	   2.5574410e+01	
   2.2200000e+00	  -4.9323182e+01	  -3.2695164e+01	   8.1958008e+00	   2.5475330e+01	
   2.2300000e+00	  -4.9381832e+01	  -3.2799497e+01	   2.5488281e+00	   2.5349414e+01	
   2.2400000e+00	  -4.9372057e+01	  -3.2903331e+01	  -9.2285156e-01	   2.5195729e+01	
   2.2500000e+00	  -4.8932181e+01	  -3.3005106e+01	  -2.6367188e+00	   2.5026767e+01	
   2.2600000e+00	  -4.8462981e+01	  -3.3103396e+01	  -3.6694336e+00	   2.4850262e+01	
   2.2700000e+00	  -4.9596882e+01	  -3.3203152e+01	  -1.0217285e+01	   2.4651122e+01	
   2.2800000e+00	  -4.8932181e+01	  -3.3303753e+01	  -9.5141602e+00	   2.4434925e+01	
   2.2900000e+00	  -4.8629156e+01	  -3.3400693e+01	  -1.3579102e+01	   2.4209553e+01	
   2.3000000e+00	  -4.9381832e+01	  -3.3498434e+01	  -1.8698730e+01	   2.3956829e+01	
   2.3100000e+00	  -4.9186331e+01	  -3.3597308e+01	  -2.0764160e+01	   2.3683187e+01	
   2.3200000e+00	  -4.8726906e+01	  -3.3693512e+01	  -2.4016113e+01	   2.3394605e+01	
   2.3300000e+00	  -4.9244981e+01	  -3.3789296e+01	  -2.6191406e+01	   2.3090834e+01	
   2.3400000e+00	  -4.9254756e+01	  -3.3886134e+01	  -2.9750977e+01	   2.2771006e+01	
   2.3500000e+00	  -4.8814881e+01	  -3.3981018e+01	  -3.1091309e+01	   2.2437835e+01	
   2.3600000e+00	  -4.8521631e+01	  -3.4073012e+01	  -3.6496582e+01	   2.2085626e+01	
   2.3700000e+00	  -4.8756231e+01	  -3.4164246e+01	  -3.8232422e+01	   2.1713258e+01	
   2.3800000e+00	  -4.8951731e+01	  -3.4256256e+01	  -4.1066895e+01	   2.1328910e+01	
   2.3900000e+00	  -4.8570506e+01	  -3.4347107e+01	  -4.4956055e+01	   2.0925912e+01	
   2.4000000e+00	  -4.9127681e+01	  -3.4437941e+01	  -4.8098145e+01	   2.0503418e+01	
   2.4100000e+00	  -4.8785556e+01	  -3.4528879e+01	  -4.9592285e+01	   2.0069051e+01	
   2.4200000e+00	  -4.9303631e+01	  -3.4619799e+01	  -5.2294922e+01	   1.9624261e+01	
   2.4300000e+00	  -4.9723957e+01	  -3.4713088e+01	  -5.7150879e+01	   1.9158586e+01	
   2.4400000e+00	  -4.9020156e+01	  -3.4804904e+01	  -5.9260254e+01	   1.8674013e+01	
   2.4500000e+00	  -4.9205881e+01	  -3.4894524e+01	  -6.3171387e+01	   1.8173621e+01	
   2.4600000e+00	  -4.9635982e+01	  -3.4985510e+01	  -6.5258789e+01	   1.7657577e+01	
   2.4700000e+00	  -4.9518682e+01	  -3.5076907e+01	  -6.8686523e+01	   1.7127493e+01	
   2.4800000e+00	  -4.8844206e+01	  -3.5165251e+01	  -7.0312500e+01	   1.6584902e+01	
   2.4900000e+00	  -4.8932181e+01	  -3.5251205e+01	  -7.4047852e+01	   1.6028920e+01	
   2.5000000e+00	  -4.8560731e+01	  -3.5335733e+01	  -7.6772461e+01	   1.5456188e+01	
   2.5100000e+00	  -4.9127681e+01	  -3.5420343e+01	  -8.0178223e+01	   1.4867846e+01	
   2.5200000e+00	  -4.8668256e+01	  -3.5504761e+01	  -8.2067871e+01	   1.4266604e+01	
   2.5300000e+00	  -4.9274306e+01	  -3.5589109e+01	  -8.5407715e+01	   1.3652751e+01	
   2.5400000e+00	  -4.8883306e+01	  -3.5673602e+01	  -8.8264160e+01	   1.3023337e+01	
   2.5500000e+00	  -4.8883306e+01	  -3.5756341e+01	  -9.1472168e+01	   1.2378873e+01	
   2.5600000e+00	  -4.9029931e+01	  -3.5839022e+01	  -9.4174805e+01	   1.1719935e+01	
   2.5700000e+00	  -4.8902856e+01	  -3.5921245e+01	  -9.6811523e+01	   1.1048403e+01	
   2.5800000e+00	  -4.8619381e+01	  -3.6001668e+01	  -1.0109619e+02	   1.0359400e+01	
   2.5900000e+00	  -4.8844206e+01	  -3.6081404e+01	  -1.0397461e+02	   9.6522807e+00	
   2.6000000e+00	  -4.8668256e+01	  -3.6160793e+01	  -1.0639160e+02	   8.9330060e+00	
   2.6100000e+00	  -4.9029931e+01	  -3.6240266e+01	  -1.0935791e+02	   8.2013772e+00	
   2.6200000e+00	  -4.9538232e+01	  -3.6321967e+01	  -1.1170898e+02	   7.4576783e+00	
   2.6300000e+00	  -4.9196106e+01	  -3.6403676e+01	  -1.1447754e+02	   6.7026040e+00	
   2.6400000e+00	  -4.9010381e+01	  -3.6483220e+01	  -1.1660889e+02	   5.9369139e+00	
   2.6500000e+00	  -4.8502081e+01	  -3.6560092e+01	  -1.2203613e+02	   5.1523479e+00	
   2.6600000e+00	  -4.8599831e+01	  -3.6635197e+01	  -1.2328857e+02	   4.3517769e+00	
   2.6700000e+00	  -4.9137456e+01	  -3.6711822e+01	  -1.2682617e+02	   3.5412190e+00	
   2.6800000e+00	  -4.8707356e+01	  -3.6788303e+01	  -1.3034180e+02	   2.7136490e+00	
   2.6900000e+00	  -4.9694632e+01	  -3.6866050e+01	  -1.3333008e+02	   1.8708939e+00	
   2.7000000e+00	  -4.9489357e+01	  -3.6945760e+01	  -1.3458252e+02	   1.0201364e+00	
   2.7100000e+00	  -4.8951731e+01	  -3.7022643e+01	  -1.4047119e+02	   1.5234334e-01	
   2.7200000e+00	  -4.9196106e+01	  -3.7098127e+01	  -1.4156982e+02	  -7.3189683e-01	
   2.7300000e+00	  -4.9000606e+01	  -3.7173290e+01	  -1.4629395e+02	  -1.6288340e+00	
   2.7400000e+00	  -4.9000606e+01	  -3.7247371e+01	  -1.4899658e+02	  -2.5434121e+00	
   2.7500000e+00	  -4.8961506e+01	  -3.7320865e+01	  -1.5029297e+02	  -3.4647857e+00	
   2.7600000e+00	  -4.9332957e+01	  -3.7394940e+01	  -1.5257813e+02	  -4.3916047e+00	
   2.7700000e+00	  -4.8951731e+01	  -3.7468520e+01	  -1.5809326e+02	  -5.3370473e+00	
   2.7800000e+00	  -4.9157006e+01	  -3.7541089e+01	  -1.6222412e+02	  -6.3067771e+00	
   2.7900000e+00	  -4.8658481e+01	  -3.7612284e+01	  -1.6538818e+02	  -7.2932789e+00	
   2.8000000e+00	  -4.8414106e+01	  -3.7680707e+01	  -1.6982666e+02	  -8.2974111e+00	
   2.8100000e+00	  -4.8756231e+01	  -3.7749007e+01	  -1.7074951e+02	  -9.3120443e+00	
   2.8200000e+00	  -4.8482531e+01	  -3.7817094e+01	  -1.7321045e+02	  -1.0330920e+01	
   2.8300000e+00	  -4.9489357e+01	  -3.7887051e+01	  -1.7648438e+02	  -1.1361373e+01	
   2.8400000e+00	  -4.9645757e+01	  -3.7960212e+01	  -1.8000000e+02	  -1.2406636e+01	
   2.8500000e+00	  -4.8619381e+01	  -3.8030190e+01	  -1.8000000e+02	  -1.3456362e+01	
   2.8600000e+00	  -4.8502081e+01	  -3.8096149e+01	  -1.8000000e+02	  -1.4499513e+01	
   2.8700000e+00	  -4.9528457e+01	  -3.8164541e+01	  -1.8000000e+02	  -1.5536130e+01	
   2.8800000e+00	  -4.9225431e+01	  -3.8234770e+01	  -1.2524414e+01	  -1.6041760e+01	
   2.8900000e+00	  -4.8922406e+01	  -3.8302661e+01	   1.7685791e+02	  -1.5426628e+01	
   2.9000000e+00	  -4.8902856e+01	  -3.8369117e+01	   1.7843994e+02	  -1.4217294e+01	
   2.9100000e+00	  -4.9098356e+01	  -3.8435708e+01	   1.7633057e+02	  -1.3017186e+01	
   2.9200000e+00	  -4.9450257e+01	  -3.8503596e+01	   1.7545166e+02	  -1.1833953e+01	
   2.9300000e+00	  -4.9313406e+01	  -3.8571732e+01	   1.7134277e+02	  -1.0673753e+01	
   2.9400000e+00	  -4.9088581e+01	  -3.8638308e+01	   1.7024414e+02	  -9.5371275e+00	
   2.9500000e+00	  -4.9264531e+01	  -3.8704315e+01	   1.6573975e+02	  -8.4251691e+00	
   2.9600000e+00	  -4.8775781e+01	  -3.8768929e+01	   1.5936768e+02	  -7.3542380e+00	
   2.9700000e+00	  -4.9137456e+01	  -3.8832739e+01	   1.5954346e+02	  -6.3094201e+00	
   2.9800000e+00	  -4.9391607e+01	  -3.8898079e+01	   1.5380859e+02	  -5.2885561e+00	
   2.9900000e+00	  -4.9665307e+01	  -3.8964663e+01	   1.5147949e+02	  -4.2993408e+00	
   3.0000000e+00	  -4.9235206e+01	  -3.9030340e+01	   1.4679932e+02	  -3.3382728e+00	
   3.0100000e+00	  -4.9802157e+01	  -3.9096034e+01	   1.4548096e+02	  -2.4020105e+00	
   3.0200000e+00	  -4.9528457e+01	  -3.9162235e+01	   1.4306396e+02	  -1.4833108e+00	
   3.0300000e+00	  -4.9548007e+01	  -3.9227225e+01	   1.3739502e+02	  -5.9568864e-01	
   3.0400000e+00	  -4.9557782e+01	  -3.9291900e+01	   1.3576904e+02	   2.6352791e-01	
   3.0500000e+00	  -4.9244981e+01	  -3.9355221e+01	   1.3339600e+02	   1.1048387e+00	
   3.0600000e+00	  -4.9489357e+01	  -3.9417931e+01	   1.2851807e+02	   1.9181716e+00	
   3.0700000e+00	  -4.9401382e+01	  -3.9480739e+01	   1.2988037e+02	   2.7154001e+00	
   3.0800000e+00	  -4.9362282e+01	  -3.9542754e+01	   1.2388184e+02	   3.4931155e+00	
   3.0900000e+00	  -4.9010381e+01	  -3.9603157e+01	   1.2098145e+02	   4.2380904e+00	
   3.1000000e+00	  -4.8932181e+01	  -3.9661835e+01	   1.2014648e+02	   4.9667008e+00	
   3.1100000e+00	  -4.9411157e+01	  -3.9721400e+01	   1.1311523e+02	   5.6661124e+00	
   3.1200000e+00	  -4.9313406e+01	  -3.9781786e+01	   1.0955566e+02	   6.3279753e+00	
   3.1300000e+00	  -4.9548007e+01	  -3.9842222e+01	   1.0770996e+02	   6.9687646e+00	
   3.1400000e+00	  -4.9186331e+01	  -3.9901882e+01	   1.0294189e+02	   7.5848275e+00	
   3.1500000e+00	  -4.9420932e+01	  -3.9960770e+01	   9.9162598e+01	   8.1702633e+00	
   3.1600000e+00	  -4.9411157e+01	  -4.0019993e+01	   9.6525879e+01	   8.7319388e+00	
   3.1700000e+00	  -4.9753282e+01	  -4.0079887e+01	   9.2680664e+01	   9.2697963e+00	
   3.1800000e+00	  -4.9205881e+01	  -4.0138762e+01	   9.0043945e+01	   9.7839851e+00	
   3.1900000e+00	  -4.9489357e+01	  -4.0196442e+01	   8.9033203e+01	   1.0283530e+01	
   3.2000000e+00	  -4.9049481e+01	  -4.0253271e+01	   8.5012207e+01	   1.0764188e+01	
   3.2100000e+00	  -4.9235206e+01	  -4.0308948e+01	   8.1057129e+01	   1.1216856e+01	
   3.2200000e+00	  -4.8981056e+01	  -4.0364061e+01	   7.9672852e+01	   1.1649968e+01	
   3.2300000e+00	  -4.9704407e+01	  -4.0420300e+01	   7.8903809e+01	   1.2073623e+01	
   3.2400000e+00	  -4.9723957e+01	  -4.0478512e+01	   7.2004395e+01	   1.2470608e+01	
   3.2500000e+00	  -4.9675082e+01	  -4.0536268e+01	   7.0224609e+01	   1.2837926e+01	
   3.2600000e+00	  -4.9157006e+01	  -4.0591887e+01	   6.8071289e+01	   1.3190625e+01	
   3.2700000e+00	  -5.0124732e+01	  -4.0648565e+01	   6.4357910e+01	   1.3522742e+01	
   3.2800000e+00	  -4.9635982e+01	  -4.0706389e+01	   6.1633301e+01	   1.3832617e+01	
   3.2900000e+00	  -4.9899907e+01	  -4.0763146e+01	   5.6667480e+01	   1.4116466e+01	
   3.3000000e+00	  -4.9909682e+01	  -4.0820405e+01	   5.6096191e+01	   1.4381196e+01	
   3.3100000e+00	  -4.9557782e+01	  -4.0876234e+01	   5.0910645e+01	   1.4626240e+01	
   3.3200000e+00	  -4.9899907e+01	  -4.0931683e+01	   4.7966309e+01	   1.4844287e+01	
   3.3300000e+00	  -4.9362282e+01	  -4.0986172e+01	   4.3527832e+01	   1.5037848e+01	
   3.3400000e+00	  -4.9831482e+01	  -4.1040105e+01	   4.1198730e+01	   1.5209001e+01	
   3.3500000e+00	  -4.9538232e+01	  -4.1094252e+01	   3.8100586e+01	   1.5362086e+01	
   3.3600000e+00	  -4.9332957e+01	  -4.1146498e+01	   3.7683105e+01	   1.5503202e+01	
   3.3700000e+00	  -4.9753282e+01	  -4.1199091e+01	   3.1354980e+01	   1.5622308e+01	
   3.3800000e+00	  -4.9186331e+01	  -4.1250894e+01	   3.0937500e+01	   1.5719543e+01	
   3.3900000e+00	  -4.8902856e+01	  -4.1299711e+01	   2.7158203e+01	   1.5803025e+01	
   3.4000000e+00	  -4.9059256e+01	  -4.1347823e+01	   2.2346191e+01	   1.5859078e+01	
   3.4100000e+00	  -4.9254756e+01	  -4.1396736e+01	   2.0214844e+01	   1.5893036e+01	
   3.4200000e+00	  -4.8746456e+01	  -4.1444363e+01	   1.8391113e+01	   1.5914394e+01	
   3.4300000e+00	  -4.9127681e+01	  -4.1491294e+01	   1.3403320e+01	   1.5914286e+01	
   3.4400000e+00	  -5.0271357e+01	  -4.1542706e+01	   1.2875977e+01	   1.5896907e+01	
   3.4500000e+00	  -4.9890132e+01	  -4.1596184e+01	   9.0966797e+00	   1.5866150e+01	
   3.4600000e+00	  -4.9665307e+01	  -4.1647430e+01	   3.4936523e+00	   1.5806202e+01	
   3.4700000e+00	  -4.9841257e+01	  -4.1698201e+01	   1.0107422e+00	   1.5721306e+01	
   3.4800000e+00	  -4.9538232e+01	  -4.1748256e+01	  -1.5600586e+00	   1.5621114e+01	
   3.4900000e+00	  -4.9137456e+01	  -4.1795794e+01	  -2.7685547e+00	   1.5509715e+01	
   3.5000000e+00	  -4.8599831e+01	  -4.1840095e+01	  -3.2519531e+00	   1.5393715e+01	
   3.5100000e+00	  -4.8805106e+01	  -4.1883077e+01	  -9.2944336e+00	   1.5258003e+01	
   3.5200000e+00	  -4.8697581e+01	  -4.1926097e+01	  -1.2106934e+01	   1.5095410e+01	
   3.5300000e+00	  -4.8668256e+01	  -4.1968419e+01	  -1.2150879e+01	   1.4924890e+01	
   3.5400000e+00	  -4.8531406e+01	  -4.2009955e+01	  -1.7490234e+01	   1.4738579e+01	
   3.5500000e+00	  -4.8726906e+01	  -4.2051414e+01	  -2.0500488e+01	   1.4527285e+01	
   3.5600000e+00	  -4.8726906e+01	  -4.2093226e+01	  -2.4631348e+01	   1.4294951e+01	
   3.5700000e+00	  -4.8531406e+01	  -4.2134164e+01	  -2.8806152e+01	   1.4038060e+01	
   3.5800000e+00	  -4.8658481e+01	  -4.2174632e+01	  -2.7597656e+01	   1.3773489e+01	
   3.5900000e+00	  -4.8678031e+01	  -4.2215305e+01	  -3.2167969e+01	   1.3500047e+01	
   3.6000000e+00	  -4.9078806e+01	  -4.2257039e+01	  -3.7155762e+01	   1.3198383e+01	
   3.6100000e+00	  -4.9108131e+01	  -4.2299859e+01	  -3.8562012e+01	   1.2878584e+01	
   3.6200000e+00	  -4.9440482e+01	  -4.2343544e+01	  -4.1901855e+01	   1.2545925e+01	
   3.6300000e+00	  -4.9596882e+01	  -4.2388486e+01	  -4.4208984e+01	   1.2197665e+01	
   3.6400000e+00	  -4.9215656e+01	  -4.2432442e+01	  -4.8845215e+01	   1.1829840e+01	
   3.6500000e+00	  -4.8834431e+01	  -4.2473735e+01	  -4.9548340e+01	   1.1447598e+01	
   3.6600000e+00	  -4.8609606e+01	  -4.2512871e+01	  -5.2602539e+01	   1.1055984e+01	
   3.6700000e+00	  -4.9538232e+01	  -4.2553966e+01	  -5.6140137e+01	   1.0646178e+01	
   3.6800000e+00	  -4.9010381e+01	  -4.2596059e+01	  -5.9633789e+01	   1.0216918e+01	
   3.6900000e+00	  -4.8805106e+01	  -4.2635593e+01	  -6.1127930e+01	   9.7747272e+00	
   3.7000000e+00	  -4.8805106e+01	  -4.2674236e+01	  -6.4599609e+01	   9.3197539e+00	
   3.7100000e+00	  -4.8883306e+01	  -4.2712881e+01	  -6.7236328e+01	   8.8485003e+00	
   3.7200000e+00	  -4.9010381e+01	  -4.2751928e+01	  -7.1586914e+01	   8.3583158e+00	
   3.7300000e+00	  -4.8775781e+01	  -4.2790393e+01	  -7.2290039e+01	   7.8553746e+00	
   3.7400000e+00	  -4.9176556e+01	  -4.2829138e+01	  -7.7497559e+01	   7.3370728e+00	
   3.7500000e+00	  -4.9205881e+01	  -4.2868987e+01	  -8.0727539e+01	   6.7955931e+00	
   3.7600000e+00	  -4.8932181e+01	  -4.2907821e+01	  -8.2639160e+01	   6.2414027e+00	
   3.7700000e+00	  -4.9215656e+01	  -4.2946443e+01	  -8.6110840e+01	   5.6738243e+00	
   3.7800000e+00	  -4.8873531e+01	  -4.2984639e+01	  -8.9230957e+01	   5.0891570e+00	
   3.7900000e+00	  -4.8736681e+01	  -4.3021096e+01	  -9.2570801e+01	   4.4879207e+00	
   3.8000000e+00	  -4.8746456e+01	  -4.3056926e+01	  -9.5119629e+01	   3.8720083e+00	
   3.8100000e+00	  -4.8961506e+01	  -4.3093236e+01	  -9.6943359e+01	   3.2462598e+00	
   3.8200000e+00	  -4.8130630e+01	  -4.3127390e+01	  -9.9953613e+01	   2.6092919e+00	
   3.8300000e+00	  -4.8648706e+01	  -4.3160350e+01	  -1.0434814e+02	   1.9531236e+00	
   3.8400000e+00	  -4.8570506e+01	  -4.3194482e+01	  -1.0595215e+02	   1.2822792e+00	
   3.8500000e+00	  -4.8844206e+01	  -4.3229012e+01	  -1.0927002e+02	   6.0022253e-01	
   3.8600000e+00	  -4.8629156e+01	  -4.3263509e+01	  -1.1201660e+02	  -9.6554510e-02	
   3.8700000e+00	  -4.9088581e+01	  -4.3298556e+01	  -1.1597168e+02	  -8.0995528e-01	
   3.8800000e+00	  -4.8375006e+01	  -4.3332587e+01	  -1.1748779e+02	  -1.5360221e+00	
   3.8900000e+00	  -4.8335906e+01	  -4.3364048e+01	  -1.2177246e+02	  -2.2757079e+00	
   3.9000000e+00	  -4.8775781e+01	  -4.3396567e+01	  -1.2737549e+02	  -3.0417266e+00	
   3.9100000e+00	  -4.8883306e+01	  -4.3430597e+01	  -1.2944092e+02	  -3.8269631e+00	
   3.9200000e+00	  -4.9372057e+01	  -4.3466281e+01	  -1.3192383e+02	  -4.6215256e+00	
   3.9300000e+00	  -4.9215656e+01	  -4.3502782e+01	  -1.3438477e+02	  -5.4265942e+00	
   3.9400000e+00	  -4.9176556e+01	  -4.3538442e+01	  -1.3662598e+02	  -6.2413463e+00	
   3.9500000e+00	  -4.8883306e+01	  -4.3572838e+01	  -1.3974609e+02	  -7.0677857e+00	
   3.9600000e+00	  -4.8609606e+01	  -4.3605243e+01	  -1.4141602e+02	  -7.9040498e+00	
   3.9700000e+00	  -4.9059256e+01	  -4.3637996e+01	  -1.4468994e+02	  -8.7505590e+00	
   3.9800000e+00	  -4.8462981e+01	  -4.3670085e+01	  -1.4813965e+02	  -9.6128228e+00	
   3.9900000e+00	  -4.8541181e+01	  -4.3700351e+01	  -1.5484131e+02	  -1.0501478e+01	
   4.0000000e+00	  -4.9342732e+01	  -4.3733182e+01	  -1.5602783e+02	  -1.1409270e+01	
   4.0100000e+00	  -4.8873531e+01	  -4.3766848e+01	  -1.5842285e+02	  -1.2322593e+01	
   4.0200000e+00	  -4.8814881e+01	  -4.3798650e+01	  -1.6211426e+02	  -1.3249257e+01	
   4.0300000e+00	  -4.8550956e+01	  -4.3829243e+01	  -1.6365234e+02	  -1.4186494e+01	
   4.0400000e+00	  -4.8550956e+01	  -4.3858817e+01	  -1.6648682e+02	  -1.5131555e+01	
   4.0500000e+00	  -4.8462981e+01	  -4.3887931e+01	  -1.7208984e+02	  -1.6097120e+01	
   4.0600000e+00	  -4.8326131e+01	  -4.3916158e+01	  -1.7718750e+02	  -1.7090149e+01	
   4.0700000e+00	  -4.9313406e+01	  -4.3946872e+01	  -1.7808838e+02	  -1.8095745e+01	
   4.0800000e+00	  -4.9029931e+01	  -4.3979598e+01	  -1.8000000e+02	  -1.9103850e+01	
   4.0900000e+00	  -4.9000606e+01	  -4.4011139e+01	  -1.8000000e+02	  -2.0111628e+01	
   4.1000000e+00	  -4.9196106e+01	  -4.4043003e+01	  -1.8000000e+02	  -2.1113093e+01	
   4.1100000e+00	  -4.9069031e+01	  -4.4074882e+01	  -1.8000000e+02	  -2.2108286e+01	
   4.1200000e+00	  -4.9029931e+01	  -4.4106040e+01	  -1.2963867e+01	  -2.2574127e+01	
   4.1300000e+00	  -4.9098356e+01	  -4.4137095e+01	   1.7839600e+02	  -2.1914639e+01	
   4.1400000e+00	  -4.8404331e+01	  -4.4165997e+01	   1.7336426e+02	  -2.0675746e+01	
   4.1500000e+00	  -4.8902856e+01	  -4.4194105e+01	   1.7698975e+02	  -1.9449017e+01	
   4.1600000e+00	  -4.8902856e+01	  -4.4223598e+01	   1.7613281e+02	  -1.8221301e+01	
   4.1700000e+00	  -4.9137456e+01	  -4.4253642e+01	   1.7169434e+02	  -1.7017859e+01	
   4.1800000e+00	  -4.9157006e+01	  -4.4284293e+01	   1.6817871e+02	  -1.5846864e+01	
   4.1900000e+00	  -4.8814881e+01	  -4.4313742e+01	   1.6576172e+02	  -1.4701784e+01	
   4.2000000e+00	  -4.9225431e+01	  -4.4343221e+01	   1.6143311e+02	  -1.3585002e+01	
   4.2100000e+00	  -4.9381832e+01	  -4.4374290e+01	   1.5848877e+02	  -1.2497992e+01	
   4.2200000e+00	  -4.9010381e+01	  -4.4404492e+01	   1.5528076e+02	  -1.1437059e+01	
   4.2300000e+00	  -4.9342732e+01	  -4.4434382e+01	   1.5319336e+02	  -1.0399354e+01	
   4.2400000e+00	  -4.9157006e+01	  -4.4464544e+01	   1.4798584e+02	  -9.3909952e+00	
   4.2500000e+00	  -4.9215656e+01	  -4.4494119e+01	   1.4545898e+02	  -8.4131745e+00	
   4.2600000e+00	  -4.8853981e+01	  -4.4522560e+01	   1.4517334e+02	  -7.4502864e+00	
   4.2700000e+00	  -4.9518682e+01	  -4.4551771e+01	   1.3844971e+02	  -6.5153808e+00	
   4.2800000e+00	  -4.9117906e+01	  -4.4581627e+01	   1.3480225e+02	  -5.6188108e+00	
   4.2900000e+00	  -4.9000606e+01	  -4.4609672e+01	   1.3124268e+02	  -4.7504273e+00	
   4.3000000e+00	  -4.8873531e+01	  -4.4636777e+01	   1.2473877e+02	  -3.9189993e+00	
   4.3100000e+00	  -4.9665307e+01	  -4.4665794e+01	   1.2682617e+02	  -3.1066105e+00	
   4.3200000e+00	  -4.9059256e+01	  -4.4695210e+01	   1.2278320e+02	  -2.3054344e+00	
   4.3300000e+00	  -4.9020156e+01	  -4.4722422e+01	   1.1816895e+02	  -1.5363889e+00	
   4.3400000e+00	  -4.9860807e+01	  -4.4751974e+01	   1.1922363e+02	  -7.8330814e-01	
   4.3500000e+00	  -4.8951731e+01	  -4.4781126e+01	   1.1377441e+02	  -4.8706918e-02	
   4.3600000e+00	  -4.9059256e+01	  -4.4807586e+01	   1.1375244e+02	   6.6415863e-01	
   4.3700000e+00	  -5.0095407e+01	  -4.4837461e+01	   1.1111572e+02	   1.3642327e+00	
   4.3800000e+00	  -4.9596882e+01	  -4.4868833e+01	   1.0716064e+02	   2.0392779e+00	
   4.3900000e+00	  -4.9479582e+01	  -4.4898080e+01	   1.0105225e+02	   2.6785785e+00	
   4.4000000e+00	  -4.9020156e+01	  -4.4925338e+01	   9.7800293e+01	   3.2845605e+00	
   4.4100000e+00	  -4.9890132e+01	  -4.4953710e+01	   9.1604004e+01	   3.8571571e+00	
   4.4200000e+00	  -4.8619381e+01	  -4.4980650e+01	   9.0549316e+01	   4.4034590e+00	
   4.4300000e+00	  -4.9372057e+01	  -4.5005798e+01	   8.9428711e+01	   4.9395265e+00	
   4.4400000e+00	  -4.9313406e+01	  -4.5032963e+01	   8.3737793e+01	   5.4509043e+00	
   4.4500000e+00	  -4.9117906e+01	  -4.5059161e+01	   8.2683105e+01	   5.9379534e+00	
   4.4600000e+00	  -4.9069031e+01	  -4.5084430e+01	   7.9365234e+01	   6.4082581e+00	
   4.4700000e+00	  -4.9489357e+01	  -4.5110704e+01	   7.2531738e+01	   6.8438253e+00	
   4.4800000e+00	  -4.9352507e+01	  -4.5137702e+01	   7.2663574e+01	   7.2556763e+00	
   4.4900000e+00	  -4.9254756e+01	  -4.5163795e+01	   7.0620117e+01	   7.6589609e+00	
   4.5000000e+00	  -4.9078806e+01	  -4.5188868e+01	   6.7060547e+01	   8.0421721e+00	
   4.5100000e+00	  -4.9538232e+01	  -4.5214671e+01	   6.2885742e+01	   8.3987609e+00	
   4.5200000e+00	  -4.9635982e+01	  -4.5242058e+01	   5.9765625e+01	   8.7302702e+00	
   4.5300000e+00	  -4.9303631e+01	  -4.5268539e+01	   6.0205078e+01	   9.0513079e+00	
   4.5400000e+00	  -4.9802157e+01	  -4.5295374e+01	   5.7326660e+01	   9.3626964e+00	
   4.5500000e+00	  -4.9352507e+01	  -4.5322194e+01	   5.1218262e+01	   9.6439900e+00	
   4.5600000e+00	  -4.9391607e+01	  -4.5347561e+01	   4.7746582e+01	   9.8935192e+00	
   4.5700000e+00	  -4.9763057e+01	  -4.5374054e+01	   4.5263672e+01	   1.0122837e+01	
   4.5800000e+00	  -4.9987882e+01	  -4.5402249e+01	   4.0803223e+01	   1.0328974e+01	
   4.5900000e+00	  -4.9332957e+01	  -4.5428920e+01	   3.9748535e+01	   1.0516547e+01	
   4.6000000e+00	  -4.8883306e+01	  -4.5451965e+01	   3.3793945e+01	   1.0680994e+01	
   4.6100000e+00	  -4.9215656e+01	  -4.5474498e+01	   3.3222656e+01	   1.0823973e+01	
   4.6200000e+00	  -4.8981056e+01	  -4.5497196e+01	   3.0432129e+01	   1.0955529e+01	
   4.6300000e+00	  -4.8932181e+01	  -4.5518864e+01	   2.9311523e+01	   1.1074012e+01	
   4.6400000e+00	  -4.9880357e+01	  -4.5543213e+01	   2.1071777e+01	   1.1162438e+01	
   4.6500000e+00	  -4.9049481e+01	  -4.5567777e+01	   2.1555176e+01	   1.1226019e+01	
   4.6600000e+00	  -4.9274306e+01	  -4.5590289e+01	   1.4743652e+01	   1.1269384e+01	
   4.6700000e+00	  -4.9362282e+01	  -4.5613639e+01	   1.4436035e+01	   1.1290182e+01	
   4.6800000e+00	  -4.9460032e+01	  -4.5637425e+01	   1.2041016e+01	   1.1302385e+01	
   4.6900000e+00	  -4.9870582e+01	  -4.5662654e+01	   7.9101563e+00	   1.1294075e+01	
   4.7000000e+00	  -4.9293856e+01	  -4.5687204e+01	   6.5039063e+00	   1.1268476e+01	
   4.7100000e+00	  -4.9342732e+01	  -4.5709947e+01	   1.8676758e+00	   1.1224113e+01	
   4.7200000e+00	  -4.9802157e+01	  -4.5734140e+01	  -3.0322266e+00	   1.1150163e+01	
   4.7300000e+00	  -4.8863756e+01	  -4.5756682e+01	  -3.0541992e+00	   1.1061263e+01	
   4.7400000e+00	  -4.9606657e+01	  -4.5778469e+01	  -8.0419922e+00	   1.0957230e+01	
   4.7500000e+00	  -4.9352507e+01	  -4.5801651e+01	  -9.9316406e+00	   1.0832309e+01	
   4.7600000e+00	  -4.8560731e+01	  -4.5821413e+01	  -1.2722168e+01	   1.0693515e+01	
   4.7700000e+00	  -4.8531406e+01	  -4.5838479e+01	  -1.4589844e+01	   1.0541001e+01	
   4.7800000e+00	  -4.8824656e+01	  -4.5856264e+01	  -1.8391113e+01	   1.0371688e+01	
   4.7900000e+00	  -4.8687806e+01	  -4.5874428e+01	  -2.3598633e+01	   1.0175223e+01	
   4.8000000e+00	  -4.8756231e+01	  -4.5892264e+01	  -2.1489258e+01	   9.9702854e+00	
   4.8100000e+00	  -4.9176556e+01	  -4.5911519e+01	  -2.6367188e+01	   9.7579612e+00	
   4.8200000e+00	  -4.8981056e+01	  -4.5931358e+01	  -2.7707520e+01	   9.5274927e+00	
   4.8300000e+00	  -4.8990831e+01	  -4.5950490e+01	  -3.4694824e+01	   9.2723875e+00	
   4.8400000e+00	  -4.9342732e+01	  -4.5970635e+01	  -3.6826172e+01	   8.9903228e+00	
   4.8500000e+00	  -4.9450257e+01	  -4.5992093e+01	  -3.9309082e+01	   8.6955740e+00	
   4.8600000e+00	  -4.8775781e+01	  -4.6011641e+01	  -4.0473633e+01	   8.3912483e+00	
   4.8700000e+00	  -4.9763057e+01	  -4.6032046e+01	  -4.6054688e+01	   8.0677032e+00	
   4.8800000e+00	  -4.9567557e+01	  -4.6054804e+01	  -4.9460449e+01	   7.7180400e+00	
   4.8900000e+00	  -4.8590056e+01	  -4.6073744e+01	  -4.8801270e+01	   7.3619653e+00	
   4.9000000e+00	  -4.9235206e+01	  -4.6091526e+01	  -5.3591309e+01	   6.9951840e+00	
   4.9100000e+00	  -4.9352507e+01	  -4.6111584e+01	  -5.7041016e+01	   6.6048952e+00	
   4.9200000e+00	  -4.9293856e+01	  -4.6131700e+01	  -5.9831543e+01	   6.1975079e+00	
   4.9300000e+00	  -4.8883306e+01	  -4.6150220e+01	  -6.2336426e+01	   5.7760884e+00	
   4.9400000e+00	  -4.9313406e+01	  -4.6168686e+01	  -6.5412598e+01	   5.3398298e+00	
   4.9500000e+00	  -4.8912631e+01	  -4.6187128e+01	  -6.8312988e+01	   4.8875867e+00	
   4.9600000e+00	  -4.8394556e+01	  -4.6202577e+01	  -7.1564941e+01	   4.4189084e+00	
   4.9700000e+00	  -4.9411157e+01	  -4.6219490e+01	  -7.5300293e+01	   3.9312832e+00	
   4.9800000e+00	  -4.9665307e+01	  -4.6240277e+01	  -7.6574707e+01	   3.4310228e+00	
   4.9900000e+00	  -4.8981056e+01	  -4.6259587e+01	  -8.0969238e+01	   2.9161420e+00	
   5.0000000e+00	  -4.8922406e+01	  -4.6276449e+01	  -8.3847656e+01	   2.3817090e+00	
   5.0100000e+00	  -4.8355456e+01	  -4.6291247e+01	  -8.5803223e+01	   1.8354845e+00	
   5.0200000e+00	  -4.7700530e+01	  -4.6302125e+01	  -8.8330078e+01	   1.2786435e+00	
   5.0300000e+00	  -4.6302704e+01	  -4.6306506e+01	  -9.0505371e+01	   7.1056420e-01	
   5.0400000e+00	  -4.4220627e+01	  -4.6299962e+01	  -9.3625488e+01	   1.2945912e-01	
   5.0500000e+00	  -4.3409301e+01	  -4.6284397e+01	  -9.7580566e+01	  -4.7016403e-01	
   5.0600000e+00	  -4.1532499e+01	  -4.6260511e+01	  -9.9184570e+01	  -1.0834412e+00	
   5.0700000e+00	  -4.0085798e+01	  -4.6226366e+01	  -1.0210693e+02	  -1.7070525e+00	
   5.0800000e+00	  -3.8736847e+01	  -4.6183680e+01	  -1.0215088e+02	  -2.3360477e+00	
   5.0900000e+00	  -3.6869820e+01	  -4.6131189e+01	  -1.0836914e+02	  -2.9807148e+00	
   5.1000000e+00	  -3.5315594e+01	  -4.6068313e+01	  -1.0735840e+02	  -3.6376528e+00	
   5.1100000e+00	  -3.4367418e+01	  -4.5997994e+01	  -1.1030273e+02	  -4.2965316e+00	
   5.1200000e+00	  -3.1972541e+01	  -4.5917645e+01	  -1.1164307e+02	  -4.9647021e+00	
   5.1300000e+00	  -2.9929564e+01	  -4.5823901e+01	  -1.1221436e+02	  -5.6346742e+00	
   5.1400000e+00	  -2.8844538e+01	  -4.5720949e+01	  -1.1504883e+02	  -6.3111160e+00	
   5.1500000e+00	  -2.5677435e+01	  -4.5605324e+01	  -1.1658691e+02	  -6.9970147e+00	
   5.1600000e+00	  -2.4152533e+01	  -4.5475730e+01	  -1.1654297e+02	  -7.6832965e+00	
   5.1700000e+00	  -2.1953156e+01	  -4.5335283e+01	  -1.1902588e+02	  -8.3729180e+00	
   5.1800000e+00	  -1.9460529e+01	  -4.5181022e+01	  -1.1814697e+02	  -9.0632435e+00	
   5.1900000e+00	  -1.7505527e+01	  -4.5013799e+01	  -1.2148682e+02	  -9.7569521e+00	
   5.2000000e+00	  -1.7319802e+01	  -4.4840918e+01	  -1.2186035e+02	  -1.0457945e+01	
   5.2100000e+00	  -1.4553474e+01	  -4.4659875e+01	  -1.2282715e+02	  -1.1158745e+01	
   5.2200000e+00	  -1.2921048e+01	  -4.4466191e+01	  -1.2537598e+02	  -1.1866166e+01	
   5.2300000e+00	  -1.1445022e+01	  -4.4263984e+01	  -1.2561768e+02	  -1.2577894e+01	
   5.2400000e+00	  -9.7050700e+00	  -4.4052973e+01	  -1.2309082e+02	  -1.3278009e+01	
   5.2500000e+00	  -7.9651184e+00	  -4.3832384e+01	  -1.2807861e+02	  -1.3981445e+01	
   5.2600000e+00	  -7.0169425e+00	  -4.3604759e+01	  -1.2401367e+02	  -1.4683366e+01	
   5.2700000e+00	  -4.9055406e+00	  -4.3368978e+01	  -1.2535400e+02	  -1.5372357e+01	
   5.2800000e+00	  -4.1235398e+00	  -4.3125612e+01	  -1.2577148e+02	  -1.6062537e+01	
   5.2900000e+00	  -2.6572885e+00	  -4.2876730e+01	  -1.2594727e+02	  -1.6750253e+01	
   5.3000000e+00	  -8.0981179e-01	  -4.2619028e+01	  -1.2563965e+02	  -1.7433248e+01	
   5.3100000e+00	   5.1958943e-01	  -4.2352992e+01	  -1.2421143e+02	  -1.8106529e+01	
   5.3200000e+00	   7.0531460e-01	  -4.2083876e+01	  -1.2577148e+02	  -1.8776006e+01	
   5.3300000e+00	   1.3504652e+00	  -4.1813845e+01	  -1.2511230e+02	  -1.9444111e+01	
   5.3400000e+00	   2.3279661e+00	  -4.1540422e+01	  -1.2583740e+02	  -2.0108237e+01	
   5.3500000e+00	   4.3220679e+00	  -4.1259406e+01	  -1.2555176e+02	  -2.0769580e+01	
   5.3600000e+00	   4.4393680e+00	  -4.0973538e+01	  -1.2337646e+02	  -2.1419074e+01	
   5.3700000e+00	   5.3973189e+00	  -4.0686093e+01	  -1.2328857e+02	  -2.2057412e+01	
   5.3800000e+00	   6.4627949e+00	  -4.0394111e+01	  -1.2135498e+02	  -2.2685420e+01	
   5.3900000e+00	   7.0395204e+00	  -4.0098816e+01	  -1.2214600e+02	  -2.3305917e+01	
   5.4000000e+00	   6.9319953e+00	  -3.9803900e+01	  -1.2304688e+02	  -2.3927826e+01	
   5.4100000e+00	   1.0167523e+01	  -3.9501036e+01	  -1.2014648e+02	  -2.4539578e+01	
   5.4200000e+00	   8.6914970e+00	  -3.9194558e+01	  -1.1955322e+02	  -2.5136557e+01	
   5.4300000e+00	   1.2415775e+01	  -3.8882959e+01	  -1.1779541e+02	  -2.5722433e+01	
   5.4400000e+00	   1.2445100e+01	  -3.8561556e+01	  -1.2388184e+02	  -2.6318196e+01	
   5.4500000e+00	   1.2161625e+01	  -3.8242962e+01	  -1.1834473e+02	  -2.6911948e+01	
   5.4600000e+00	   1.4224152e+01	  -3.7920792e+01	  -1.1654297e+02	  -2.7478997e+01	
   5.4700000e+00	   1.4927953e+01	  -3.7591976e+01	  -1.1621338e+02	  -2.8035819e+01	
   5.4800000e+00	   1.5944554e+01	  -3.7259833e+01	  -1.1507080e+02	  -2.8584544e+01	
   5.4900000e+00	   1.5905454e+01	  -3.6926708e+01	  -1.1487305e+02	  -2.9125634e+01	
   5.5000000e+00	   1.6579929e+01	  -3.6593680e+01	  -1.1412598e+02	  -2.9660375e+01	
   5.5100000e+00	   1.6208479e+01	  -3.6261789e+01	  -1.1153320e+02	  -3.0181308e+01	
   5.5200000e+00	   1.8662006e+01	  -3.5925456e+01	  -1.1447754e+02	  -3.0700079e+01	
   5.5300000e+00	   1.9952307e+01	  -3.5579505e+01	  -1.0880859e+02	  -3.1207068e+01	
   5.5400000e+00	   1.9854557e+01	  -3.5231986e+01	  -1.0979736e+02	  -3.1696224e+01	
   5.5500000e+00	   2.0010957e+01	  -3.4886460e+01	  -1.0887451e+02	  -3.2182522e+01	
   5.5600000e+00	   2.2708860e+01	  -3.4534159e+01	  -1.0566650e+02	  -3.2652838e+01	
   5.5700000e+00	   2.1066658e+01	  -3.4180759e+01	  -1.0452393e+02	  -3.3106583e+01	
   5.5800000e+00	   2.2865260e+01	  -3.3829082e+01	  -1.0320557e+02	  -3.3549778e+01	
   5.5900000e+00	   2.2112584e+01	  -3.3476333e+01	  -1.0155762e+02	  -3.3980908e+01	
   5.6000000e+00	   2.3999161e+01	  -3.3122242e+01	  -1.0087646e+02	  -3.4402044e+01	
   5.6100000e+00	   2.4781162e+01	  -3.2762011e+01	  -9.6723633e+01	  -3.4805403e+01	
   5.6200000e+00	   2.5103737e+01	  -3.2400578e+01	  -9.6701660e+01	  -3.5193160e+01	
   5.6300000e+00	   2.4918012e+01	  -3.2040979e+01	  -9.5668945e+01	  -3.5575186e+01	
   5.6400000e+00	   2.6921889e+01	  -3.1677939e+01	  -9.3515625e+01	  -3.5944842e+01	
   5.6500000e+00	   2.8368590e+01	  -3.1306367e+01	  -9.2351074e+01	  -3.6301791e+01	
   5.6600000e+00	   2.6540663e+01	  -3.0938316e+01	  -9.0109863e+01	  -3.6645838e+01	
   5.6700000e+00	   2.7840740e+01	  -3.0574223e+01	  -9.0747070e+01	  -3.6982707e+01	
   5.6800000e+00	   2.9629566e+01	  -3.0202737e+01	  -8.7275391e+01	  -3.7308589e+01	
   5.6900000e+00	   2.8065565e+01	  -2.9832874e+01	  -8.6022949e+01	  -3.7617636e+01	
   5.7000000e+00	   2.8163315e+01	  -2.9469919e+01	  -8.3078613e+01	  -3.7911603e+01	
   5.7100000e+00	   2.9570916e+01	  -2.9104524e+01	  -8.0683594e+01	  -3.8187007e+01	
   5.7200000e+00	   3.0225842e+01	  -2.8734957e+01	  -7.9870605e+01	  -3.8450639e+01	
   5.7300000e+00	   3.0597292e+01	  -2.8364491e+01	  -7.7893066e+01	  -3.8703881e+01	
   5.7400000e+00	   3.0724367e+01	  -2.7994785e+01	  -7.6508789e+01	  -3.8945009e+01	
   5.7500000e+00	   3.1760518e+01	  -2.7623750e+01	  -7.4245605e+01	  -3.9173203e+01	
   5.7600000e+00	   3.2689144e+01	  -2.7248887e+01	  -7.2290039e+01	  -3.9386755e+01	
   5.7700000e+00	   3.3236545e+01	  -2.6871749e+01	  -7.0620117e+01	  -3.9587616e+01	
   5.7800000e+00	   3.3031269e+01	  -2.6495902e+01	  -6.9257813e+01	  -3.9777723e+01	
   5.7900000e+00	   3.4468196e+01	  -2.6118552e+01	  -6.6467285e+01	  -3.9953633e+01	
   5.8000000e+00	   3.3060594e+01	  -2.5743473e+01	  -6.1193848e+01	  -4.0103187e+01	
   5.8100000e+00	   3.5406597e+01	  -2.5367805e+01	  -6.1259766e+01	  -4.0235495e+01	
   5.8200000e+00	   3.5123121e+01	  -2.4988031e+01	  -5.8095703e+01	  -4.0357272e+01	
   5.8300000e+00	   3.4634371e+01	  -2.4613054e+01	  -5.5590820e+01	  -4.0460533e+01	
   5.8400000e+00	   3.4702796e+01	  -2.4241741e+01	  -5.5217285e+01	  -4.0554132e+01	
   5.8500000e+00	   3.7029248e+01	  -2.3865255e+01	  -5.2053223e+01	  -4.0636066e+01	
   5.8600000e+00	   3.6872848e+01	  -2.3484330e+01	  -4.9174805e+01	  -4.0698563e+01	
   5.8700000e+00	   3.6882623e+01	  -2.3106251e+01	  -4.9240723e+01	  -4.0751860e+01	
   5.8800000e+00	   3.7517999e+01	  -2.2728519e+01	  -4.5439453e+01	  -4.0793126e+01	
   5.8900000e+00	   3.8612800e+01	  -2.2347734e+01	  -4.2561035e+01	  -4.0813214e+01	
   5.9000000e+00	   3.6911948e+01	  -2.1971233e+01	  -4.0495605e+01	  -4.0817693e+01	
   5.9100000e+00	   3.7537549e+01	  -2.1600457e+01	  -3.8100586e+01	  -4.0808175e+01	
   5.9200000e+00	   3.9345925e+01	  -2.1224381e+01	  -3.6254883e+01	  -4.0785436e+01	
   5.9300000e+00	   3.8231574e+01	  -2.0848487e+01	  -3.4760742e+01	  -4.0752379e+01	
   5.9400000e+00	   4.1232502e+01	  -2.0469039e+01	  -3.0256348e+01	  -4.0700744e+01	
   5.9500000e+00	   3.7928549e+01	  -2.0092917e+01	  -2.8806152e+01	  -4.0630783e+01	
   5.9600000e+00	   3.8808300e+01	  -1.9726743e+01	  -2.6015625e+01	  -4.0547980e+01	
   5.9700000e+00	   3.9893326e+01	  -1.9356709e+01	  -2.1950684e+01	  -4.0444226e+01	
   5.9800000e+00	   3.8886500e+01	  -1.8988748e+01	  -2.2038574e+01	  -4.0328666e+01	
   5.9900000e+00	   4.0049726e+01	  -1.8622602e+01	  -2.1665039e+01	  -4.0212936e+01	
   6.0000000e+00	   3.9375250e+01	  -1.8257218e+01	  -1.6940918e+01	  -4.0081966e+01	
   6.0100000e+00	   3.9795576e+01	  -1.7894919e+01	  -1.4809570e+01	  -3.9930346e+01	
   6.0200000e+00	   3.9619625e+01	  -1.7534124e+01	  -1.3952637e+01	  -3.9770318e+01	
   6.0300000e+00	   3.9531650e+01	  -1.7176416e+01	  -1.0810547e+01	  -3.9598768e+01	
   6.0400000e+00	   4.0655776e+01	  -1.6817702e+01	  -5.3833008e+00	  -3.9401455e+01	
   6.0500000e+00	   4.0929477e+01	  -1.6456858e+01	  -4.8120117e+00	  -3.9186592e+01	
   6.0600000e+00	   4.1105427e+01	  -1.6096867e+01	  -2.0654297e+00	  -3.8962684e+01	
   6.0700000e+00	   4.1398677e+01	  -1.5737660e+01	  -1.7358398e+00	  -3.8730545e+01	
   6.0800000e+00	   4.2122028e+01	  -1.5377519e+01	   3.5375977e+00	  -3.8482313e+01	
   6.0900000e+00	   4.1750577e+01	  -1.5018533e+01	   5.2514648e+00	  -3.8213752e+01	
   6.1000000e+00	   4.2337078e+01	  -1.4661121e+01	   8.9868164e+00	  -3.7929808e+01	
   6.1100000e+00	   4.1770127e+01	  -1.4305887e+01	   1.3842773e+01	  -3.7620737e+01	
   6.1200000e+00	   4.3324354e+01	  -1.3949786e+01	   1.2062988e+01	  -3.7303968e+01	
   6.1300000e+00	   4.3451429e+01	  -1.3590649e+01	   1.6457520e+01	  -3.6980994e+01	
   6.1400000e+00	   4.2982229e+01	  -1.3234834e+01	   1.8830566e+01	  -3.6638848e+01	
   6.1500000e+00	   4.1535527e+01	  -1.2887248e+01	   2.2456055e+01	  -3.6280060e+01	
   6.1600000e+00	   4.3598054e+01	  -1.2539910e+01	   2.5378418e+01	  -3.5903012e+01	
   6.1700000e+00	   4.4692855e+01	  -1.2184859e+01	   2.8059082e+01	  -3.5510779e+01	
   6.1800000e+00	   4.3461204e+01	  -1.1832461e+01	   3.1091309e+01	  -3.5103111e+01	
   6.1900000e+00	   4.3705579e+01	  -1.1485363e+01	   3.3750000e+01	  -3.4680174e+01	
   6.2000000e+00	   4.5132731e+01	  -1.1135203e+01	   3.8474121e+01	  -3.4236765e+01	
   6.2100000e+00	   4.4360505e+01	  -1.0785186e+01	   3.9924316e+01	  -3.3776797e+01	
   6.2200000e+00	   4.5680131e+01	  -1.0435646e+01	   4.3571777e+01	  -3.3303745e+01	
   6.2300000e+00	   4.5670356e+01	  -1.0084194e+01	   4.5131836e+01	  -3.2817347e+01	
   6.2400000e+00	   4.5719231e+01	  -9.7348209e+00	   4.7944336e+01	  -3.2320302e+01	
   6.2500000e+00	   4.4096580e+01	  -9.3925646e+00	   4.9877930e+01	  -3.1811507e+01	
   6.2600000e+00	   4.5298906e+01	  -9.0537685e+00	   5.4755859e+01	  -3.1284566e+01	
   6.2700000e+00	   4.4976330e+01	  -8.7143392e+00	   5.2800293e+01	  -3.0751774e+01	
   6.2800000e+00	   4.2992004e+01	  -8.3842606e+00	   6.0468750e+01	  -3.0204427e+01	
   6.2900000e+00	   4.6061356e+01	  -8.0528514e+00	   6.2182617e+01	  -2.9631126e+01	
   6.3000000e+00	   4.6960657e+01	  -7.7110891e+00	   6.4226074e+01	  -2.9049648e+01	
   6.3100000e+00	   4.5513956e+01	  -7.3731818e+00	   6.9279785e+01	  -2.8449586e+01	
   6.3200000e+00	   4.5953831e+01	  -7.0405441e+00	   6.8422852e+01	  -2.7840139e+01	
   6.3300000e+00	   4.5406431e+01	  -6.7103267e+00	   7.5344238e+01	  -2.7215517e+01	
   6.3400000e+00	   4.6579432e+01	  -6.3802183e+00	   7.7827148e+01	  -2.6565355e+01	
   6.3500000e+00	   4.5816981e+01	  -6.0508919e+00	   8.0881348e+01	  -2.5901925e+01	
   6.3600000e+00	   4.5435756e+01	  -5.7272099e+00	   8.3759766e+01	  -2.5224070e+01	
   6.3700000e+00	   4.5660581e+01	  -5.4060451e+00	   8.8835449e+01	  -2.4525551e+01	
   6.3800000e+00	   4.7234357e+01	  -5.0812591e+00	   8.7033691e+01	  -2.3821154e+01	
   6.3900000e+00	   4.4731955e+01	  -4.7614157e+00	   9.3186035e+01	  -2.3107543e+01	
   6.4000000e+00	   4.5738781e+01	  -4.4482594e+00	   9.5383301e+01	  -2.2372254e+01	
   6.4100000e+00	   4.6129781e+01	  -4.1326869e+00	   1.0105225e+02	  -2.1616935e+01	
   6.4200000e+00	   4.6012481e+01	  -3.8182339e+00	   1.0285400e+02	  -2.0842950e+01	
   6.4300000e+00	   4.6168882e+01	  -3.5056280e+00	   1.0294189e+02	  -2.0067896e+01	
   6.4400000e+00	   4.6002706e+01	  -3.1950107e+00	   1.0966553e+02	  -1.9276363e+01	
   6.4500000e+00	   4.7527608e+01	  -2.8820838e+00	   1.1023682e+02	  -1.8466943e+01	
   6.4600000e+00	   4.6295957e+01	  -2.5701985e+00	   1.1368652e+02	  -1.7650000e+01	
   6.4700000e+00	   4.7635133e+01	  -2.2599299e+00	   1.1825684e+02	  -1.6813057e+01	
   6.4800000e+00	   4.6501232e+01	  -1.9509619e+00	   1.1935547e+02	  -1.5963602e+01	
   6.4900000e+00	   4.5875631e+01	  -1.6494394e+00	   1.2071777e+02	  -1.5111761e+01	
   6.5000000e+00	   4.7537383e+01	  -1.3465606e+00	   1.2462891e+02	  -1.4248740e+01	
   6.5100000e+00	   4.7351658e+01	  -1.0409563e+00	   1.2845215e+02	  -1.3366902e+01	
   6.5200000e+00	   4.6804257e+01	  -7.3956209e-01	   1.3390137e+02	  -1.2461549e+01	
   6.5300000e+00	   4.5699681e+01	  -4.4522930e-01	   1.3629639e+02	  -1.1537300e+01	
   6.5400000e+00	   4.8162983e+01	  -1.4848486e-01	   1.3816406e+02	  -1.0605490e+01	
   6.5500000e+00	   4.7605808e+01	   1.5237046e-01	   1.4126221e+02	  -9.6639652e+00	
   6.5600000e+00	   4.8514884e+01	   4.5244342e-01	   1.4550293e+02	  -8.7053539e+00	
   6.5700000e+00	   4.6364382e+01	   7.4674902e-01	   1.4805176e+02	  -7.7314836e+00	
   6.5800000e+00	   4.7459183e+01	   1.0359050e+00	   1.4989746e+02	  -6.7499505e+00	
   6.5900000e+00	   4.8925434e+01	   1.3312705e+00	   1.5778564e+02	  -5.7440811e+00	
   6.6000000e+00	   4.8544209e+01	   1.6281840e+00	   1.5837891e+02	  -4.7179500e+00	
   6.6100000e+00	   4.8153208e+01	   1.9208193e+00	   1.5743408e+02	  -3.6993472e+00	
   6.6200000e+00	   4.8788584e+01	   2.2123870e+00	   1.6536621e+02	  -2.6652418e+00	
   6.6300000e+00	   4.7615583e+01	   2.5004448e+00	   1.6541016e+02	  -1.6126344e+00	
   6.6400000e+00	   4.7977258e+01	   2.7841575e+00	   1.7272705e+02	  -5.4356761e-01	
   6.6500000e+00	   4.8221633e+01	   3.0679911e+00	   1.7312256e+02	   5.4295647e-01	
   6.6600000e+00	   4.5934281e+01	   3.3436487e+00	   1.7525391e+02	   1.6305886e+00	
   6.6700000e+00	   4.8133658e+01	   3.6173043e+00	   1.7800049e+02	   2.7266848e+00	
   6.6800000e+00	   4.8309608e+01	   3.8966848e+00	   1.7731934e+02	   3.8223841e+00	
   6.6900000e+00	   4.8299833e+01	   4.1748358e+00	  -1.1118164e+01	   4.3189454e+00	
   6.7000000e+00	   4.7899058e+01	   4.4499588e+00	  -1.0217285e+01	   4.2250759e+00	
   6.7100000e+00	   4.6941107e+01	   4.7191034e+00	  -1.8000000e+02	   3.6028964e+00	
   6.7200000e+00	   4.8231408e+01	   4.9876031e+00	  -1.8000000e+02	   2.4528944e+00	
   6.7300000e+00	   4.8417134e+01	   5.2590435e+00	  -1.7890137e+02	   1.3135361e+00	
   6.7400000e+00	   4.8808134e+01	   5.5305900e+00	  -1.7773682e+02	   1.8840207e-01	
   6.7500000e+00	   4.9942035e+01	   5.8052112e+00	  -1.7514404e+02	  -9.1791764e-01	
   6.7600000e+00	   4.7830633e+01	   6.0750510e+00	  -1.7132080e+02	  -1.9972144e+00	
   6.7700000e+00	   4.8641959e+01	   6.3391292e+00	  -1.6802490e+02	  -3.0474556e+00	
   6.7800000e+00	   4.8739709e+01	   6.6044003e+00	  -1.6729980e+02	  -4.0785257e+00	
   6.7900000e+00	   4.9482610e+01	   6.8706426e+00	  -1.6479492e+02	  -5.0930221e+00	
   6.8000000e+00	   4.8378034e+01	   7.1340846e+00	  -1.5897217e+02	  -6.0750840e+00	
   6.8100000e+00	   4.8612634e+01	   7.3931520e+00	  -1.5884033e+02	  -7.0323463e+00	
   6.8200000e+00	   4.7781758e+01	   7.6487292e+00	  -1.5457764e+02	  -7.9698502e+00	
   6.8300000e+00	   4.8495334e+01	   7.9023384e+00	  -1.5051270e+02	  -8.8754018e+00	
   6.8400000e+00	   4.9306659e+01	   8.1591346e+00	  -1.4965576e+02	  -9.7598673e+00	
   6.8500000e+00	   4.8573534e+01	   8.4145673e+00	  -1.4583252e+02	  -1.0624136e+01	
   6.8600000e+00	   4.8612634e+01	   8.6662266e+00	  -1.3998779e+02	  -1.1452713e+01	
   6.8700000e+00	   4.8290058e+01	   8.9154218e+00	  -1.4031738e+02	  -1.2258828e+01	
   6.8800000e+00	   4.8954759e+01	   9.1641277e+00	  -1.3693359e+02	  -1.3050330e+01	
   6.8900000e+00	   4.7879508e+01	   9.4099900e+00	  -1.3502197e+02	  -1.3820289e+01	
   6.9000000e+00	   4.7811083e+01	   9.6507306e+00	  -1.2851807e+02	  -1.4559071e+01	
   6.9100000e+00	   4.7820858e+01	   9.8897797e+00	  -1.3036377e+02	  -1.5278636e+01	
   6.9200000e+00	   4.9912710e+01	   1.0133913e+01	  -1.2317871e+02	  -1.5976973e+01	
   6.9300000e+00	   4.8309608e+01	   1.0378048e+01	  -1.2106934e+02	  -1.6641829e+01	
   6.9400000e+00	   4.8250958e+01	   1.0615450e+01	  -1.1827881e+02	  -1.7287174e+01	
   6.9500000e+00	   4.8045683e+01	   1.0850538e+01	  -1.1599365e+02	  -1.7912581e+01	
   6.9600000e+00	   4.7742658e+01	   1.1082562e+01	  -1.1254395e+02	  -1.8516111e+01	
   6.9700000e+00	   4.8778809e+01	   1.1315429e+01	  -1.0933594e+02	  -1.9095011e+01	
   6.9800000e+00	   4.8153208e+01	   1.1548122e+01	  -1.0507324e+02	  -1.9646887e+01	
   6.9900000e+00	   4.7038857e+01	   1.1773910e+01	  -1.0353516e+02	  -2.0177141e+01	
   7.0000000e+00	   4.7293008e+01	   1.1995588e+01	  -1.0094238e+02	  -2.0691136e+01	
   7.0100000e+00	   4.8788584e+01	   1.2221359e+01	  -9.8151855e+01	  -2.1185053e+01	
   7.0200000e+00	   4.8690834e+01	   1.2450092e+01	  -9.3757324e+01	  -2.1653374e+01	
   7.0300000e+00	   4.7351658e+01	   1.2672893e+01	  -9.1911621e+01	  -2.2099219e+01	
   7.0400000e+00	   4.8602859e+01	   1.2894023e+01	  -8.8132324e+01	  -2.2524655e+01	
   7.0500000e+00	   4.8290058e+01	   1.3116707e+01	  -8.6286621e+01	  -2.2929810e+01	
   7.0600000e+00	   4.7556933e+01	   1.3334720e+01	  -8.3496094e+01	  -2.3317908e+01	
   7.0700000e+00	   4.8133658e+01	   1.3550878e+01	  -7.9914551e+01	  -2.3683619e+01	
   7.0800000e+00	   4.9942035e+01	   1.3773152e+01	  -7.6267090e+01	  -2.4024400e+01	
   7.0900000e+00	   4.9502160e+01	   1.3998319e+01	  -7.3959961e+01	  -2.4344399e+01	
   7.1000000e+00	   4.8426909e+01	   1.4217331e+01	  -7.2333984e+01	  -2.4650075e+01	
   7.1100000e+00	   4.8671284e+01	   1.4432369e+01	  -6.9125977e+01	  -2.4938698e+01	
   7.1200000e+00	   4.9140484e+01	   1.4648295e+01	  -6.4973145e+01	  -2.5202460e+01	
   7.1300000e+00	   4.8876559e+01	   1.4863511e+01	  -6.2116699e+01	  -2.5442619e+01	
   7.1400000e+00	   4.7742658e+01	   1.5073002e+01	  -6.0468750e+01	  -2.5667167e+01	
   7.1500000e+00	   4.8857009e+01	   1.5281119e+01	  -5.6711426e+01	  -2.5873381e+01	
   7.1600000e+00	   4.8944984e+01	   1.5491698e+01	  -5.3767090e+01	  -2.6057315e+01	
   7.1700000e+00	   4.8514884e+01	   1.5699886e+01	  -5.0603027e+01	  -2.6220967e+01	
   7.1800000e+00	   4.9023184e+01	   1.5907016e+01	  -4.7504883e+01	  -2.6363982e+01	
   7.1900000e+00	   4.6921557e+01	   1.6107858e+01	  -4.5659180e+01	  -2.6490618e+01	
   7.2000000e+00	   4.7508058e+01	   1.6302698e+01	  -4.2802734e+01	  -2.6601736e+01	
   7.2100000e+00	   4.8329158e+01	   1.6500725e+01	  -4.0561523e+01	  -2.6696192e+01	
   7.2200000e+00	   4.8622409e+01	   1.6701001e+01	  -3.5485840e+01	  -2.6767142e+01	
   7.2300000e+00	   4.7097507e+01	   1.6896166e+01	  -3.2453613e+01	  -2.6812256e+01	
   7.2400000e+00	   4.7468958e+01	   1.7086497e+01	  -3.1025391e+01	  -2.6843118e+01	
   7.2500000e+00	   4.8065233e+01	   1.7278665e+01	  -2.7092285e+01	  -2.6856996e+01	
   7.2600000e+00	   4.8905884e+01	   1.7474131e+01	  -2.3906250e+01	  -2.6848492e+01	
   7.2700000e+00	   4.8935209e+01	   1.7671096e+01	  -1.9467773e+01	  -2.6816163e+01	
   7.2800000e+00	   4.7459183e+01	   1.7862297e+01	  -1.9028320e+01	  -2.6768759e+01	
   7.2900000e+00	   4.8905884e+01	   1.8052209e+01	  -1.7292480e+01	  -2.6714841e+01	
   7.3000000e+00	   4.9502160e+01	   1.8247329e+01	  -1.4677734e+01	  -2.6647635e+01	
   7.3100000e+00	   5.0030010e+01	   1.8444748e+01	  -7.8881836e+00	  -2.6551398e+01	
   7.3200000e+00	   4.8700609e+01	   1.8638420e+01	  -9.1406250e+00	  -2.6438422e+01	
   7.3300000e+00	   4.8475784e+01	   1.8826011e+01	  -1.5380859e+00	  -2.6306268e+01	
   7.3400000e+00	   5.0284160e+01	   1.9017387e+01	   1.4282227e+00	  -2.6141842e+01	
   7.3500000e+00	   4.8319383e+01	   1.9207074e+01	   3.9990234e+00	  -2.5961105e+01	
   7.3600000e+00	   4.8250958e+01	   1.9389205e+01	   8.6132813e+00	  -2.5758998e+01	
   7.3700000e+00	   5.0078885e+01	   1.9575706e+01	   7.5366211e+00	  -2.5547078e+01	
   7.3800000e+00	   4.9736760e+01	   1.9765692e+01	   1.2744141e+01	  -2.5323549e+01	
   7.3900000e+00	   4.8348709e+01	   1.9949070e+01	   1.4128418e+01	  -2.5080775e+01	
   7.4000000e+00	   4.8954759e+01	   2.0128850e+01	   1.7995605e+01	  -2.4823076e+01	
   7.4100000e+00	   4.8857009e+01	   2.0309096e+01	   2.0917969e+01	  -2.4545728e+01	
   7.4200000e+00	   4.8260733e+01	   2.0486039e+01	   2.3862305e+01	  -2.4251744e+01	
   7.4300000e+00	   4.8485559e+01	   2.0660711e+01	   2.5598145e+01	  -2.3944944e+01	
   7.4400000e+00	   4.7781758e+01	   2.0832788e+01	   2.8916016e+01	  -2.3624239e+01	
   7.4500000e+00	   4.9032959e+01	   2.1005502e+01	   3.3222656e+01	  -2.3281664e+01	
   7.4600000e+00	   4.7459183e+01	   2.1176124e+01	   3.5639648e+01	  -2.2920178e+01	
   7.4700000e+00	   4.9032959e+01	   2.1345678e+01	   3.8188477e+01	  -2.2545405e+01	
   7.4800000e+00	   4.8309608e+01	   2.1516832e+01	   4.6406250e+01	  -2.2139260e+01	
   7.4900000e+00	   4.8847234e+01	   2.1686333e+01	   4.7460938e+01	  -2.1706620e+01	
   7.5000000e+00	   4.7684008e+01	   2.1852814e+01	   4.7131348e+01	  -2.1274420e+01	
   7.5100000e+00	   4.8192308e+01	   2.2016200e+01	   4.7878418e+01	  -2.0843618e+01	
   7.5200000e+00	   4.9590135e+01	   2.2184532e+01	   5.5568848e+01	  -2.0389091e+01	
   7.5300000e+00	   4.7899058e+01	   2.2350892e+01	   5.7941895e+01	  -1.9905895e+01	
   7.5400000e+00	   4.8729934e+01	   2.2513516e+01	   6.2292480e+01	  -1.9404668e+01	
   7.5500000e+00	   4.8153208e+01	   2.2675917e+01	   6.0314941e+01	  -1.8899149e+01	
   7.5600000e+00	   4.9502160e+01	   2.2839719e+01	   6.8422852e+01	  -1.8377597e+01	
   7.5700000e+00	   4.8974309e+01	   2.3005067e+01	   7.5212402e+01	  -1.7812657e+01	
   7.5800000e+00	   4.7859958e+01	   2.3164236e+01	   7.3190918e+01	  -1.7236322e+01	
   7.5900000e+00	   4.8055458e+01	   2.3319531e+01	   7.7937012e+01	  -1.6655065e+01	
   7.6000000e+00	   4.8426909e+01	   2.3475628e+01	   8.1848145e+01	  -1.6050336e+01	
   7.6100000e+00	   4.8475784e+01	   2.3632065e+01	   8.2683105e+01	  -1.5434531e+01	
   7.6200000e+00	   4.8397584e+01	   2.3787429e+01	   8.5144043e+01	  -1.4812262e+01	
   7.6300000e+00	   4.7771983e+01	   2.3939616e+01	   8.9362793e+01	  -1.4172970e+01	
   7.6400000e+00	   4.8817909e+01	   2.4092166e+01	   9.3823242e+01	  -1.3510502e+01	
   7.6500000e+00	   4.7498283e+01	   2.4242904e+01	   9.3801270e+01	  -1.2838283e+01	
   7.6600000e+00	   4.9013409e+01	   2.4393310e+01	   1.0001953e+02	  -1.2150869e+01	
   7.6700000e+00	   4.8104333e+01	   2.4544672e+01	   1.0015137e+02	  -1.1447874e+01	
   7.6800000e+00	   4.9120934e+01	   2.4695422e+01	   1.0669922e+02	  -1.0728362e+01	
   7.6900000e+00	   4.9316434e+01	   2.4849024e+01	   1.0711670e+02	  -9.9915438e+00	
   7.7000000e+00	   4.8739709e+01	   2.5000470e+01	   1.0935791e+02	  -9.2510141e+00	
   7.7100000e+00	   4.9443510e+01	   2.5151366e+01	   1.1498291e+02	  -8.4904875e+00	
   7.7200000e+00	   4.9023184e+01	   2.5302204e+01	   1.1816895e+02	  -7.7071305e+00	
   7.7300000e+00	   4.8172758e+01	   2.5448118e+01	   1.2186035e+02	  -6.9071415e+00	
   7.7400000e+00	   4.9463060e+01	   2.5594495e+01	   1.2465088e+02	  -6.0918633e+00	
   7.7500000e+00	   4.8485559e+01	   2.5740935e+01	   1.2904541e+02	  -5.2591898e+00	
   7.7600000e+00	   4.9433735e+01	   2.5886366e+01	   1.3080322e+02	  -4.4124641e+00	
   7.7700000e+00	   4.8231408e+01	   2.6030090e+01	   1.3278076e+02	  -3.5593436e+00	
   7.7800000e+00	   4.7801308e+01	   2.6167802e+01	   1.3853760e+02	  -2.6873444e+00	
   7.7900000e+00	   4.8808134e+01	   2.6306457e+01	   1.4247070e+02	  -1.7904604e+00	
   7.8000000e+00	   4.9023184e+01	   2.6448071e+01	   1.4468994e+02	  -8.7992637e-01	
   7.8100000e+00	   4.9922485e+01	   2.6592287e+01	   1.4682129e+02	   3.8529521e-02	
   7.8200000e+00	   4.9120934e+01	   2.6735906e+01	   1.5084229e+02	   9.7050032e-01	
   7.8300000e+00	   5.0616511e+01	   2.6880799e+01	   1.5220459e+02	   1.9134929e+00	
   7.8400000e+00	   4.7713333e+01	   2.7020376e+01	   1.5978516e+02	   2.8785860e+00	
   7.8500000e+00	   4.8847234e+01	   2.7153538e+01	   1.6176270e+02	   3.8675680e+00	
   7.8600000e+00	   4.9287109e+01	   2.7290795e+01	   1.6321289e+02	   4.8610903e+00	
   7.8700000e+00	   4.7732883e+01	   2.7423702e+01	   1.6756348e+02	   5.8665563e+00	
   7.8800000e+00	   4.8466009e+01	   2.7553205e+01	   1.7246338e+02	   6.8946949e+00	
   7.8900000e+00	   4.9101384e+01	   2.7686183e+01	   1.7439697e+02	   7.9377946e+00	
   7.9000000e+00	   4.8563759e+01	   2.7818634e+01	   1.7914307e+02	   8.9952801e+00	
   7.9100000e+00	   5.0909761e+01	   2.7955919e+01	   1.7633057e+02	   1.0052197e+01	
   7.9200000e+00	   4.8974309e+01	   2.8093629e+01	   1.7679199e+02	   1.1095132e+01	
   7.9300000e+00	   4.7801308e+01	   2.8220743e+01	  -1.3293457e+01	   1.1537676e+01	
   7.9400000e+00	   4.9863835e+01	   2.8349845e+01	  -1.7997803e+02	   1.0860129e+01	
   7.9500000e+00	   5.0450335e+01	   2.8486436e+01	  -1.8000000e+02	   9.6647397e+00	
   7.9600000e+00	   4.8104333e+01	   2.8616660e+01	  -1.8000000e+02	   8.4767692e+00	
   7.9700000e+00	   5.1193236e+01	   2.8748395e+01	  -1.8000000e+02	   7.2962396e+00	
   7.9800000e+00	   4.9531485e+01	   2.8883775e+01	  -1.7929688e+02	   6.1253063e+00	
   7.9900000e+00	   4.8993859e+01	   2.9011419e+01	  -1.7354004e+02	   4.9819383e+00	
   8.0000000e+00	   4.9003634e+01	   2.9136610e+01	  -1.6925537e+02	   3.8771794e+00	
   8.0100000e+00	   4.9707435e+01	   2.9263252e+01	  -1.6984863e+02	   2.7909007e+00	
   8.0200000e+00	   4.8798359e+01	   2.9388457e+01	  -1.6653076e+02	   1.7199589e+00	
   8.0300000e+00	   4.8808134e+01	   2.9510063e+01	  -1.6180664e+02	   6.8091056e-01	
   8.0400000e+00	   5.0860886e+01	   2.9637365e+01	  -1.6123535e+02	  -3.3504570e-01	
   8.0500000e+00	   4.9277334e+01	   2.9765340e+01	  -1.5468750e+02	  -1.3223430e+00	
   8.0600000e+00	   4.9531485e+01	   2.9888350e+01	  -1.5328125e+02	  -2.2785460e+00	
   8.0700000e+00	   4.7987033e+01	   3.0006548e+01	  -1.4904053e+02	  -3.2110748e+00	
   8.0800000e+00	   4.9834510e+01	   3.0124956e+01	  -1.4677734e+02	  -4.1173940e+00	
   8.0900000e+00	   4.9160034e+01	   3.0246295e+01	  -1.4196533e+02	  -4.9958785e+00	
   8.1000000e+00	   4.9384859e+01	   3.0365466e+01	  -1.3952637e+02	  -5.8461523e+00	
   8.1100000e+00	   4.8133658e+01	   3.0480676e+01	  -1.3590088e+02	  -6.6721080e+00	
   8.1200000e+00	   4.8798359e+01	   3.0593327e+01	  -1.3376953e+02	  -7.4748612e+00	
   8.1300000e+00	   5.0069110e+01	   3.0711335e+01	  -1.3247314e+02	  -8.2618515e+00	
   8.1400000e+00	   4.8837459e+01	   3.0828725e+01	  -1.2994629e+02	  -9.0319389e+00	
   8.1500000e+00	   4.8065233e+01	   3.0939105e+01	  -1.2594727e+02	  -9.7767654e+00	
   8.1600000e+00	   4.8583309e+01	   3.1047998e+01	  -1.2498047e+02	  -1.0501375e+01	
   8.1700000e+00	   4.7420083e+01	   3.1154188e+01	  -1.1898193e+02	  -1.1199632e+01	
   8.1800000e+00	   4.7879508e+01	   3.1257508e+01	  -1.1535645e+02	  -1.1863375e+01	
   8.1900000e+00	   4.7644908e+01	   3.1360886e+01	  -1.1129150e+02	  -1.2498877e+01	
   8.2000000e+00	   4.8778809e+01	   3.1466433e+01	  -1.1058838e+02	  -1.3115465e+01	
   8.2100000e+00	   4.8114108e+01	   3.1572787e+01	  -1.0698486e+02	  -1.3714704e+01	
   8.2200000e+00	   4.8299833e+01	   3.1676976e+01	  -1.0377686e+02	  -1.4288858e+01	
   8.2300000e+00	   4.8417134e+01	   3.1781461e+01	  -9.9294434e+01	  -1.4835330e+01	
   8.2400000e+00	   5.0117985e+01	   3.1890986e+01	  -9.7294922e+01	  -1.5358080e+01	
   8.2500000e+00	   4.8182533e+01	   3.1999090e+01	  -9.5339355e+01	  -1.5865170e+01	
   8.2600000e+00	   4.9111159e+01	   3.2103364e+01	  -9.1977539e+01	  -1.6352430e+01	
   8.2700000e+00	   4.7742658e+01	   3.2205607e+01	  -8.9143066e+01	  -1.6817233e+01	
   8.2800000e+00	   4.8847234e+01	   3.2306383e+01	  -8.6748047e+01	  -1.7262748e+01	
   8.2900000e+00	   4.8915659e+01	   3.2410201e+01	  -8.3540039e+01	  -1.7687924e+01	
   8.3000000e+00	   4.9639010e+01	   3.2515849e+01	  -8.0244141e+01	  -1.8090069e+01	
   8.3100000e+00	   4.8446459e+01	   3.2619365e+01	  -7.6596680e+01	  -1.8467949e+01	
   8.3200000e+00	   4.8397584e+01	   3.2718346e+01	  -7.4157715e+01	  -1.8824402e+01	
   8.3300000e+00	   4.7752433e+01	   3.2814533e+01	  -7.2246094e+01	  -1.9164997e+01	
   8.3400000e+00	   4.8299833e+01	   3.2909811e+01	  -6.8400879e+01	  -1.9485430e+01	
   8.3500000e+00	   4.8426909e+01	   3.3006605e+01	  -6.4335938e+01	  -1.9779083e+01	
   8.3600000e+00	   5.0157085e+01	   3.3108609e+01	  -6.2753906e+01	  -2.0053211e+01	
   8.3700000e+00	   4.8016358e+01	   3.3208688e+01	  -5.9436035e+01	  -2.0310277e+01	
   8.3800000e+00	   4.8905884e+01	   3.3304222e+01	  -5.6909180e+01	  -2.0547429e+01	
   8.3900000e+00	   4.8798359e+01	   3.3401607e+01	  -5.4953613e+01	  -2.0769058e+01	
   8.4000000e+00	   4.7488508e+01	   3.3493943e+01	  -5.1855469e+01	  -2.0973471e+01	
   8.4100000e+00	   4.7420083e+01	   3.3581384e+01	  -4.8120117e+01	  -2.1155203e+01	
   8.4200000e+00	   4.7664458e+01	   3.3668828e+01	  -4.5549316e+01	  -2.1316047e+01	
   8.4300000e+00	   5.0802236e+01	   3.3766317e+01	  -4.3286133e+01	  -2.1460745e+01	
   8.4400000e+00	   4.8446459e+01	   3.3865644e+01	  -3.7924805e+01	  -2.1580659e+01	
   8.4500000e+00	   4.9130709e+01	   3.3959114e+01	  -3.3068848e+01	  -2.1667823e+01	
   8.4600000e+00	   4.8270508e+01	   3.4051448e+01	  -3.4541016e+01	  -2.1743844e+01	
   8.4700000e+00	   4.8221633e+01	   3.4140357e+01	  -3.2124023e+01	  -2.1816430e+01	
   8.4800000e+00	   4.8407359e+01	   3.4229137e+01	  -2.7993164e+01	  -2.1868055e+01	
   8.4900000e+00	   4.7605808e+01	   3.4315432e+01	  -2.5422363e+01	  -2.1898369e+01	
   8.5000000e+00	   4.8759259e+01	   3.4402289e+01	  -2.3708496e+01	  -2.1915074e+01	
   8.5100000e+00	   4.8280283e+01	   3.4490714e+01	  -1.8391113e+01	  -2.1909655e+01	
   8.5200000e+00	   4.8993859e+01	   3.4579321e+01	  -1.5820313e+01	  -2.1879565e+01	
   8.5300000e+00	   4.8241183e+01	   3.4667249e+01	  -1.3864746e+01	  -2.1835488e+01	
   8.5400000e+00	   4.8172758e+01	   3.4752056e+01	  -7.1630859e+00	  -2.1764575e+01	
   8.5500000e+00	   4.7723108e+01	   3.4834708e+01	  -7.2949219e+00	  -2.1673531e+01	
   8.5600000e+00	   4.9228459e+01	   3.4920150e+01	  -3.2299805e+00	  -2.1570740e+01	
   8.5700000e+00	   4.9218684e+01	   3.5009740e+01	   5.2734375e-01	  -2.1444095e+01	
   8.5800000e+00	   4.8524659e+01	   3.5096564e+01	   1.1645508e+00	  -2.1304481e+01	
   8.5900000e+00	   4.7527608e+01	   3.5177549e+01	   5.3393555e+00	  -2.1150671e+01	
   8.6000000e+00	   4.7918608e+01	   3.5256128e+01	   7.0312500e+00	  -2.0979451e+01	
   8.6100000e+00	   5.0176635e+01	   3.5342512e+01	   1.1447754e+01	  -2.0790174e+01	
   8.6200000e+00	   4.8837459e+01	   3.5431232e+01	   1.3095703e+01	  -2.0583090e+01	
   8.6300000e+00	   5.0069110e+01	   3.5519059e+01	   1.7314453e+01	  -2.0358930e+01	
   8.6400000e+00	   4.9316434e+01	   3.5607837e+01	   1.9291992e+01	  -2.0116768e+01	
   8.6500000e+00	   5.0030010e+01	   3.5695936e+01	   2.4631348e+01	  -1.9853209e+01	
   8.6600000e+00	   4.8583309e+01	   3.5781187e+01	   2.5905762e+01	  -1.9570587e+01	
   8.6700000e+00	   4.8553984e+01	   3.5861281e+01	   3.3310547e+01	  -1.9262555e+01	
   8.6800000e+00	   4.7205032e+01	   3.5936558e+01	   3.2651367e+01	  -1.8935326e+01	
   8.6900000e+00	   4.8563759e+01	   3.6011394e+01	   3.5727539e+01	  -1.8602577e+01	
   8.7000000e+00	   4.8817909e+01	   3.6090812e+01	   4.0627441e+01	  -1.8246934e+01	
   8.7100000e+00	   4.8065233e+01	   3.6168171e+01	   4.2868652e+01	  -1.7871154e+01	
   8.7200000e+00	   4.7439633e+01	   3.6240729e+01	   4.7153320e+01	  -1.7477290e+01	
   8.7300000e+00	   4.9619460e+01	   3.6317701e+01	   4.6801758e+01	  -1.7073575e+01	
   8.7400000e+00	   4.8788584e+01	   3.6398414e+01	   4.8208008e+01	  -1.6669086e+01	
   8.7500000e+00	   4.9453285e+01	   3.6478102e+01	   5.5634766e+01	  -1.6239467e+01	
   8.7600000e+00	   4.6452357e+01	   3.6549975e+01	   5.5656738e+01	  -1.5789212e+01	
   8.7700000e+00	   4.7684008e+01	   3.6615856e+01	   5.9919434e+01	  -1.5328359e+01	
   8.7800000e+00	   4.9218684e+01	   3.6689988e+01	   6.4445801e+01	  -1.4842867e+01	
   8.7900000e+00	   4.9189359e+01	   3.6768370e+01	   6.9719238e+01	  -1.4329725e+01	
   8.8000000e+00	   4.9023184e+01	   3.6845648e+01	   7.1806641e+01	  -1.3796744e+01	
   8.8100000e+00	   4.8641959e+01	   3.6920729e+01	   6.9279785e+01	  -1.3268479e+01	
   8.8200000e+00	   4.9335984e+01	   3.6996319e+01	   7.7563477e+01	  -1.2725493e+01	
   8.8300000e+00	   4.6598982e+01	   3.7065037e+01	   7.8288574e+01	  -1.2157694e+01	
   8.8400000e+00	   4.8035908e+01	   3.7129253e+01	   8.3781738e+01	  -1.1573978e+01	
   8.8500000e+00	   4.7967483e+01	   3.7197353e+01	   8.7604980e+01	  -1.0964741e+01	
   8.8600000e+00	   4.9248009e+01	   3.7268822e+01	   8.8176270e+01	  -1.0345558e+01	
   8.8700000e+00	   5.0254835e+01	   3.7347007e+01	   9.3735352e+01	  -9.7110541e+00	
   8.8800000e+00	   4.8172758e+01	   3.7421335e+01	   9.7382813e+01	  -9.0516916e+00	
   8.8900000e+00	   5.0890211e+01	   3.7497188e+01	   9.7097168e+01	  -8.3859306e+00	
   8.9000000e+00	   4.7410308e+01	   3.7570177e+01	   1.0131592e+02	  -7.7120221e+00	
   8.9100000e+00	   4.8593084e+01	   3.7635515e+01	   1.0918213e+02	  -7.0044874e+00	
   8.9200000e+00	   4.7459183e+01	   3.7700597e+01	   1.1017090e+02	  -6.2736526e+00	
   8.9300000e+00	   4.8641959e+01	   3.7765424e+01	   1.1203857e+02	  -5.5384497e+00	
   8.9400000e+00	   4.9316434e+01	   3.7835662e+01	   1.1551025e+02	  -4.7911302e+00	
   8.9500000e+00	   4.8260733e+01	   3.7904266e+01	   1.1568604e+02	  -4.0370686e+00	
   8.9600000e+00	   4.7185482e+01	   3.7965767e+01	   1.1946533e+02	  -3.2753436e+00	
   8.9700000e+00	   4.8084783e+01	   3.8026331e+01	   1.2454102e+02	  -2.4906581e+00	
   8.9800000e+00	   4.6843357e+01	   3.8085445e+01	   1.2860596e+02	  -1.6822611e+00	
   8.9900000e+00	   4.7205032e+01	   3.8141433e+01	   1.3025391e+02	  -8.6103617e-01	
   9.0000000e+00	   4.8602859e+01	   3.8202580e+01	   1.3478027e+02	  -2.5618480e-02	
   9.0100000e+00	   5.0166860e+01	   3.8272621e+01	   1.3972412e+02	   8.3422503e-01	
   9.0200000e+00	   5.0694711e+01	   3.8348774e+01	   1.4299805e+02	   1.7144190e+00	
   9.0300000e+00	   4.9032959e+01	   3.8420899e+01	   1.4706299e+02	   2.6120835e+00	
   9.0400000e+00	   5.0704486e+01	   3.8492603e+01	   1.4723877e+02	   3.5174063e+00	
   9.0500000e+00	   4.8661509e+01	   3.8562694e+01	   1.5057861e+02	   4.4280688e+00	
   9.0600000e+00	   4.9277334e+01	   3.8627877e+01	   1.5273193e+02	   5.3502306e+00	
   9.0700000e+00	   4.8769034e+01	   3.8692988e+01	   1.5888428e+02	   6.2926277e+00	
   9.0800000e+00	   4.8925434e+01	   3.8756590e+01	   1.6202637e+02	   7.2582302e+00	
   9.0900000e+00	   5.0235285e+01	   3.8824385e+01	   1.6261963e+02	   8.2294828e+00	
   9.1000000e+00	   4.9726985e+01	   3.8894265e+01	   1.6725586e+02	   9.2110294e+00	
   9.1100000e+00	   5.0460110e+01	   3.8964412e+01	   1.6844238e+02	   1.0204664e+01	
   9.1200000e+00	   4.8553984e+01	   3.9030446e+01	   1.7411133e+02	   1.1213544e+01	
   9.1300000e+00	   4.8378034e+01	   3.9089546e+01	   1.7652832e+02	   1.2241428e+01	
   9.1400000e+00	   5.0899986e+01	   3.9155623e+01	   1.7672607e+02	   1.3271063e+01	
   9.1500000e+00	   5.0694711e+01	   3.9228541e+01	   1.7850586e+02	   1.4300442e+01	
   9.1600000e+00	   4.9208909e+01	   3.9295707e+01	  -1.4809570e+01	   1.4723529e+01	
   9.1700000e+00	   4.8896109e+01	   3.9356819e+01	  -1.4523926e+01	   1.4539442e+01	
   9.1800000e+00	   4.8270508e+01	   3.9414609e+01	  -1.8000000e+02	   1.3839171e+01	
   9.1900000e+00	   4.9854060e+01	   3.9475038e+01	  -1.8000000e+02	   1.2625054e+01	
   9.2000000e+00	   4.7762208e+01	   3.9533496e+01	  -1.8000000e+02	   1.1418541e+01	
   9.2100000e+00	   4.9404409e+01	   3.9590180e+01	  -1.8000000e+02	   1.0219586e+01	
   9.2200000e+00	   4.8368259e+01	   3.9648406e+01	  -1.7648438e+02	   9.0391502e+00	
   9.2300000e+00	   4.9492385e+01	   3.9706544e+01	  -1.6984863e+02	   7.8978999e+00	
   9.2400000e+00	   4.9687885e+01	   3.9768450e+01	  -1.6885986e+02	   6.7876760e+00	
   9.2500000e+00	   4.8593084e+01	   3.9827152e+01	  -1.6708008e+02	   5.6930765e+00	
   9.2600000e+00	   4.9335984e+01	   3.9884384e+01	  -1.6156494e+02	   4.6281790e+00	
   9.2700000e+00	   4.8573534e+01	   3.9941197e+01	  -1.6244385e+02	   3.5844712e+00	
   9.2800000e+00	   5.0117985e+01	   4.0000103e+01	  -1.5717041e+02	   2.5610632e+00	
   9.2900000e+00	   4.9541260e+01	   4.0061670e+01	  -1.5468750e+02	   1.5683565e+00	
   9.3000000e+00	   4.8817909e+01	   4.0118780e+01	  -1.5231445e+02	   5.9707530e-01	
   9.3100000e+00	   4.7889283e+01	   4.0170359e+01	  -1.4767822e+02	  -3.4617083e-01	
   9.3200000e+00	   4.9111159e+01	   4.0222534e+01	  -1.4528320e+02	  -1.2614887e+00	
   9.3300000e+00	   5.0039785e+01	   4.0281116e+01	  -1.4260254e+02	  -2.1551776e+00	
   9.3400000e+00	   4.9453285e+01	   4.0340403e+01	  -1.3899902e+02	  -3.0235883e+00	
   9.3500000e+00	   4.9687885e+01	   4.0398217e+01	  -1.3471436e+02	  -3.8618557e+00	
   9.3600000e+00	   4.9120934e+01	   4.0454627e+01	  -1.3583496e+02	  -4.6849635e+00	
   9.3700000e+00	   4.8720159e+01	   4.0507654e+01	  -1.3095703e+02	  -5.4911488e+00	
   9.3800000e+00	   4.9423960e+01	   4.0561297e+01	  -1.2579346e+02	  -6.2608368e+00	
   9.3900000e+00	   4.8602859e+01	   4.0614237e+01	  -1.2175049e+02	  -6.9968711e+00	
   9.4000000e+00	   4.8778809e+01	   4.0664825e+01	  -1.1876221e+02	  -7.7062751e+00	
   9.4100000e+00	   4.8720159e+01	   4.0715464e+01	  -1.1559814e+02	  -8.3919680e+00	
   9.4200000e+00	   4.8524659e+01	   4.0764989e+01	  -1.1566406e+02	  -9.0636634e+00	
   9.4300000e+00	   4.9032959e+01	   4.0815184e+01	  -1.1144531e+02	  -9.7181459e+00	
   9.4400000e+00	   4.8944984e+01	   4.0866380e+01	  -1.0744629e+02	  -1.0342793e+01	
   9.4500000e+00	   4.8905884e+01	   4.0916859e+01	  -1.0709473e+02	  -1.0949902e+01	
   9.4600000e+00	   4.7420083e+01	   4.0962245e+01	  -1.0135986e+02	  -1.1534148e+01	
   9.4700000e+00	   4.9824735e+01	   4.1010225e+01	  -9.9118652e+01	  -1.2089755e+01	
   9.4800000e+00	   4.9267559e+01	   4.1063690e+01	  -9.6108398e+01	  -1.2625436e+01	
   9.4900000e+00	   4.8485559e+01	   4.1112626e+01	  -9.3032227e+01	  -1.3138700e+01	
   9.5000000e+00	   5.0186410e+01	   4.1164133e+01	  -8.9714355e+01	  -1.3628724e+01	
   9.5100000e+00	   4.7322333e+01	   4.1211675e+01	  -8.7231445e+01	  -1.4097513e+01	
   9.5200000e+00	   4.8935209e+01	   4.1255000e+01	  -8.3737793e+01	  -1.4544648e+01	
   9.5300000e+00	   4.9541260e+01	   4.1305003e+01	  -8.0266113e+01	  -1.4967169e+01	
   9.5400000e+00	   4.8426909e+01	   4.1353101e+01	  -7.8486328e+01	  -1.5370597e+01	
   9.5500000e+00	   4.7811083e+01	   4.1395480e+01	  -7.5080566e+01	  -1.5755258e+01	
   9.5600000e+00	   4.7840408e+01	   4.1435756e+01	  -7.2443848e+01	  -1.6118586e+01	
   9.5700000e+00	   4.8700609e+01	   4.1478566e+01	  -6.9125977e+01	  -1.6460990e+01	
   9.5800000e+00	   4.8182533e+01	   4.1522179e+01	  -6.5126953e+01	  -1.6778335e+01	
   9.5900000e+00	   4.8759259e+01	   4.1565702e+01	  -6.2666016e+01	  -1.7073461e+01	
   9.6000000e+00	   4.7586258e+01	   4.1607085e+01	  -6.1699219e+01	  -1.7356003e+01	
   9.6100000e+00	   4.8114108e+01	   4.1646189e+01	  -5.8491211e+01	  -1.7623701e+01	
   9.6200000e+00	   4.8641959e+01	   4.1688354e+01	  -5.3613281e+01	  -1.7864400e+01	
   9.6300000e+00	   4.8466009e+01	   4.1731357e+01	  -5.3195801e+01	  -1.8087006e+01	
   9.6400000e+00	   4.8026133e+01	   4.1772163e+01	  -4.9746094e+01	  -1.8296108e+01	
   9.6500000e+00	   4.9326209e+01	   4.1815406e+01	  -4.6120605e+01	  -1.8481741e+01	
   9.6600000e+00	   4.9668335e+01	   4.1863522e+01	  -4.3022461e+01	  -1.8645155e+01	
   9.6700000e+00	   4.6569657e+01	   4.1902703e+01	  -4.1176758e+01	  -1.8792063e+01	
   9.6800000e+00	   4.7341883e+01	   4.1934353e+01	  -3.7617188e+01	  -1.8921123e+01	
   9.6900000e+00	   4.9130709e+01	   4.1973825e+01	  -3.3486328e+01	  -1.9025289e+01	
   9.7000000e+00	   4.8720159e+01	   4.2017367e+01	  -3.0432129e+01	  -1.9106301e+01	
   9.7100000e+00	   4.9590135e+01	   4.2062075e+01	  -2.8168945e+01	  -1.9170153e+01	
   9.7200000e+00	   4.9042734e+01	   4.2107513e+01	  -2.7971191e+01	  -1.9225898e+01	
   9.7300000e+00	   4.7420083e+01	   4.2145870e+01	  -2.4631348e+01	  -1.9270215e+01	
   9.7400000e+00	   4.8954759e+01	   4.2183711e+01	  -1.8039551e+01	  -1.9283150e+01	
   9.7500000e+00	   4.8309608e+01	   4.2224101e+01	  -1.4941406e+01	  -1.9265658e+01	
   9.7600000e+00	   4.8162983e+01	   4.2261759e+01	  -1.4106445e+01	  -1.9235958e+01	
   9.7700000e+00	   4.8299833e+01	   4.2299150e+01	  -9.7119141e+00	  -1.9190067e+01	
   9.7800000e+00	   4.8641959e+01	   4.2337807e+01	  -1.0678711e+01	  -1.9133728e+01	
   9.7900000e+00	   4.9570585e+01	   4.2380201e+01	  -5.0317383e+00	  -1.9063085e+01	
   9.8000000e+00	   4.8622409e+01	   4.2422269e+01	  -9.4482422e-01	  -1.8962400e+01	
   9.8100000e+00	   4.8505109e+01	   4.2460736e+01	   3.1860352e+00	  -1.8836609e+01	
   9.8200000e+00	   4.9570585e+01	   4.2501932e+01	   4.5483398e+00	  -1.8694403e+01	
   9.8300000e+00	   4.7478733e+01	   4.2539656e+01	   5.8007813e+00	  -1.8544899e+01	
   9.8400000e+00	   4.9863835e+01	   4.2578062e+01	   8.3715820e+00	  -1.8384358e+01	
   9.8500000e+00	   4.9316434e+01	   4.2621982e+01	   1.0920410e+01	  -1.8208789e+01	
   9.8600000e+00	   4.9844285e+01	   4.2665566e+01	   1.5974121e+01	  -1.8010511e+01	
   9.8700000e+00	   4.9306659e+01	   4.2708846e+01	   1.9160156e+01	  -1.7787669e+01	
   9.8800000e+00	   4.7752433e+01	   4.2745304e+01	   2.5510254e+01	  -1.7536359e+01	
   9.8900000e+00	   4.8583309e+01	   4.2779269e+01	   2.5444336e+01	  -1.7266941e+01	
   9.9000000e+00	   4.8153208e+01	   4.2814276e+01	   2.8322754e+01	  -1.6990403e+01	
   9.9100000e+00	   4.8280283e+01	   4.2848114e+01	   3.4365234e+01	  -1.6687660e+01	
   9.9200000e+00	   4.8544209e+01	   4.2882965e+01	   3.1838379e+01	  -1.6375802e+01	
   9.9300000e+00	   4.7459183e+01	   4.2915026e+01	   3.6188965e+01	  -1.6060186e+01	
   9.9400000e+00	   4.7889283e+01	   4.2944836e+01	   4.5131836e+01	  -1.5704915e+01	
   9.9500000e+00	   4.6295957e+01	   4.2970816e+01	   4.3286133e+01	  -1.5329643e+01	
   9.9600000e+00	   4.7615583e+01	   4.2995776e+01	   4.6428223e+01	  -1.4952661e+01	
   9.9700000e+00	   4.8700609e+01	   4.3028110e+01	   5.0427246e+01	  -1.4555676e+01	
   9.9800000e+00	   4.6980207e+01	   4.3058252e+01	   5.2712402e+01	  -1.4141497e+01	
   9.9900000e+00	   4.8338934e+01	   4.3087072e+01	   5.6403809e+01	  -1.3711195e+01	
   1.0000000e+01	   4.7987033e+01	   4.3118865e+01	   5.8293457e+01	  -1.3266110e+01	
