   0.0000000e+00	   1.0000000e+00	   5.5868947e-01	   1.6705811e+02	
   1.0000000e-01	   1.0000000e+00	   1.3895652e+00	   1.7004639e+02	
   2.0000000e-01	   1.0000000e+00	   3.3543420e+00	   1.6826660e+02	
   3.0000000e-01	   1.0000000e+00	   2.7482915e+00	   1.7455078e+02	
   4.0000000e-01	   1.0000000e+00	   4.0385927e+00	   1.7580322e+02	
   5.0000000e-01	   1.0000000e+00	   6.2281947e+00	   1.7323242e+02	
   6.0000000e-01	   1.0000000e+00	   5.9740445e+00	   1.7685791e+02	
   7.0000000e-01	   1.0000000e+00	   8.3200466e+00	  -1.0788574e+01	
   8.0000000e-01	   1.0000000e+00	   8.5644218e+00	  -1.8000000e+02	
   9.0000000e-01	   1.0000000e+00	   9.4246226e+00	  -1.8000000e+02	
   1.0000000e+00	   1.0000000e+00	   9.7765230e+00	  -1.7446289e+02	
