   0.0000000e+00	   8.3238972e-01	   5.6149076e-02	   1.5756592e+02	   9.8384711e-01	
   2.0000000e-02	  -1.5233875e+00	   7.3714935e-02	   1.5866455e+02	   2.9461149e+00	
   4.0000000e-02	  -2.3444882e+00	  -2.4644375e-01	   1.5906006e+02	   4.8932072e+00	
   6.0000000e-02	  -3.6641144e+00	  -9.7833059e-01	   1.5629150e+02	   6.8011667e+00	
   8.0000000e-02	  -4.8859906e+00	  -1.9985420e+00	   1.5644531e+02	   8.6689729e+00	
   1.0000000e-01	  -7.7696182e+00	  -3.3108754e+00	   1.5938965e+02	   1.0532799e+01	
   1.2000000e-01	  -8.4343188e+00	  -4.9059932e+00	   1.5380859e+02	   1.2356885e+01	
   1.4000000e-01	  -1.0174270e+01	  -6.5890084e+00	   1.5209473e+02	   1.4112643e+01	
   1.6000000e-01	  -1.1562322e+01	  -8.2274016e+00	   1.5042480e+02	   1.5825345e+01	
   1.8000000e-01	  -1.3830124e+01	  -9.8629085e+00	   1.5196289e+02	   1.7515837e+01	
   2.0000000e-01	  -1.5355025e+01	  -1.1558374e+01	   1.4741455e+02	   1.9166421e+01	
   2.2000000e-01	  -1.6264101e+01	  -1.3241141e+01	   1.4356934e+02	   2.0743983e+01	
   2.4000000e-01	  -1.7613052e+01	  -1.4781120e+01	   1.4321777e+02	   2.2275639e+01	
   2.6000000e-01	  -1.8776278e+01	  -1.6168413e+01	   1.3746094e+02	   2.3750027e+01	
   2.8000000e-01	  -2.1122281e+01	  -1.7524531e+01	   1.4084473e+02	   2.5191186e+01	
   3.0000000e-01	  -2.1483956e+01	  -1.8921234e+01	   1.3728516e+02	   2.6613249e+01	
   3.2000000e-01	  -2.3057732e+01	  -2.0271035e+01	   1.3502197e+02	   2.7981196e+01	
   3.4000000e-01	  -2.4279608e+01	  -2.1556407e+01	   1.2836426e+02	   2.9276358e+01	
   3.6000000e-01	  -2.6254160e+01	  -2.2872559e+01	   1.2414551e+02	   3.0487433e+01	
   3.8000000e-01	  -2.7270761e+01	  -2.4263678e+01	   1.2069580e+02	   3.1635501e+01	
   4.0000000e-01	  -2.6987286e+01	  -2.5561611e+01	   1.1794922e+02	   3.2730543e+01	
   4.2000000e-01	  -2.8355787e+01	  -2.6593512e+01	   1.1526855e+02	   3.3778021e+01	
   4.4000000e-01	  -2.8952063e+01	  -2.7442890e+01	   1.1173096e+02	   3.4773592e+01	
   4.6000000e-01	  -2.9939339e+01	  -2.8227097e+01	   1.0731445e+02	   3.5707064e+01	
   4.8000000e-01	  -3.1513115e+01	  -2.9052380e+01	   1.0270020e+02	   3.6572491e+01	
   5.0000000e-01	  -3.2207141e+01	  -2.9997673e+01	   9.8041992e+01	   3.7369212e+01	
   5.2000000e-01	  -3.3419242e+01	  -3.1018999e+01	   9.7404785e+01	   3.8122919e+01	
   5.4000000e-01	  -3.3057567e+01	  -3.1982081e+01	   8.8593750e+01	   3.8808219e+01	
   5.6000000e-01	  -3.4211018e+01	  -3.2772034e+01	   8.7099609e+01	   3.9420615e+01	
   5.8000000e-01	  -3.4905043e+01	  -3.3455406e+01	   8.1870117e+01	   3.9983380e+01	
   6.0000000e-01	  -3.6312645e+01	  -3.4176780e+01	   7.6333008e+01	   4.0471891e+01	
   6.2000000e-01	  -3.6869820e+01	  -3.4993500e+01	   7.1147461e+01	   4.0887348e+01	
   6.4000000e-01	  -3.7514971e+01	  -3.5842848e+01	   6.5214844e+01	   4.1228195e+01	
   6.6000000e-01	  -3.7358570e+01	  -3.6590566e+01	   6.3457031e+01	   4.1516766e+01	
   6.8000000e-01	  -3.8404496e+01	  -3.7187552e+01	   5.9633789e+01	   4.1766885e+01	
   7.0000000e-01	  -3.9137622e+01	  -3.7741246e+01	   5.3063965e+01	   4.1948986e+01	
   7.2000000e-01	  -3.9782773e+01	  -3.8340649e+01	   5.1284180e+01	   4.2076678e+01	
   7.4000000e-01	  -4.0291073e+01	  -3.8967968e+01	   4.1791992e+01	   4.2132392e+01	
   7.6000000e-01	  -4.0525673e+01	  -3.9565465e+01	   3.6848145e+01	   4.2097272e+01	
   7.8000000e-01	  -4.1268574e+01	  -4.0105485e+01	   2.9882813e+01	   4.1988228e+01	
   8.0000000e-01	  -4.1532499e+01	  -4.0609923e+01	   2.5026855e+01	   4.1806734e+01	
   8.2000000e-01	  -4.1845300e+01	  -4.1070383e+01	   2.1665039e+01	   4.1576195e+01	
   8.4000000e-01	  -4.1424974e+01	  -4.1420097e+01	   1.4919434e+01	   4.1285423e+01	
   8.6000000e-01	  -4.2852126e+01	  -4.1690398e+01	   9.6459961e+00	   4.0923235e+01	
   8.8000000e-01	  -4.3243126e+01	  -4.2045543e+01	   5.6250000e+00	   4.0507536e+01	
   9.0000000e-01	  -4.3546151e+01	  -4.2509346e+01	   4.3945313e-02	   4.0037072e+01	
   9.2000000e-01	  -4.2959651e+01	  -4.2920554e+01	  -8.6572266e+00	   3.9483304e+01	
   9.4000000e-01	  -4.3731876e+01	  -4.3192503e+01	  -8.5473633e+00	   3.8882808e+01	
   9.6000000e-01	  -4.4230402e+01	  -4.3431836e+01	  -1.6809082e+01	   3.8238910e+01	
   9.8000000e-01	  -4.4719152e+01	  -4.3745444e+01	  -2.1796875e+01	   3.7520323e+01	
   1.0000000e+00	  -4.4259727e+01	  -4.4073669e+01	  -2.9399414e+01	   3.6732095e+01	
   1.0200000e+00	  -4.5325203e+01	  -4.4362226e+01	  -3.3574219e+01	   3.5880173e+01	
   1.0400000e+00	  -4.5432728e+01	  -4.4676555e+01	  -3.9199219e+01	   3.4977699e+01	
   1.0600000e+00	  -4.5061278e+01	  -4.4978033e+01	  -4.3176270e+01	   3.4026539e+01	
   1.0800000e+00	  -4.5755303e+01	  -4.5196816e+01	  -4.8273926e+01	   3.3030595e+01	
   1.1000000e+00	  -4.5716203e+01	  -4.5388369e+01	  -5.3701172e+01	   3.1981371e+01	
   1.1200000e+00	  -4.6332029e+01	  -4.5600077e+01	  -5.9985352e+01	   3.0872123e+01	
   1.1400000e+00	  -4.6752354e+01	  -4.5871779e+01	  -6.6840820e+01	   2.9694682e+01	
   1.1600000e+00	  -4.6664379e+01	  -4.6187248e+01	  -7.3037109e+01	   2.8450450e+01	
   1.1800000e+00	  -4.6654604e+01	  -4.6451489e+01	  -7.5454102e+01	   2.7167975e+01	
   1.2000000e+00	  -4.6986954e+01	  -4.6638451e+01	  -8.3298340e+01	   2.5837443e+01	
   1.2200000e+00	  -4.6947854e+01	  -4.6784607e+01	  -8.8857422e+01	   2.4439837e+01	
   1.2400000e+00	  -4.6889204e+01	  -4.6887669e+01	  -9.3427734e+01	   2.2996436e+01	
   1.2600000e+00	  -4.6918529e+01	  -4.6936562e+01	  -9.9316406e+01	   2.1505753e+01	
   1.2800000e+00	  -4.6957629e+01	  -4.6952539e+01	  -1.0560059e+02	   1.9957679e+01	
   1.3000000e+00	  -4.7436605e+01	  -4.6990179e+01	  -1.1197266e+02	   1.8349911e+01	
   1.3200000e+00	  -4.7319305e+01	  -4.7085951e+01	  -1.1816895e+02	   1.6683744e+01	
   1.3400000e+00	  -4.7553905e+01	  -4.7212187e+01	  -1.2260742e+02	   1.4971980e+01	
   1.3600000e+00	  -4.7935130e+01	  -4.7366390e+01	  -1.2880371e+02	   1.3215189e+01	
   1.3800000e+00	  -4.7720080e+01	  -4.7543282e+01	  -1.3568115e+02	   1.1398704e+01	
   1.4000000e+00	  -4.7573455e+01	  -4.7668623e+01	  -1.4154785e+02	   9.5253289e+00	
   1.4200000e+00	  -4.7729855e+01	  -4.7715126e+01	  -1.4679932e+02	   7.6059261e+00	
   1.4400000e+00	  -4.7876480e+01	  -4.7737637e+01	  -1.5264404e+02	   5.6412079e+00	
   1.4600000e+00	  -4.8267481e+01	  -4.7800877e+01	  -1.6066406e+02	   3.6144533e+00	
   1.4800000e+00	  -4.7876480e+01	  -4.7900132e+01	  -1.6655273e+02	   1.5261626e+00	
   1.5000000e+00	  -4.7720080e+01	  -4.7950548e+01	  -1.7077148e+02	  -5.9916046e-01	
   1.5200000e+00	  -4.7641880e+01	  -4.7914450e+01	  -1.7771484e+02	  -2.7676389e+00	
   1.5400000e+00	  -4.7993780e+01	  -4.7855016e+01	  -1.8000000e+02	  -4.9666605e+00	
   1.5600000e+00	  -4.7544130e+01	  -4.7813854e+01	  -1.8000000e+02	  -7.1524891e+00	
   1.5800000e+00	  -4.7993780e+01	  -4.7784748e+01	   1.7608887e+02	  -7.0875896e+00	
   1.6000000e+00	  -4.8414106e+01	  -4.7827156e+01	   1.7520996e+02	  -4.8055571e+00	
   1.6200000e+00	  -4.8267481e+01	  -4.7964790e+01	   1.7127686e+02	  -2.5820691e+00	
   1.6400000e+00	  -4.8404331e+01	  -4.8122399e+01	   1.6501465e+02	  -4.5000811e-01	
   1.6600000e+00	  -4.8511856e+01	  -4.8261554e+01	   1.6013672e+02	   1.5858682e+00	
   1.6800000e+00	  -4.8844206e+01	  -4.8401699e+01	   1.5277588e+02	   3.5199009e+00	
   1.7000000e+00	  -4.9000606e+01	  -4.8567081e+01	   1.4576660e+02	   5.3400539e+00	
   1.7200000e+00	  -4.8951731e+01	  -4.8738478e+01	   1.4216309e+02	   7.0712100e+00	
   1.7400000e+00	  -4.8462981e+01	  -4.8837099e+01	   1.2992432e+02	   8.6818275e+00	
   1.7600000e+00	  -4.8208830e+01	  -4.8792690e+01	   1.2636475e+02	   1.0173686e+01	
   1.7800000e+00	  -4.9039706e+01	  -4.8690011e+01	   1.2238770e+02	   1.1599855e+01	
   1.8000000e+00	  -4.8316356e+01	  -4.8637139e+01	   1.1100586e+02	   1.2912313e+01	
   1.8200000e+00	  -4.8678031e+01	  -4.8601950e+01	   1.0770996e+02	   1.4116732e+01	
   1.8400000e+00	  -4.9215656e+01	  -4.8619821e+01	   1.0155762e+02	   1.5247116e+01	
   1.8600000e+00	  -4.8414106e+01	  -4.8697633e+01	   9.6657715e+01	   1.6294372e+01	
   1.8800000e+00	  -4.8844206e+01	  -4.8736333e+01	   9.0417480e+01	   1.7258991e+01	
   1.9000000e+00	  -4.8941956e+01	  -4.8758996e+01	   8.3254395e+01	   1.8127873e+01	
   1.9200000e+00	  -4.9342732e+01	  -4.8838159e+01	   7.9562988e+01	   1.8918128e+01	
   1.9400000e+00	  -4.8550956e+01	  -4.8926538e+01	   7.1850586e+01	   1.9627309e+01	
   1.9600000e+00	  -4.8795331e+01	  -4.8931575e+01	   6.1215820e+01	   2.0213073e+01	
   1.9800000e+00	  -4.8629156e+01	  -4.8869199e+01	   5.8359375e+01	   2.0707282e+01	
   2.0000000e+00	  -4.9049481e+01	  -4.8818244e+01	   5.2360840e+01	   2.1140029e+01	
   2.0200000e+00	  -4.8795331e+01	  -4.8814105e+01	   4.3198242e+01	   2.1472705e+01	
   2.0400000e+00	  -4.8326131e+01	  -4.8792825e+01	   4.3110352e+01	   2.1743467e+01	
   2.0600000e+00	  -4.9069031e+01	  -4.8739879e+01	   3.2651367e+01	   2.1944992e+01	
   2.0800000e+00	  -4.8423881e+01	  -4.8713204e+01	   2.7465820e+01	   2.2046315e+01	
   2.1000000e+00	  -4.8805106e+01	  -4.8693361e+01	   2.4741211e+01	   2.2096981e+01	
   2.1200000e+00	  -4.8844206e+01	  -4.8692243e+01	   1.6062012e+01	   2.2075809e+01	
   2.1400000e+00	  -4.9342732e+01	  -4.8763775e+01	   1.0744629e+01	   2.1967507e+01	
   2.1600000e+00	  -4.8580281e+01	  -4.8864459e+01	   7.4707031e+00	   2.1806912e+01	
   2.1800000e+00	  -4.8717131e+01	  -4.8890006e+01	  -3.0322266e+00	   2.1562300e+01	
   2.2000000e+00	  -4.8414106e+01	  -4.8824235e+01	  -9.2285156e+00	   2.1216472e+01	
   2.2200000e+00	  -4.8902856e+01	  -4.8739833e+01	  -1.3776855e+01	   2.0807873e+01	
   2.2400000e+00	  -4.8443431e+01	  -4.8685019e+01	  -2.0917969e+01	   2.0331387e+01	
   2.2600000e+00	  -4.8697581e+01	  -4.8645340e+01	  -2.7180176e+01	   1.9777161e+01	
   2.2800000e+00	  -4.8844206e+01	  -4.8635804e+01	  -3.3552246e+01	   1.9150967e+01	
   2.3000000e+00	  -4.9157006e+01	  -4.8699308e+01	  -3.9814453e+01	   1.8453704e+01	
   2.3200000e+00	  -4.8795331e+01	  -4.8803522e+01	  -4.4252930e+01	   1.7698333e+01	
   2.3400000e+00	  -4.9039706e+01	  -4.8885213e+01	  -5.1086426e+01	   1.6882013e+01	
   2.3600000e+00	  -4.9293856e+01	  -4.8961280e+01	  -5.5744629e+01	   1.6004132e+01	
   2.3800000e+00	  -4.8922406e+01	  -4.9040217e+01	  -6.3127441e+01	   1.5062030e+01	
   2.4000000e+00	  -4.9811932e+01	  -4.9126074e+01	  -6.8466797e+01	   1.4052255e+01	
   2.4200000e+00	  -4.9401382e+01	  -4.9258878e+01	  -7.4904785e+01	   1.2981553e+01	
   2.4400000e+00	  -4.9342732e+01	  -4.9375887e+01	  -7.9562988e+01	   1.1854936e+01	
   2.4600000e+00	  -4.9684857e+01	  -4.9442277e+01	  -8.5913086e+01	   1.0673652e+01	
   2.4800000e+00	  -4.9137456e+01	  -4.9475133e+01	  -9.1472168e+01	   9.4327591e+00	
   2.5000000e+00	  -4.8668256e+01	  -4.9402859e+01	  -9.7207031e+01	   8.1368426e+00	
   2.5200000e+00	  -4.9108131e+01	  -4.9236134e+01	  -1.0287598e+02	   6.7859039e+00	
   2.5400000e+00	  -4.9577332e+01	  -4.9134750e+01	  -1.0823730e+02	   5.3829623e+00	
   2.5600000e+00	  -4.8707356e+01	  -4.9121982e+01	  -1.1825684e+02	   3.9015021e+00	
   2.5800000e+00	  -5.0026982e+01	  -4.9152537e+01	  -1.2289307e+02	   2.3470315e+00	
   2.6000000e+00	  -4.8922406e+01	  -4.9237568e+01	  -1.2766113e+02	   7.5325237e-01	
   2.6200000e+00	  -4.8922406e+01	  -4.9262142e+01	  -1.3390137e+02	  -8.8935971e-01	
   2.6400000e+00	  -4.9430707e+01	  -4.9214905e+01	  -1.3906494e+02	  -2.5826645e+00	
   2.6600000e+00	  -4.8423881e+01	  -4.9151430e+01	  -1.4796387e+02	  -4.3426300e+00	
   2.6800000e+00	  -4.8873531e+01	  -4.9027167e+01	  -1.5176514e+02	  -6.1599173e+00	
   2.7000000e+00	  -4.9733732e+01	  -4.8962110e+01	  -1.6066406e+02	  -8.0338107e+00	
   2.7200000e+00	  -4.8990831e+01	  -4.9035317e+01	  -1.6817871e+02	  -9.9867897e+00	
   2.7400000e+00	  -4.8951731e+01	  -4.9101009e+01	  -1.7349609e+02	  -1.1995503e+01	
   2.7600000e+00	  -4.9733732e+01	  -4.9143236e+01	  -1.7725342e+02	  -1.4035795e+01	
   2.7800000e+00	  -4.8580281e+01	  -4.9189439e+01	  -1.8000000e+02	  -1.6091218e+01	
   2.8000000e+00	  -4.8296806e+01	  -4.9102832e+01	  -1.8000000e+02	  -1.8138122e+01	
   2.8200000e+00	  -4.9342732e+01	  -4.8939273e+01	   1.7764893e+02	  -1.7926292e+01	
   2.8400000e+00	  -4.8902856e+01	  -4.8880392e+01	   1.7800049e+02	  -1.5481740e+01	
   2.8600000e+00	  -4.9059256e+01	  -4.8902369e+01	   1.7050781e+02	  -1.3112305e+01	
   2.8800000e+00	  -4.9186331e+01	  -4.8951795e+01	   1.6270752e+02	  -1.0867949e+01	
   2.9000000e+00	  -4.9117906e+01	  -4.9022293e+01	   1.6204834e+02	  -8.7044427e+00	
   2.9200000e+00	  -4.9069031e+01	  -4.9078512e+01	   1.5292969e+02	  -6.6290072e+00	
   2.9400000e+00	  -4.9401382e+01	  -4.9124877e+01	   1.4337158e+02	  -4.6961081e+00	
   2.9600000e+00	  -4.9176556e+01	  -4.9181039e+01	   1.4102051e+02	  -2.8617086e+00	
   2.9800000e+00	  -4.9069031e+01	  -4.9210926e+01	   1.3245117e+02	  -1.1184047e+00	
   3.0000000e+00	  -4.9117906e+01	  -4.9195527e+01	   1.2603516e+02	   5.0955974e-01	
   3.0200000e+00	  -4.9059256e+01	  -4.9160973e+01	   1.1722412e+02	   2.0221158e+00	
   3.0400000e+00	  -4.8922406e+01	  -4.9113989e+01	   1.1546631e+02	   3.4497906e+00	
   3.0600000e+00	  -4.8736681e+01	  -4.9039604e+01	   1.1001709e+02	   4.8146357e+00	
   3.0800000e+00	  -4.8687806e+01	  -4.8936394e+01	   1.0125000e+02	   6.0736693e+00	
   3.1000000e+00	  -4.8961506e+01	  -4.8848474e+01	   9.3845215e+01	   7.2160022e+00	
   3.1200000e+00	  -4.9000606e+01	  -4.8826854e+01	   8.9143066e+01	   8.2684735e+00	
   3.1400000e+00	  -4.8990831e+01	  -4.8861514e+01	   8.1870117e+01	   9.2330286e+00	
   3.1600000e+00	  -4.9244981e+01	  -4.8928518e+01	   7.5190430e+01	   1.0098417e+01	
   3.1800000e+00	  -4.8863756e+01	  -4.8998706e+01	   6.8049316e+01	   1.0866702e+01	
   3.2000000e+00	  -4.8678031e+01	  -4.9004455e+01	   6.3281250e+01	   1.1551030e+01	
   3.2200000e+00	  -4.8863756e+01	  -4.8943808e+01	   5.5832520e+01	   1.2150531e+01	
   3.2400000e+00	  -4.9538232e+01	  -4.8930142e+01	   5.2185059e+01	   1.2673260e+01	
   3.2600000e+00	  -4.8746456e+01	  -4.8989670e+01	   4.7351074e+01	   1.3136502e+01	
   3.2800000e+00	  -4.9332957e+01	  -4.9041591e+01	   3.7924805e+01	   1.3504918e+01	
   3.3000000e+00	  -4.8834431e+01	  -4.9068450e+01	   3.7529297e+01	   1.3807406e+01	
   3.3200000e+00	  -4.9078806e+01	  -4.9066506e+01	   2.9047852e+01	   1.4050688e+01	
   3.3400000e+00	  -4.9665307e+01	  -4.9092101e+01	   2.0126953e+01	   1.4182271e+01	
   3.3600000e+00	  -4.8717131e+01	  -4.9153808e+01	   1.8566895e+01	   1.4246768e+01	
   3.3800000e+00	  -4.8619381e+01	  -4.9118821e+01	   8.7011719e+00	   1.4239116e+01	
   3.4000000e+00	  -4.9518682e+01	  -4.9036876e+01	   2.1972656e+00	   1.4129347e+01	
   3.4200000e+00	  -4.8726906e+01	  -4.9018978e+01	  -1.4941406e+00	   1.3957289e+01	
   3.4400000e+00	  -4.8746456e+01	  -4.8987511e+01	  -8.8330078e+00	   1.3718506e+01	
   3.4600000e+00	  -4.9176556e+01	  -4.8937173e+01	  -1.4897461e+01	   1.3399015e+01	
   3.4800000e+00	  -4.8795331e+01	  -4.8926256e+01	  -2.0720215e+01	   1.3009289e+01	
   3.5000000e+00	  -4.9460032e+01	  -4.8956976e+01	  -2.6015625e+01	   1.2555008e+01	
   3.5200000e+00	  -4.9029931e+01	  -4.9031543e+01	  -3.5661621e+01	   1.2013105e+01	
   3.5400000e+00	  -4.9176556e+01	  -4.9100792e+01	  -3.8562012e+01	   1.1399630e+01	
   3.5600000e+00	  -4.9606657e+01	  -4.9168943e+01	  -4.6252441e+01	   1.0727686e+01	
   3.5800000e+00	  -4.9215656e+01	  -4.9259793e+01	  -4.9526367e+01	   9.9956716e+00	
   3.6000000e+00	  -4.9176556e+01	  -4.9309124e+01	  -5.8095703e+01	   9.1988490e+00	
   3.6200000e+00	  -4.9548007e+01	  -4.9321413e+01	  -6.3391113e+01	   8.3254051e+00	
   3.6400000e+00	  -4.8971281e+01	  -4.9323666e+01	  -6.9631348e+01	   7.3908400e+00	
   3.6600000e+00	  -4.9196106e+01	  -4.9283584e+01	  -7.5124512e+01	   6.3946820e+00	
   3.6800000e+00	  -4.9332957e+01	  -4.9237500e+01	  -8.2309570e+01	   5.3318008e+00	
   3.7000000e+00	  -4.8863756e+01	  -4.9203352e+01	  -8.7890625e+01	   4.2024810e+00	
   3.7200000e+00	  -4.9303631e+01	  -4.9158947e+01	  -9.3229980e+01	   3.0190767e+00	
   3.7400000e+00	  -4.8951731e+01	  -4.9126246e+01	  -9.8195801e+01	   1.7861049e+00	
   3.7600000e+00	  -4.8932181e+01	  -4.9088078e+01	  -1.0533691e+02	   4.9293453e-01	
   3.7800000e+00	  -4.9147231e+01	  -4.9046083e+01	  -1.1072021e+02	  -8.6228955e-01	
   3.8000000e+00	  -4.9401382e+01	  -4.9058677e+01	  -1.1753174e+02	  -2.2767344e+00	
   3.8200000e+00	  -4.9078806e+01	  -4.9117441e+01	  -1.2421143e+02	  -3.7577552e+00	
   3.8400000e+00	  -4.9499132e+01	  -4.9181387e+01	  -1.2911133e+02	  -5.2925842e+00	
   3.8600000e+00	  -4.8805106e+01	  -4.9218350e+01	  -1.3409912e+02	  -6.8699853e+00	
   3.8800000e+00	  -4.8697581e+01	  -4.9161669e+01	  -1.4007568e+02	  -8.4961496e+00	
   3.9000000e+00	  -4.9137456e+01	  -4.9049975e+01	  -1.4886475e+02	  -1.0194203e+01	
   3.9200000e+00	  -4.8834431e+01	  -4.8977359e+01	  -1.5402832e+02	  -1.1958172e+01	
   3.9400000e+00	  -4.9088581e+01	  -4.8946403e+01	  -1.6389404e+02	  -1.3793956e+01	
   3.9600000e+00	  -4.9743507e+01	  -4.8999021e+01	  -1.6784912e+02	  -1.5693112e+01	
   3.9800000e+00	  -4.9039706e+01	  -4.9129967e+01	  -1.7602295e+02	  -1.7644285e+01	
   4.0000000e+00	  -4.9049481e+01	  -4.9207802e+01	  -1.8000000e+02	  -1.9646961e+01	
   4.0200000e+00	  -4.9020156e+01	  -4.9194576e+01	  -1.8000000e+02	  -2.1649461e+01	
   4.0400000e+00	  -4.8736681e+01	  -4.9124911e+01	  -1.4348145e+01	  -2.2592618e+01	
   4.0600000e+00	  -4.9587107e+01	  -4.9067888e+01	   1.7512207e+02	  -2.1306602e+01	
   4.0800000e+00	  -4.9420932e+01	  -4.9115870e+01	   1.7479248e+02	  -1.8855645e+01	
   4.1000000e+00	  -4.9166781e+01	  -4.9212055e+01	   1.6545410e+02	  -1.6495663e+01	
   4.1200000e+00	  -4.9235206e+01	  -4.9261303e+01	   1.6395996e+02	  -1.4232791e+01	
   4.1400000e+00	  -4.9821707e+01	  -4.9309539e+01	   1.5879639e+02	  -1.2039749e+01	
   4.1600000e+00	  -4.8795331e+01	  -4.9358847e+01	   1.4772217e+02	  -9.9754828e+00	
   4.1800000e+00	  -4.9430707e+01	  -4.9339247e+01	   1.4475586e+02	  -8.0246652e+00	
   4.2000000e+00	  -4.9860807e+01	  -4.9341987e+01	   1.3528564e+02	  -6.1758637e+00	
   4.2200000e+00	  -4.9010381e+01	  -4.9396728e+01	   1.2895752e+02	  -4.4487955e+00	
   4.2400000e+00	  -5.0105182e+01	  -4.9446297e+01	   1.2339844e+02	  -2.8175192e+00	
   4.2600000e+00	  -4.8824656e+01	  -4.9484312e+01	   1.1443359e+02	  -1.2973022e+00	
   4.2800000e+00	  -4.9010381e+01	  -4.9420922e+01	   1.1311523e+02	   1.3972142e-01	
   4.3000000e+00	  -4.9508907e+01	  -4.9305082e+01	   1.0478760e+02	   1.4985695e+00	
   4.3200000e+00	  -4.8883306e+01	  -4.9236431e+01	   9.8349609e+01	   2.7482511e+00	
   4.3400000e+00	  -4.8883306e+01	  -4.9155011e+01	   9.1296387e+01	   3.8980870e+00	
   4.3600000e+00	  -4.9274306e+01	  -4.9074464e+01	   8.7385254e+01	   4.9651018e+00	
   4.3800000e+00	  -4.8775781e+01	  -4.9035133e+01	   7.8837891e+01	   5.9410004e+00	
   4.4000000e+00	  -4.9548007e+01	  -4.9034637e+01	   7.1630859e+01	   6.8063409e+00	
   4.4200000e+00	  -4.9176556e+01	  -4.9095803e+01	   6.4731445e+01	   7.5727939e+00	
   4.4400000e+00	  -4.9069031e+01	  -4.9160645e+01	   5.8249512e+01	   8.2461217e+00	
   4.4600000e+00	  -4.9635982e+01	  -4.9208189e+01	   5.4733887e+01	   8.8486159e+00	
   4.4800000e+00	  -4.9215656e+01	  -4.9276646e+01	   5.0383301e+01	   9.3944691e+00	
   4.5000000e+00	  -4.9137456e+01	  -4.9311527e+01	   4.2011719e+01	   9.8540681e+00	
   4.5200000e+00	  -4.9254756e+01	  -4.9292146e+01	   3.5793457e+01	   1.0216828e+01	
   4.5400000e+00	  -4.8893081e+01	  -4.9241747e+01	   2.8037109e+01	   1.0487800e+01	
   4.5600000e+00	  -4.9665307e+01	  -4.9203353e+01	   2.4301758e+01	   1.0683633e+01	
   4.5800000e+00	  -5.0105182e+01	  -4.9289730e+01	   1.8808594e+01	   1.0819398e+01	
   4.6000000e+00	  -4.9020156e+01	  -4.9442550e+01	   1.5468750e+01	   1.0898313e+01	
   4.6200000e+00	  -4.8893081e+01	  -4.9456282e+01	   8.6132813e+00	   1.0912583e+01	
   4.6400000e+00	  -4.8951731e+01	  -4.9322516e+01	  -3.2958984e-01	   1.0828030e+01	
   4.6600000e+00	  -4.8453206e+01	  -4.9129667e+01	  -5.9765625e+00	   1.0653433e+01	
   4.6800000e+00	  -4.8785556e+01	  -4.8923582e+01	  -1.4633789e+01	   1.0391700e+01	
   4.7000000e+00	  -4.9391607e+01	  -4.8819730e+01	  -1.8984375e+01	   1.0052015e+01	
   4.7200000e+00	  -4.8746456e+01	  -4.8846764e+01	  -2.4675293e+01	   9.6538724e+00	
   4.7400000e+00	  -4.9391607e+01	  -4.8917896e+01	  -3.1047363e+01	   9.1853799e+00	
   4.7600000e+00	  -4.9420932e+01	  -4.9033536e+01	  -3.5881348e+01	   8.6527670e+00	
   4.7800000e+00	  -4.8883306e+01	  -4.9147556e+01	  -4.1220703e+01	   8.0632828e+00	
   4.8000000e+00	  -4.8805106e+01	  -4.9154314e+01	  -4.7548828e+01	   7.4083079e+00	
   4.8200000e+00	  -4.8902856e+01	  -4.9074749e+01	  -5.3085938e+01	   6.6874254e+00	
   4.8400000e+00	  -4.9381832e+01	  -4.9021240e+01	  -6.0490723e+01	   5.8947357e+00	
   4.8600000e+00	  -4.9811932e+01	  -4.9093149e+01	  -6.6379395e+01	   5.0289404e+00	
   4.8800000e+00	  -4.9675082e+01	  -4.9278533e+01	  -7.2202148e+01	   4.1008306e+00	
   4.9000000e+00	  -4.9293856e+01	  -4.9445572e+01	  -7.7453613e+01	   3.1151633e+00	
   4.9200000e+00	  -4.9714182e+01	  -4.9527659e+01	  -8.3781738e+01	   2.0695018e+00	
   4.9400000e+00	  -4.9548007e+01	  -4.9572310e+01	  -9.0219727e+01	   9.5718644e-01	
   4.9600000e+00	  -4.9440482e+01	  -4.9588141e+01	  -9.6635742e+01	  -2.2149907e-01	
   4.9800000e+00	  -4.9538232e+01	  -4.9568681e+01	  -1.0065674e+02	  -1.4506341e+00	
   5.0000000e+00	  -4.8853981e+01	  -4.9499682e+01	  -1.0764404e+02	  -2.7331559e+00	
   5.0200000e+00	  -4.8130630e+01	  -4.9294338e+01	  -1.1351074e+02	  -4.0799223e+00	
   5.0400000e+00	  -4.4738702e+01	  -4.8715569e+01	  -1.1939941e+02	  -5.4832711e+00	
   5.0600000e+00	  -4.2070125e+01	  -4.7452404e+01	  -1.2385986e+02	  -6.9337151e+00	
   5.0800000e+00	  -3.9264697e+01	  -4.5469483e+01	  -1.2763916e+02	  -8.4174951e+00	
   5.1000000e+00	  -3.6938245e+01	  -4.3009058e+01	  -1.3339600e+02	  -9.9422895e+00	
   5.1200000e+00	  -3.3272617e+01	  -4.0265022e+01	  -1.3590088e+02	  -1.1499629e+01	
   5.1400000e+00	  -2.8776113e+01	  -3.7189535e+01	  -1.4189941e+02	  -1.3090615e+01	
   5.1600000e+00	  -2.3507383e+01	  -3.3597759e+01	  -1.4466797e+02	  -1.4716475e+01	
   5.1800000e+00	  -2.0516230e+01	  -2.9546106e+01	  -1.4427246e+02	  -1.6336849e+01	
   5.2000000e+00	  -1.7593502e+01	  -2.5441742e+01	  -1.4686523e+02	  -1.7950707e+01	
   5.2200000e+00	  -1.3409798e+01	  -2.1544774e+01	  -1.5398438e+02	  -1.9605053e+01	
   5.2400000e+00	  -9.6561949e+00	  -1.7770124e+01	  -1.5086426e+02	  -2.1263710e+01	
   5.2600000e+00	  -7.9944434e+00	  -1.4163739e+01	  -1.5328125e+02	  -2.2897262e+01	
   5.2800000e+00	  -3.6054644e+00	  -1.0826446e+01	  -1.5257813e+02	  -2.4521116e+01	
   5.3000000e+00	   8.9103977e-01	  -7.4931797e+00	  -1.5227051e+02	  -2.6118380e+01	
   5.3200000e+00	   1.2331651e+00	  -4.1351975e+00	  -1.5473145e+02	  -2.7709143e+01	
   5.3400000e+00	   3.3152420e+00	  -1.1831507e+00	  -1.5521484e+02	  -2.9298425e+01	
   5.3600000e+00	   3.5791673e+00	   1.1265763e+00	  -1.5011719e+02	  -3.0839048e+01	
   5.3800000e+00	   6.1597696e+00	   2.8980681e+00	  -1.5207275e+02	  -3.2340812e+01	
   5.4000000e+00	   9.2682225e+00	   4.5450250e+00	  -1.4688721e+02	  -3.3803654e+01	
   5.4200000e+00	   1.1223224e+01	   6.4215034e+00	  -1.4468994e+02	  -3.5202130e+01	
   5.4400000e+00	   1.2357125e+01	   8.4363347e+00	  -1.4767822e+02	  -3.6588080e+01	
   5.4600000e+00	   1.2826326e+01	   1.0281135e+01	  -1.4302002e+02	  -3.7946296e+01	
   5.4800000e+00	   1.5582878e+01	   1.1883711e+01	  -1.4227295e+02	  -3.9253799e+01	
   5.5000000e+00	   1.7156655e+01	   1.3463586e+01	  -1.4148193e+02	  -4.0535370e+01	
   5.5200000e+00	   1.7977756e+01	   1.5061457e+01	  -1.3752686e+02	  -4.1771303e+01	
   5.5400000e+00	   2.0783183e+01	   1.6641793e+01	  -1.3504395e+02	  -4.2951601e+01	
   5.5600000e+00	   2.0744083e+01	   1.8219714e+01	  -1.3319824e+02	  -4.4090132e+01	
   5.5800000e+00	   2.2591560e+01	   1.9679470e+01	  -1.2970459e+02	  -4.5181106e+01	
   5.6000000e+00	   2.3911186e+01	   2.1032197e+01	  -1.2801270e+02	  -4.6226077e+01	
   5.6200000e+00	   2.5015762e+01	   2.2352910e+01	  -1.2693604e+02	  -4.7240711e+01	
   5.6400000e+00	   2.6970764e+01	   2.3673962e+01	  -1.1917969e+02	  -4.8187521e+01	
   5.6600000e+00	   2.8153540e+01	   2.5056750e+01	  -1.1658691e+02	  -4.9057887e+01	
   5.6800000e+00	   2.7713664e+01	   2.6353690e+01	  -1.1271973e+02	  -4.9877047e+01	
   5.7000000e+00	   2.9336316e+01	   2.7395147e+01	  -1.0731445e+02	  -5.0628080e+01	
   5.7200000e+00	   3.1105593e+01	   2.8358721e+01	  -1.0909424e+02	  -5.1347097e+01	
   5.7400000e+00	   3.0900317e+01	   2.9364456e+01	  -1.0243652e+02	  -5.2026676e+01	
   5.7600000e+00	   3.2904194e+01	   3.0343052e+01	  -1.0076660e+02	  -5.2645771e+01	
   5.7800000e+00	   3.4732121e+01	   3.1426199e+01	  -9.3076172e+01	  -5.3198688e+01	
   5.8000000e+00	   3.5328397e+01	   3.2682250e+01	  -8.9758301e+01	  -5.3675964e+01	
   5.8200000e+00	   3.4302021e+01	   3.3805280e+01	  -8.6462402e+01	  -5.4105983e+01	
   5.8400000e+00	   3.4829871e+01	   3.4507740e+01	  -7.9738770e+01	  -5.4468069e+01	
   5.8600000e+00	   3.6227697e+01	   3.4943319e+01	  -7.6267090e+01	  -5.4761974e+01	
   5.8800000e+00	   3.7039023e+01	   3.5430117e+01	  -7.2883301e+01	  -5.5009403e+01	
   5.9000000e+00	   3.8026299e+01	   3.6077053e+01	  -6.8950195e+01	  -5.5208055e+01	
   5.9200000e+00	   3.7762374e+01	   3.6785657e+01	  -6.5170898e+01	  -5.5356070e+01	
   5.9400000e+00	   3.7126998e+01	   3.7316652e+01	  -5.8227539e+01	  -5.5435284e+01	
   5.9600000e+00	   3.9648950e+01	   3.7697654e+01	  -5.4206543e+01	  -5.5445046e+01	
   5.9800000e+00	   3.9668501e+01	   3.8212633e+01	  -4.9086914e+01	  -5.5397613e+01	
   6.0000000e+00	   4.0245226e+01	   3.8855625e+01	  -4.5043945e+01	  -5.5293560e+01	
   6.0200000e+00	   3.9218850e+01	   3.9387859e+01	  -3.9572754e+01	  -5.5131400e+01	
   6.0400000e+00	   4.2395728e+01	   3.9845496e+01	  -3.5859375e+01	  -5.4913916e+01	
   6.0600000e+00	   4.2503253e+01	   4.0515471e+01	  -2.5883789e+01	  -5.4613673e+01	
   6.0800000e+00	   4.1701702e+01	   4.1267062e+01	  -2.5773926e+01	  -5.4254207e+01	
   6.1000000e+00	   4.1848328e+01	   4.1758554e+01	  -1.9248047e+01	  -5.3857795e+01	
   6.1200000e+00	   4.1476877e+01	   4.1950719e+01	  -1.3623047e+01	  -5.3390463e+01	
   6.1400000e+00	   4.4018380e+01	   4.2098686e+01	  -8.7890625e+00	  -5.2863662e+01	
   6.1600000e+00	   4.4018380e+01	   4.2506303e+01	  -9.2285156e-01	  -5.2264138e+01	
   6.1800000e+00	   4.4067255e+01	   4.3085855e+01	   6.1303711e+00	  -5.1578944e+01	
   6.2000000e+00	   4.2913804e+01	   4.3508794e+01	   5.8007813e+00	  -5.0860324e+01	
   6.2200000e+00	   4.4653755e+01	   4.3718018e+01	   1.3337402e+01	  -5.0105677e+01	
   6.2400000e+00	   4.5074080e+01	   4.3967852e+01	   1.9665527e+01	  -4.9273882e+01	
   6.2600000e+00	   4.4546230e+01	   4.4305508e+01	   2.1796875e+01	  -4.8399654e+01	
   6.2800000e+00	   4.4722180e+01	   4.4557320e+01	   2.7092285e+01	  -4.7489970e+01	
   6.3000000e+00	   4.3871754e+01	   4.4636517e+01	   3.4650879e+01	  -4.6511386e+01	
   6.3200000e+00	   4.3392779e+01	   4.4487916e+01	   4.2539063e+01	  -4.5448571e+01	
   6.3400000e+00	   4.6305732e+01	   4.4359886e+01	   4.5900879e+01	  -4.4328784e+01	
   6.3600000e+00	   4.5142506e+01	   4.4557106e+01	   5.4338379e+01	  -4.3149306e+01	
   6.3800000e+00	   4.4907905e+01	   4.4859112e+01	   5.7172852e+01	  -4.1914174e+01	
   6.4000000e+00	   4.6168882e+01	   4.5097831e+01	   6.5039063e+01	  -4.0627652e+01	
   6.4200000e+00	   4.5895181e+01	   4.5381844e+01	   7.2751465e+01	  -3.9259922e+01	
   6.4400000e+00	   4.5445531e+01	   4.5625726e+01	   7.8112793e+01	  -3.7827640e+01	
   6.4600000e+00	   4.6638082e+01	   4.5788555e+01	   8.1232910e+01	  -3.6360285e+01	
   6.4800000e+00	   4.5699681e+01	   4.5941248e+01	   8.5473633e+01	  -3.4865294e+01	
   6.5000000e+00	   4.7146382e+01	   4.6099987e+01	   9.6877441e+01	  -3.3291287e+01	
   6.5200000e+00	   4.5445531e+01	   4.6235536e+01	   1.0127197e+02	  -3.1638291e+01	
   6.5400000e+00	   4.7596033e+01	   4.6338124e+01	   1.0434814e+02	  -2.9959291e+01	
   6.5600000e+00	   4.8397584e+01	   4.6628890e+01	   1.0920410e+02	  -2.8251729e+01	
   6.5800000e+00	   4.6276407e+01	   4.7028995e+01	   1.1961914e+02	  -2.6470140e+01	
   6.6000000e+00	   4.6295957e+01	   4.7135499e+01	   1.2339844e+02	  -2.4622168e+01	
   6.6200000e+00	   4.6012481e+01	   4.6932497e+01	   1.3064941e+02	  -2.2728401e+01	
   6.6400000e+00	   4.7205032e+01	   4.6700023e+01	   1.3409912e+02	  -2.0791468e+01	
   6.6600000e+00	   4.6511007e+01	   4.6613060e+01	   1.4398682e+02	  -1.8795445e+01	
   6.6800000e+00	   4.8280283e+01	   4.6715789e+01	   1.4800781e+02	  -1.6737501e+01	
   6.7000000e+00	   4.6921557e+01	   4.6969328e+01	   1.5288574e+02	  -1.4649692e+01	
   6.7200000e+00	   4.7449408e+01	   4.7188360e+01	   1.5965332e+02	  -1.2515241e+01	
   6.7400000e+00	   4.7644908e+01	   4.7326794e+01	   1.6716797e+02	  -1.0318266e+01	
   6.7600000e+00	   4.7859958e+01	   4.7471092e+01	   1.7224365e+02	  -8.0701128e+00	
   6.7800000e+00	   4.7302783e+01	   4.7583492e+01	   1.7457275e+02	  -5.8037988e+00	
   6.8000000e+00	   4.6569657e+01	   4.7542281e+01	  -1.2414551e+01	  -4.7187991e+00	
   6.8200000e+00	   4.7889283e+01	   4.7401303e+01	  -1.8000000e+02	  -5.8613136e+00	
   6.8400000e+00	   4.7576483e+01	   4.7364659e+01	  -1.8000000e+02	  -8.0359697e+00	
   6.8600000e+00	   4.7703558e+01	   4.7436359e+01	  -1.7591309e+02	  -1.0157950e+01	
   6.8800000e+00	   4.8876559e+01	   4.7608606e+01	  -1.7099121e+02	  -1.2197179e+01	
   6.9000000e+00	   4.7224582e+01	   4.7831270e+01	  -1.6679443e+02	  -1.4154005e+01	
   6.9200000e+00	   4.8114108e+01	   4.7930927e+01	  -1.6127930e+02	  -1.6025753e+01	
   6.9400000e+00	   4.7566708e+01	   4.7924564e+01	  -1.5176514e+02	  -1.7780283e+01	
   6.9600000e+00	   4.7566708e+01	   4.7862305e+01	  -1.4578857e+02	  -1.9416177e+01	
   6.9800000e+00	   4.8798359e+01	   4.7839927e+01	  -1.3992188e+02	  -2.0957693e+01	
   7.0000000e+00	   4.7146382e+01	   4.7894779e+01	  -1.3453857e+02	  -2.2409712e+01	
   7.0200000e+00	   4.6784707e+01	   4.7802526e+01	  -1.2955078e+02	  -2.3778841e+01	
   7.0400000e+00	   4.8622409e+01	   4.7638175e+01	  -1.2172852e+02	  -2.5050886e+01	
   7.0600000e+00	   4.7723108e+01	   4.7651272e+01	  -1.1750977e+02	  -2.6231861e+01	
   7.0800000e+00	   4.8876559e+01	   4.7814530e+01	  -1.0990723e+02	  -2.7324275e+01	
   7.1000000e+00	   4.8280283e+01	   4.8050453e+01	  -1.0509521e+02	  -2.8325531e+01	
   7.1200000e+00	   4.8104333e+01	   4.8238209e+01	  -9.8151855e+01	  -2.9240881e+01	
   7.1400000e+00	   4.9248009e+01	   4.8368608e+01	  -9.3186035e+01	  -3.0070440e+01	
   7.1600000e+00	   4.7879508e+01	   4.8490258e+01	  -8.7561035e+01	  -3.0823509e+01	
   7.1800000e+00	   4.7244132e+01	   4.8425136e+01	  -8.1826172e+01	  -3.1496242e+01	
   7.2000000e+00	   4.8710384e+01	   4.8221359e+01	  -7.5959473e+01	  -3.2088134e+01	
   7.2200000e+00	   4.8407359e+01	   4.8149842e+01	  -7.0993652e+01	  -3.2604996e+01	
   7.2400000e+00	   4.7517833e+01	   4.8150241e+01	  -6.5346680e+01	  -3.3049136e+01	
   7.2600000e+00	   4.7253908e+01	   4.8021968e+01	  -5.9633789e+01	  -3.3416799e+01	
   7.2800000e+00	   4.9678110e+01	   4.7943106e+01	  -5.2360840e+01	  -3.3698786e+01	
   7.3000000e+00	   4.8573534e+01	   4.8140658e+01	  -4.6252441e+01	  -3.3893698e+01	
   7.3200000e+00	   4.9648785e+01	   4.8486047e+01	  -4.0605469e+01	  -3.4012775e+01	
   7.3400000e+00	   4.8681059e+01	   4.8804546e+01	  -3.5617676e+01	  -3.4063961e+01	
   7.3600000e+00	   4.8720159e+01	   4.8970619e+01	  -3.0476074e+01	  -3.4051259e+01	
   7.3800000e+00	   4.8075008e+01	   4.8925439e+01	  -2.4785156e+01	  -3.3971078e+01	
   7.4000000e+00	   4.7380983e+01	   4.8674027e+01	  -1.8830566e+01	  -3.3819183e+01	
   7.4200000e+00	   4.8182533e+01	   4.8322238e+01	  -1.3491211e+01	  -3.3598665e+01	
   7.4400000e+00	   4.7468958e+01	   4.8037120e+01	  -5.1416016e+00	  -3.3295426e+01	
   7.4600000e+00	   5.0499210e+01	   4.8018662e+01	  -2.4169922e+00	  -3.2926827e+01	
   7.4800000e+00	   4.8612634e+01	   4.8348681e+01	   7.2509766e+00	  -3.2485451e+01	
   7.5000000e+00	   4.8075008e+01	   4.8647127e+01	   1.1689453e+01	  -3.1961505e+01	
   7.5200000e+00	   4.7380983e+01	   4.8605406e+01	   1.9357910e+01	  -3.1368507e+01	
   7.5400000e+00	   4.7253908e+01	   4.8296052e+01	   2.4191895e+01	  -3.0704848e+01	
   7.5600000e+00	   4.6647857e+01	   4.7854849e+01	   2.9047852e+01	  -2.9988973e+01	
   7.5800000e+00	   4.6862907e+01	   4.7402435e+01	   3.4606934e+01	  -2.9217006e+01	
   7.6000000e+00	   4.8788584e+01	   4.7185492e+01	   4.0231934e+01	  -2.8384846e+01	
   7.6200000e+00	   4.8563759e+01	   4.7383423e+01	   4.8054199e+01	  -2.7479112e+01	
   7.6400000e+00	   4.9326209e+01	   4.7850206e+01	   5.3789063e+01	  -2.6500038e+01	
   7.6600000e+00	   4.8661509e+01	   4.8344883e+01	   6.0842285e+01	  -2.5453342e+01	
   7.6800000e+00	   4.8006583e+01	   4.8635178e+01	   6.6577148e+01	  -2.4339867e+01	
   7.7000000e+00	   4.9287109e+01	   4.8715960e+01	   7.3168945e+01	  -2.3163330e+01	
   7.7200000e+00	   4.7801308e+01	   4.8716812e+01	   8.0310059e+01	  -2.1915736e+01	
   7.7400000e+00	   4.8681059e+01	   4.8629710e+01	   8.4265137e+01	  -2.0614437e+01	
   7.7600000e+00	   4.7126832e+01	   4.8443425e+01	   9.3977051e+01	  -1.9244052e+01	
   7.7800000e+00	   4.7762208e+01	   4.8158982e+01	   1.0217285e+02	  -1.7778964e+01	
   7.8000000e+00	   4.7859958e+01	   4.7898240e+01	   1.0320557e+02	  -1.6274549e+01	
   7.8200000e+00	   4.8720159e+01	   4.7831707e+01	   1.0740234e+02	  -1.4756269e+01	
   7.8400000e+00	   4.8348709e+01	   4.7960884e+01	   1.1401611e+02	  -1.3189447e+01	
   7.8600000e+00	   4.6364382e+01	   4.8010055e+01	   1.2157471e+02	  -1.1553699e+01	
   7.8800000e+00	   4.7781758e+01	   4.7815778e+01	   1.2944092e+02	  -9.8420649e+00	
   7.9000000e+00	   4.8847234e+01	   4.7702663e+01	   1.3390137e+02	  -8.0748380e+00	
   7.9200000e+00	   4.7508058e+01	   4.7802592e+01	   1.4198730e+02	  -6.2513403e+00	
   7.9400000e+00	   4.7556933e+01	   4.7858003e+01	   1.4739258e+02	  -4.3663750e+00	
   7.9600000e+00	   4.8290058e+01	   4.7845798e+01	   1.5354492e+02	  -2.4327831e+00	
   7.9800000e+00	   4.9218684e+01	   4.7973818e+01	   1.5927979e+02	  -4.4911392e-01	
   8.0000000e+00	   4.8534434e+01	   4.8253759e+01	   1.7004639e+02	   1.6128188e+00	
   8.0200000e+00	   4.8681059e+01	   4.8501098e+01	   1.7397949e+02	   3.7407875e+00	
   8.0400000e+00	   4.7283233e+01	   4.8547576e+01	   1.7661621e+02	   5.8832041e+00	
   8.0600000e+00	   4.9199134e+01	   4.8449144e+01	   1.7510010e+02	   8.0058632e+00	
   8.0800000e+00	   4.8690834e+01	   4.8447349e+01	  -1.8000000e+02	   7.8752902e+00	
   8.1000000e+00	   4.8006583e+01	   4.8500437e+01	  -1.8000000e+02	   5.5290905e+00	
   8.1200000e+00	   4.8338934e+01	   4.8457674e+01	  -1.7523193e+02	   3.2419621e+00	
   8.1400000e+00	   4.8759259e+01	   4.8413918e+01	  -1.7147461e+02	   1.0366285e+00	
   8.1600000e+00	   4.8358484e+01	   4.8433648e+01	  -1.6395996e+02	  -1.0707822e+00	
   8.1800000e+00	   4.6325282e+01	   4.8311395e+01	  -1.5651123e+02	  -3.0584436e+00	
   8.2000000e+00	   4.8505109e+01	   4.8009225e+01	  -1.5207275e+02	  -4.9470587e+00	
   8.2200000e+00	   4.7889283e+01	   4.7829707e+01	  -1.4541504e+02	  -6.7428037e+00	
   8.2400000e+00	   4.7987033e+01	   4.7819811e+01	  -1.4047119e+02	  -8.4436827e+00	
   8.2600000e+00	   4.8456234e+01	   4.7885902e+01	  -1.3530762e+02	  -1.0060210e+01	
   8.2800000e+00	   4.8143433e+01	   4.8014322e+01	  -1.2719971e+02	  -1.1573682e+01	
   8.3000000e+00	   4.6667407e+01	   4.8023705e+01	  -1.2218994e+02	  -1.2986347e+01	
   8.3200000e+00	   4.8202083e+01	   4.7864709e+01	  -1.1559814e+02	  -1.4308930e+01	
   8.3400000e+00	   4.7938158e+01	   4.7768780e+01	  -1.0981934e+02	  -1.5537754e+01	
   8.3600000e+00	   4.7449408e+01	   4.7759717e+01	  -1.0469971e+02	  -1.6683181e+01	
   8.3800000e+00	   4.8808134e+01	   4.7796870e+01	  -1.0054688e+02	  -1.7756408e+01	
   8.4000000e+00	   4.8485559e+01	   4.7971654e+01	  -9.2988281e+01	  -1.8743105e+01	
   8.4200000e+00	   4.9081834e+01	   4.8244449e+01	  -8.6967773e+01	  -1.9632691e+01	
   8.4400000e+00	   4.9414184e+01	   4.8565200e+01	  -8.1254883e+01	  -2.0437905e+01	
   8.4600000e+00	   4.8065233e+01	   4.8813268e+01	  -7.4970703e+01	  -2.1158153e+01	
   8.4800000e+00	   4.8114108e+01	   4.8808126e+01	  -6.9543457e+01	  -2.1796280e+01	
   8.5000000e+00	   4.7175707e+01	   4.8552146e+01	  -6.5061035e+01	  -2.2364562e+01	
   8.5200000e+00	   4.7498283e+01	   4.8160144e+01	  -5.7875977e+01	  -2.2852895e+01	
   8.5400000e+00	   5.0166860e+01	   4.7977991e+01	  -5.1547852e+01	  -2.3250752e+01	
   8.5600000e+00	   4.7566708e+01	   4.8137998e+01	  -4.6713867e+01	  -2.3573945e+01	
   8.5800000e+00	   4.8397584e+01	   4.8281343e+01	  -4.0407715e+01	  -2.3823542e+01	
   8.6000000e+00	   4.9052509e+01	   4.8360012e+01	  -3.5463867e+01	  -2.3999777e+01	
   8.6200000e+00	   4.8495334e+01	   4.8497574e+01	  -2.6037598e+01	  -2.4084083e+01	
   8.6400000e+00	   4.7957708e+01	   4.8555074e+01	  -2.0236816e+01	  -2.4072258e+01	
   8.6600000e+00	   4.6941107e+01	   4.8385319e+01	  -1.6523438e+01	  -2.4001175e+01	
   8.6800000e+00	   4.8172758e+01	   4.8077221e+01	  -1.2722168e+01	  -2.3884057e+01	
   8.7000000e+00	   4.9404409e+01	   4.7975816e+01	  -4.2187500e+00	  -2.3691571e+01	
   8.7200000e+00	   4.8993859e+01	   4.8208645e+01	   2.1972656e-01	  -2.3420679e+01	
   8.7400000e+00	   5.0059335e+01	   4.8616191e+01	   6.3500977e+00	  -2.3087178e+01	
   8.7600000e+00	   4.7762208e+01	   4.8946991e+01	   1.4216309e+01	  -2.2670446e+01	
   8.7800000e+00	   4.8661509e+01	   4.8979483e+01	   1.8874512e+01	  -2.2180716e+01	
   8.8000000e+00	   4.8084783e+01	   4.8807534e+01	   2.6103516e+01	  -2.1622877e+01	
   8.8200000e+00	   4.8153208e+01	   4.8585058e+01	   3.4980469e+01	  -2.0971438e+01	
   8.8400000e+00	   4.8397584e+01	   4.8388566e+01	   3.8518066e+01	  -2.0250618e+01	
   8.8600000e+00	   4.8544209e+01	   4.8303294e+01	   4.1396484e+01	  -1.9498738e+01	
   8.8800000e+00	   4.8075008e+01	   4.8291556e+01	   4.5834961e+01	  -1.8710560e+01	
   8.9000000e+00	   4.7214807e+01	   4.8201907e+01	   5.5415039e+01	  -1.7844693e+01	
   8.9200000e+00	   4.8710384e+01	   4.8057469e+01	   5.9941406e+01	  -1.6901557e+01	
   8.9400000e+00	   4.9101384e+01	   4.8099505e+01	   7.1345215e+01	  -1.5870731e+01	
   8.9600000e+00	   4.6706507e+01	   4.8199264e+01	   7.3850098e+01	  -1.4765932e+01	
   8.9800000e+00	   4.8358484e+01	   4.8110649e+01	   8.0969238e+01	  -1.3614836e+01	
   9.0000000e+00	   4.9423960e+01	   4.8101377e+01	   8.4221191e+01	  -1.2413358e+01	
   9.0200000e+00	   4.8769034e+01	   4.8338360e+01	   9.3295898e+01	  -1.1149917e+01	
   9.0400000e+00	   5.0567636e+01	   4.8717895e+01	   1.0030518e+02	  -9.8018237e+00	
   9.0600000e+00	   4.8045683e+01	   4.9082223e+01	   1.0746826e+02	  -8.3820732e+00	
   9.0800000e+00	   4.8417134e+01	   4.9148113e+01	   1.0951172e+02	  -6.9225667e+00	
   9.1000000e+00	   4.6374157e+01	   4.8815213e+01	   1.1869629e+02	  -5.4111784e+00	
   9.1200000e+00	   4.8055458e+01	   4.8270365e+01	   1.2746338e+02	  -3.8065736e+00	
   9.1400000e+00	   4.7938158e+01	   4.7866139e+01	   1.3185791e+02	  -2.1398257e+00	
   9.1600000e+00	   4.9785635e+01	   4.7851241e+01	   1.3645020e+02	  -4.3777817e-01	
   9.1800000e+00	   4.8417134e+01	   4.8150097e+01	   1.4436035e+02	   1.3210797e+00	
   9.2000000e+00	   4.7332108e+01	   4.8364639e+01	   1.4818359e+02	   3.1312366e+00	
   9.2200000e+00	   4.9502160e+01	   4.8394176e+01	   1.5457764e+02	   4.9825853e+00	
   9.2400000e+00	   4.8348709e+01	   4.8481138e+01	   1.5886230e+02	   6.8774924e+00	
   9.2600000e+00	   4.8368259e+01	   4.8560429e+01	   1.6822266e+02	   8.8339357e+00	
   9.2800000e+00	   4.8563759e+01	   4.8553178e+01	   1.7380371e+02	   1.0859242e+01	
   9.3000000e+00	   4.8759259e+01	   4.8553039e+01	   1.7373779e+02	   1.2893692e+01	
   9.3200000e+00	   4.9335984e+01	   4.8634340e+01	  -1.2084961e+01	   1.3742041e+01	
   9.3400000e+00	   4.9453285e+01	   4.8826229e+01	  -1.8000000e+02	   1.2371044e+01	
   9.3600000e+00	   4.8485559e+01	   4.9001443e+01	  -1.8000000e+02	   9.9687007e+00	
   9.3800000e+00	   4.8309608e+01	   4.8987985e+01	  -1.7507813e+02	   7.6270906e+00	
   9.4000000e+00	   4.9375084e+01	   4.8883130e+01	  -1.7121094e+02	   5.3696019e+00	
   9.4200000e+00	   4.8534434e+01	   4.8844007e+01	  -1.6439941e+02	   3.2069831e+00	
   9.4400000e+00	   4.7087732e+01	   4.8703446e+01	  -1.5752197e+02	   1.1568457e+00	
   9.4600000e+00	   4.6755382e+01	   4.8284638e+01	  -1.5268799e+02	  -7.9456297e-01	
   9.4800000e+00	   4.8172758e+01	   4.7817156e+01	  -1.4231689e+02	  -2.6266612e+00	
   9.5000000e+00	   4.8143433e+01	   4.7622540e+01	  -1.3814209e+02	  -4.3450550e+00	
   9.5200000e+00	   4.9023184e+01	   4.7744072e+01	  -1.3359375e+02	  -5.9875218e+00	
   9.5400000e+00	   4.8387809e+01	   4.8037169e+01	  -1.2660645e+02	  -7.5374483e+00	
   9.5600000e+00	   4.7068182e+01	   4.8206613e+01	  -1.2126709e+02	  -8.9910512e+00	
   9.5800000e+00	   4.8553984e+01	   4.8158629e+01	  -1.1421387e+02	  -1.0349122e+01	
   9.6000000e+00	   4.7615583e+01	   4.8081970e+01	  -1.1017090e+02	  -1.1620947e+01	
   9.6200000e+00	   4.8514884e+01	   4.8048447e+01	  -1.0386475e+02	  -1.2812270e+01	
   9.6400000e+00	   4.6647857e+01	   4.7973860e+01	  -9.7031250e+01	  -1.3906671e+01	
   9.6600000e+00	   4.7732883e+01	   4.7784418e+01	  -9.1911621e+01	  -1.4912770e+01	
   9.6800000e+00	   4.8026133e+01	   4.7638901e+01	  -8.5957031e+01	  -1.5837156e+01	
   9.7000000e+00	   4.8006583e+01	   4.7662215e+01	  -8.0463867e+01	  -1.6678519e+01	
   9.7200000e+00	   4.8456234e+01	   4.7796407e+01	  -7.4992676e+01	  -1.7440912e+01	
   9.7400000e+00	   4.7253908e+01	   4.7918402e+01	  -6.8774414e+01	  -1.8120796e+01	
   9.7600000e+00	   4.8162983e+01	   4.7931893e+01	  -6.1940918e+01	  -1.8710693e+01	
   9.7800000e+00	   4.7987033e+01	   4.7926624e+01	  -5.4448242e+01	  -1.9203771e+01	
   9.8000000e+00	   4.7508058e+01	   4.7920308e+01	  -5.0888672e+01	  -1.9621680e+01	
   9.8200000e+00	   4.9531485e+01	   4.7975267e+01	  -4.6230469e+01	  -1.9983058e+01	
   9.8400000e+00	   4.9942035e+01	   4.8309058e+01	  -4.0979004e+01	  -2.0278047e+01	
   9.8600000e+00	   4.8759259e+01	   4.8779980e+01	  -3.2321777e+01	  -2.0482506e+01	
   9.8800000e+00	   4.9883385e+01	   4.9124400e+01	  -2.8630371e+01	  -2.0607307e+01	
   9.9000000e+00	   4.8153208e+01	   4.9278829e+01	  -2.3312988e+01	  -2.0674297e+01	
   9.9200000e+00	   4.8475784e+01	   4.9177330e+01	  -1.2260742e+01	  -2.0638239e+01	
   9.9400000e+00	   4.8172758e+01	   4.8903939e+01	  -8.8989258e+00	  -2.0512629e+01	
   9.9600000e+00	   4.7928383e+01	   4.8597751e+01	  -2.6586914e+00	  -2.0328632e+01	
   9.9800000e+00	   4.8544209e+01	   4.8348772e+01	   3.4497070e+00	  -2.0069827e+01	
   1.0000000e+01	   4.6598982e+01	   4.8125969e+01	   6.9653320e+00	  -1.9754162e+01	
