   0.0000000e+00	   3.2067871e+00	  -1.3533617e-01	  -1.8504344e-02	  -5.0000000e+01	  -8.2067871e+01	  -1.1221036e+01	   3.3421233e-01	
   5.0000000e-01	   2.9980469e+00	   2.3181911e+00	   2.8501480e-01	  -5.0000000e+01	  -7.9980469e+01	  -3.0309225e+01	   6.7985579e-02	
   1.0000000e+00	   2.5937500e+00	   5.4891446e-01	   5.9909109e-01	  -5.0000000e+01	  -7.5937500e+01	  -4.3339408e+01	   2.0448355e-01	
   1.5000000e+00	   2.2597656e+00	   1.7316905e+00	   7.4708940e-01	  -5.0000000e+01	  -7.2597656e+01	  -5.1796947e+01	   5.2807508e-02	
   2.0000000e+00	   2.0686035e+00	   4.1206433e-01	   8.3590511e-01	  -5.0000000e+01	  -7.0686035e+01	  -5.7223683e+01	   1.6565392e-01	
   2.5000000e+00	   1.7368164e+00	   9.6923985e-01	   7.9618459e-01	  -5.0000000e+01	  -6.7368164e+01	  -6.0451415e+01	   7.6757656e-02	
   3.0000000e+00	   1.3457031e+00	   6.8576458e-01	   8.0474863e-01	  -5.0000000e+01	  -6.3457031e+01	  -6.1808088e+01	   6.5993854e-02	
   3.5000000e+00	   1.4533691e+00	   3.1431424e-01	   7.2142362e-01	  -5.0000000e+01	  -6.4533691e+01	  -6.2406214e+01	   1.1390549e-01	
   4.0000000e+00	   1.1457520e+00	   3.1431424e-01	   6.1009652e-01	  -5.0000000e+01	  -6.1457520e+01	  -6.2567388e+01	   8.3143771e-02	
   4.5000000e+00	   1.1347656e+00	   6.3688954e-01	   5.7331796e-01	  -5.0000000e+01	  -6.1347656e+01	  -6.2248864e+01	   4.9787609e-02	
   5.0000000e+00	   1.1308350e+01	  -6.6318666e-01	   4.1294430e-01	   5.0000000e+01	  -6.3083496e+01	  -6.2239761e+01	   1.1971536e+00	
   5.5000000e+00	   9.4033203e+00	   9.1997974e+00	   1.4672216e+00	   5.0000000e+01	  -4.4033203e+01	  -5.9865765e+01	   2.0352288e-02	
   6.0000000e+00	   7.7663574e+00	   3.5693922e+00	   2.8119141e+00	   5.0000000e+01	  -2.7663574e+01	  -5.3298034e+01	   4.1969652e-01	
   6.5000000e+00	   6.1513672e+00	   5.3582189e+00	   3.2636361e+00	   5.0000000e+01	  -1.1513672e+01	  -4.4079943e+01	   7.9314830e-02	
   7.0000000e+00	   5.1076660e+00	   2.9242416e+00	   3.5036208e+00	   5.0000000e+01	  -1.0766602e+00	  -3.3747414e+01	   2.1834244e-01	
   7.5000000e+00	   4.6967773e+00	   3.8333175e+00	   3.4694820e+00	   5.0000000e+01	   3.0322266e+00	  -2.4251549e+01	   8.6345986e-02	
   8.0000000e+00	   4.1166992e+00	   1.3895652e+00	   3.2348444e+00	   5.0000000e+01	   8.8330078e+00	  -1.5997463e+01	   2.7271340e-01	
   8.5000000e+00	   3.2597656e+00	   3.1001918e+00	   2.9641308e+00	   5.0000000e+01	   1.7402344e+01	  -8.0357110e+00	   1.5957382e-02	
   9.0000000e+00	   2.7082520e+00	  -1.0053120e+00	   2.4399974e+00	   5.0000000e+01	   2.2917480e+01	  -3.2540718e-01	   3.7135639e-01	
   9.5000000e+00	   2.2512207e+00	   2.5430163e+00	   1.9830102e+00	   5.0000000e+01	   2.7487793e+01	   6.6554272e+00	  -2.9179559e-02	
   1.0000000e+01	   1.7304688e+00	   4.9026440e-01	   1.8554779e+00	   5.0000000e+01	   3.2695313e+01	   1.3064211e+01	   1.2402043e-01	
