   0.0000000e+00	   1.0000000e+00	   3.0453923e-01	   1.5741211e+02	
   1.0000000e-01	   1.0000000e+00	   2.0249408e+00	   1.5585205e+02	
   2.0000000e-01	   1.0000000e+00	   1.7219155e+00	   1.6152100e+02	
   3.0000000e-01	   1.0000000e+00	   5.7394442e+00	   1.6187256e+02	
   4.0000000e-01	   1.0000000e+00	   6.4139199e+00	   1.6666260e+02	
   5.0000000e-01	   1.0000000e+00	   6.5214450e+00	   1.7514404e+02	
   6.0000000e-01	   1.0000000e+00	   8.5741969e+00	   1.7382568e+02	
   7.0000000e-01	   1.0000000e+00	   8.6132969e+00	   1.7270508e+02	
   8.0000000e-01	   1.0000000e+00	   8.2613966e+00	   1.7789063e+02	
   9.0000000e-01	   1.0000000e+00	   1.0392349e+01	  -1.8000000e+02	
   1.0000000e+00	   1.0000000e+00	   9.1215974e+00	  -1.8000000e+02	
   1.1000000e+00	   1.0000000e+00	   9.7862980e+00	  -1.7861572e+02	
   1.2000000e+00	   1.0000000e+00	   9.8253980e+00	  -1.6795898e+02	
   1.3000000e+00	   1.0000000e+00	   1.0910424e+01	  -1.6433350e+02	
   1.4000000e+00	   1.0000000e+00	   1.2151850e+01	  -1.5690674e+02	
   1.5000000e+00	   1.0000000e+00	   1.0910424e+01	  -1.4941406e+02	
   1.6000000e+00	   1.0000000e+00	   1.0998399e+01	  -1.4051514e+02	
   1.7000000e+00	   1.0000000e+00	   1.0802899e+01	  -1.3664795e+02	
   1.8000000e+00	   1.0000000e+00	   1.0998399e+01	  -1.2770508e+02	
   1.9000000e+00	   1.0000000e+00	   1.0949524e+01	  -1.2229980e+02	
   2.0000000e+00	   1.0000000e+00	   1.1193899e+01	  -1.1586182e+02	
   2.1000000e+00	   1.0000000e+00	   1.1819500e+01	  -1.1023682e+02	
   2.2000000e+00	   1.0000000e+00	   1.1389399e+01	  -1.0250244e+02	
   2.3000000e+00	   1.0000000e+00	   1.1076599e+01	  -9.6723633e+01	
   2.4000000e+00	   1.0000000e+00	   9.3366476e+00	  -8.9626465e+01	
   2.5000000e+00	   1.0000000e+00	   1.0187073e+01	  -8.4265137e+01	
   2.6000000e+00	   1.0000000e+00	   1.2679701e+01	  -7.7102051e+01	
   2.7000000e+00	   1.0000000e+00	   1.1164574e+01	  -6.9763184e+01	
   2.8000000e+00	   1.0000000e+00	   1.0881099e+01	  -6.4863281e+01	
   2.9000000e+00	   1.0000000e+00	   1.1272099e+01	  -5.6557617e+01	
   3.0000000e+00	   1.0000000e+00	   1.1330749e+01	  -5.0427246e+01	
   3.1000000e+00	   1.0000000e+00	   1.1770625e+01	  -4.2407227e+01	
   3.2000000e+00	   1.0000000e+00	   1.0333698e+01	  -3.7067871e+01	
   3.3000000e+00	   1.0000000e+00	   1.0509649e+01	  -2.9333496e+01	
   3.4000000e+00	   1.0000000e+00	   9.9817982e+00	  -2.3159180e+01	
   3.5000000e+00	   1.0000000e+00	   1.0587849e+01	  -1.4436035e+01	
   3.6000000e+00	   1.0000000e+00	   9.9035981e+00	  -9.8217773e+00	
   3.7000000e+00	   1.0000000e+00	   1.0695374e+01	  -3.9550781e+00	
   3.8000000e+00	   1.0000000e+00	   1.0382574e+01	  -6.8115234e-01	
   3.9000000e+00	   1.0000000e+00	   9.9720231e+00	   8.5253906e+00	
   4.0000000e+00	   1.0000000e+00	   1.0734474e+01	   1.7907715e+01	
   4.1000000e+00	   1.0000000e+00	   1.1575125e+01	   2.1818848e+01	
   4.2000000e+00	   1.0000000e+00	   1.1154799e+01	   2.9619141e+01	
   4.3000000e+00	   1.0000000e+00	   1.0030673e+01	   3.8913574e+01	
   4.4000000e+00	   1.0000000e+00	   1.1448050e+01	   4.4582520e+01	
   4.5000000e+00	   1.0000000e+00	   1.2073650e+01	   4.9284668e+01	
   4.6000000e+00	   1.0000000e+00	   1.0372799e+01	   5.9392090e+01	
   4.7000000e+00	   1.0000000e+00	   1.1320974e+01	   6.5302734e+01	
   4.8000000e+00	   1.0000000e+00	   1.1477375e+01	   6.9104004e+01	
   4.9000000e+00	   1.0000000e+00	   1.2024775e+01	   7.9453125e+01	
   5.0000000e+00	   1.0000000e+00	   1.1174349e+01	   9.0549316e+01	
