   0.0000000e+00	  -3.9926142e-01	  -1.2503926e-03	   9.5844727e+01	   3.0016309e-01	
   1.0000000e-02	  -9.3688691e-01	  -5.4270623e-03	   9.6284180e+01	   8.9998544e-01	
   2.0000000e-02	  -2.3308626e-01	  -9.0571499e-03	   9.7229004e+01	   1.5003860e+00	
   3.0000000e-02	  -2.0903380e+00	  -1.6276837e-02	   9.4394531e+01	   2.0911080e+00	
   4.0000000e-02	  -2.5693134e+00	  -3.0767816e-02	   9.7250977e+01	   2.6781989e+00	
   5.0000000e-02	  -4.3288150e+00	  -5.2178413e-02	   9.4877930e+01	   3.2631263e+00	
   6.0000000e-02	  -3.7032145e+00	  -7.7006015e-02	   9.4614258e+01	   3.8361325e+00	
   7.0000000e-02	  -3.5370393e+00	  -9.9198453e-02	   9.2351074e+01	   4.3976361e+00	
   8.0000000e-02	  -5.1987908e+00	  -1.2593568e-01	   9.3427734e+01	   4.9519068e+00	
   9.0000000e-02	  -5.2965409e+00	  -1.5801578e-01	   9.3427734e+01	   5.5060777e+00	
   1.0000000e-01	  -7.9162433e+00	  -1.9840537e-01	   9.2438965e+01	   6.0536809e+00	
   1.1000000e-01	  -8.5320689e+00	  -2.4867489e-01	   9.1801758e+01	   6.5927620e+00	
   1.2000000e-01	  -9.4509198e+00	  -3.0343579e-01	   9.5097656e+01	   7.1367929e+00	
   1.3000000e-01	  -8.4636438e+00	  -3.5763940e-01	   9.4174805e+01	   7.6848482e+00	
   1.4000000e-01	  -1.1308171e+01	  -4.1731998e-01	   9.4086914e+01	   8.2263052e+00	
   1.5000000e-01	  -1.1992422e+01	  -4.8767805e-01	   8.9912109e+01	   8.7510211e+00	
   1.6000000e-01	  -1.1132221e+01	  -5.5704440e-01	   8.6418457e+01	   9.2484346e+00	
   1.7000000e-01	  -1.1914222e+01	  -6.2573136e-01	   8.4924316e+01	   9.7271119e+00	
   1.8000000e-01	  -1.3458673e+01	  -7.0127400e-01	   8.3320313e+01	   1.0193088e+01	
   1.9000000e-01	  -1.5403900e+01	  -7.8727233e-01	   8.7253418e+01	   1.0663440e+01	
   2.0000000e-01	  -1.4661000e+01	  -8.7649740e-01	   8.6308594e+01	   1.1140205e+01	
   2.1000000e-01	  -1.6371626e+01	  -9.6819430e-01	   8.4484863e+01	   1.1605313e+01	
   2.2000000e-01	  -1.7661927e+01	  -1.0687151e+00	   8.3869629e+01	   1.2059869e+01	
   2.3000000e-01	  -1.6009951e+01	  -1.1674735e+00	   8.1540527e+01	   1.2502357e+01	
   2.4000000e-01	  -1.7446877e+01	  -1.2649399e+00	   7.8222656e+01	   1.2924389e+01	
   2.5000000e-01	  -1.9069529e+01	  -1.3713777e+00	   8.0222168e+01	   1.3339649e+01	
   2.6000000e-01	  -1.9255254e+01	  -1.4828122e+00	   7.7585449e+01	   1.3750312e+01	
   2.7000000e-01	  -2.0868130e+01	  -1.5991816e+00	   7.6552734e+01	   1.4146911e+01	
   2.8000000e-01	  -2.0809480e+01	  -1.7196895e+00	   7.5695801e+01	   1.4535108e+01	
   2.9000000e-01	  -2.1943381e+01	  -1.8428100e+00	   7.4047852e+01	   1.4913028e+01	
   3.0000000e-01	  -2.2705832e+01	  -1.9710984e+00	   7.6025391e+01	   1.5289614e+01	
   3.1000000e-01	  -2.2158431e+01	  -2.0992566e+00	   6.6511230e+01	   1.5640238e+01	
   3.2000000e-01	  -2.3155482e+01	  -2.2280204e+00	   6.8906250e+01	   1.5966371e+01	
   3.3000000e-01	  -2.3390083e+01	  -2.3598348e+00	   6.6423340e+01	   1.6290185e+01	
   3.4000000e-01	  -2.4543534e+01	  -2.4951707e+00	   6.6862793e+01	   1.6605572e+01	
   3.5000000e-01	  -2.5902260e+01	  -2.6375265e+00	   6.5412598e+01	   1.6915818e+01	
   3.6000000e-01	  -2.6303035e+01	  -2.7845009e+00	   6.4489746e+01	   1.7216689e+01	
   3.7000000e-01	  -2.6303035e+01	  -2.9318099e+00	   6.0292969e+01	   1.7499642e+01	
   3.8000000e-01	  -2.6459435e+01	  -3.0786861e+00	   5.6953125e+01	   1.7757219e+01	
   3.9000000e-01	  -2.7329411e+01	  -3.2278566e+00	   5.5876465e+01	   1.7999352e+01	
   4.0000000e-01	  -2.8316687e+01	  -3.3819093e+00	   5.8293457e+01	   1.8244166e+01	
   4.1000000e-01	  -2.8580612e+01	  -3.5389156e+00	   5.7150879e+01	   1.8491438e+01	
   4.2000000e-01	  -2.8199387e+01	  -3.6945710e+00	   4.9592285e+01	   1.8709910e+01	
   4.3000000e-01	  -2.8952063e+01	  -3.8504149e+00	   5.3503418e+01	   1.8915592e+01	
   4.4000000e-01	  -3.0144614e+01	  -4.0113745e+00	   5.2888184e+01	   1.9130307e+01	
   4.5000000e-01	  -3.0359664e+01	  -4.1757343e+00	   4.9812012e+01	   1.9332116e+01	
   4.6000000e-01	  -3.0525839e+01	  -4.3402585e+00	   4.1044922e+01	   1.9495572e+01	
   4.7000000e-01	  -3.1131890e+01	  -4.5061706e+00	   4.1440430e+01	   1.9631785e+01	
   4.8000000e-01	  -3.1718390e+01	  -4.6747784e+00	   4.4055176e+01	   1.9776573e+01	
   4.9000000e-01	  -3.2011641e+01	  -4.8450852e+00	   4.1330566e+01	   1.9920110e+01	
   5.0000000e-01	  -3.2011641e+01	  -5.0152437e+00	   3.8759766e+01	   2.0046164e+01	
   5.1000000e-01	  -3.3213967e+01	  -5.1881018e+00	   3.6276855e+01	   2.0155601e+01	
   5.2000000e-01	  -3.3595192e+01	  -5.3648365e+00	   3.5266113e+01	   2.0253412e+01	
   5.3000000e-01	  -3.4035067e+01	  -5.5430357e+00	   2.8959961e+01	   2.0327695e+01	
   5.4000000e-01	  -3.3331267e+01	  -5.7192922e+00	   3.1201172e+01	   2.0388782e+01	
   5.5000000e-01	  -3.4416293e+01	  -5.8956387e+00	   2.5114746e+01	   2.0437445e+01	
   5.6000000e-01	  -3.5520869e+01	  -6.0777379e+00	   2.7355957e+01	   2.0473760e+01	
   5.7000000e-01	  -3.5618619e+01	  -6.2624619e+00	   2.0324707e+01	   2.0494846e+01	
   5.8000000e-01	  -3.6351745e+01	  -6.4486310e+00	   2.0126953e+01	   2.0493161e+01	
   5.9000000e-01	  -3.5853219e+01	  -6.6343687e+00	   1.5666504e+01	   2.0476899e+01	
   6.0000000e-01	  -3.6478820e+01	  -6.8193411e+00	   1.6325684e+01	   2.0448833e+01	
   6.1000000e-01	  -3.6928470e+01	  -7.0065223e+00	   1.0766602e+01	   2.0405598e+01	
   6.2000000e-01	  -3.7593171e+01	  -7.1960209e+00	   1.2414551e+01	   2.0350385e+01	
   6.3000000e-01	  -3.7612721e+01	  -7.3864756e+00	   6.3500977e+00	   2.0281686e+01	
   6.4000000e-01	  -3.6996895e+01	  -7.5738699e+00	   6.2402344e+00	   2.0194081e+01	
   6.5000000e-01	  -3.7661596e+01	  -7.7602435e+00	   7.6245117e+00	   2.0111016e+01	
   6.6000000e-01	  -3.8873697e+01	  -7.9513275e+00	   2.9003906e+00	   2.0018011e+01	
   6.7000000e-01	  -3.8834597e+01	  -8.1448882e+00	   5.2734375e-01	   1.9903363e+01	
   6.8000000e-01	  -3.8424046e+01	  -8.3358283e+00	  -3.9331055e+00	   1.9768032e+01	
   6.9000000e-01	  -3.9078972e+01	  -8.5263378e+00	  -5.8007813e+00	   1.9613730e+01	
   7.0000000e-01	  -3.9557948e+01	  -8.7192051e+00	  -7.5805664e+00	   1.9448971e+01	
   7.1000000e-01	  -3.9988048e+01	  -8.9137114e+00	  -1.1997070e+01	   1.9265840e+01	
   7.2000000e-01	  -4.0838474e+01	  -9.1110098e+00	  -1.0634766e+01	   1.9074290e+01	
   7.3000000e-01	  -4.0398598e+01	  -9.3083581e+00	  -1.6040039e+01	   1.8871278e+01	
   7.4000000e-01	  -4.0672299e+01	  -9.5039498e+00	  -1.7336426e+01	   1.8648550e+01	
   7.5000000e-01	  -4.0838474e+01	  -9.6996941e+00	  -2.0522461e+01	   1.8413180e+01	
   7.6000000e-01	  -4.1190374e+01	  -9.8958348e+00	  -2.2917480e+01	   1.8161804e+01	
   7.7000000e-01	  -4.0750499e+01	  -1.0090471e+01	  -2.8476563e+01	   1.7887093e+01	
   7.8000000e-01	  -4.1649799e+01	  -1.0285328e+01	  -2.7861328e+01	   1.7598620e+01	
   7.9000000e-01	  -4.2343825e+01	  -1.0483954e+01	  -3.1069336e+01	   1.7303834e+01	
   8.0000000e-01	  -4.2734825e+01	  -1.0684733e+01	  -3.2849121e+01	   1.6995273e+01	
   8.1000000e-01	  -4.2412250e+01	  -1.0884470e+01	  -3.7770996e+01	   1.6667657e+01	
   8.2000000e-01	  -4.2461125e+01	  -1.1082098e+01	  -3.9309082e+01	   1.6321862e+01	
   8.3000000e-01	  -4.3477726e+01	  -1.1281825e+01	  -4.0341797e+01	   1.5970182e+01	
   8.4000000e-01	  -4.2578425e+01	  -1.1480669e+01	  -4.3637695e+01	   1.5607148e+01	
   8.5000000e-01	  -4.3458176e+01	  -1.1678206e+01	  -4.4846191e+01	   1.5232282e+01	
   8.6000000e-01	  -4.2666400e+01	  -1.1874781e+01	  -5.0207520e+01	   1.4839188e+01	
   8.7000000e-01	  -4.3233351e+01	  -1.2069420e+01	  -5.1020508e+01	   1.4429220e+01	
   8.8000000e-01	  -4.3458176e+01	  -1.2265321e+01	  -5.3415527e+01	   1.4011773e+01	
   8.9000000e-01	  -4.3780751e+01	  -1.2461708e+01	  -5.7788086e+01	   1.3575747e+01	
   9.0000000e-01	  -4.3839401e+01	  -1.2658060e+01	  -5.8776855e+01	   1.3125661e+01	
   9.1000000e-01	  -4.4396577e+01	  -1.2855110e+01	  -6.1127930e+01	   1.2667934e+01	
   9.2000000e-01	  -4.4601852e+01	  -1.3053314e+01	  -6.4643555e+01	   1.2194702e+01	
   9.3000000e-01	  -4.5022178e+01	  -1.3252235e+01	  -6.6467285e+01	   1.1707712e+01	
   9.4000000e-01	  -4.5041728e+01	  -1.3451288e+01	  -7.0180664e+01	   1.1206431e+01	
   9.5000000e-01	  -4.5002628e+01	  -1.3649033e+01	  -7.1718750e+01	   1.0691843e+01	
   9.6000000e-01	  -4.4983078e+01	  -1.3845356e+01	  -7.3784180e+01	   1.0169194e+01	
   9.7000000e-01	  -4.5207903e+01	  -1.4041092e+01	  -7.7497559e+01	   9.6317201e+00	
   9.8000000e-01	  -4.5491378e+01	  -1.4237194e+01	  -8.0024414e+01	   9.0780699e+00	
   9.9000000e-01	  -4.5403403e+01	  -1.4432680e+01	  -8.3452148e+01	   8.5092391e+00	
   1.0000000e+00	  -4.5941028e+01	  -1.4628350e+01	  -8.6440430e+01	   7.9238778e+00	
   1.0100000e+00	  -4.5432728e+01	  -1.4822886e+01	  -8.8681641e+01	   7.3258053e+00	
   1.0200000e+00	  -4.6273379e+01	  -1.5017244e+01	  -9.1933594e+01	   6.7142756e+00	
   1.0300000e+00	  -4.5247003e+01	  -1.5209804e+01	  -9.4548340e+01	   6.0882031e+00	
   1.0400000e+00	  -4.5667328e+01	  -1.5399259e+01	  -9.6657715e+01	   5.4512571e+00	
   1.0500000e+00	  -4.5813953e+01	  -1.5589303e+01	  -9.9514160e+01	   4.8027490e+00	
   1.0600000e+00	  -4.5774853e+01	  -1.5778493e+01	  -1.0217285e+02	   4.1410307e+00	
   1.0700000e+00	  -4.5853053e+01	  -1.5966621e+01	  -1.0557861e+02	   3.4644646e+00	
   1.0800000e+00	  -4.6214729e+01	  -1.6154949e+01	  -1.0907227e+02	   2.7705289e+00	
   1.0900000e+00	  -4.6566629e+01	  -1.6344331e+01	  -1.1019287e+02	   2.0664889e+00	
   1.1000000e+00	  -4.6723029e+01	  -1.6534119e+01	  -1.1377441e+02	   1.3521326e+00	
   1.1100000e+00	  -4.6654604e+01	  -1.6722994e+01	  -1.1781738e+02	   6.1837260e-01	
   1.1200000e+00	  -4.6781679e+01	  -1.6910869e+01	  -1.1946533e+02	  -1.2861411e-01	
   1.1300000e+00	  -4.6771904e+01	  -1.7097935e+01	  -1.2484863e+02	  -8.9294227e-01	
   1.1400000e+00	  -4.7114029e+01	  -1.7284871e+01	  -1.2687012e+02	  -1.6756731e+00	
   1.1500000e+00	  -4.7241105e+01	  -1.7472104e+01	  -1.2871582e+02	  -2.4656123e+00	
   1.1600000e+00	  -4.7593005e+01	  -1.7659665e+01	  -1.3126465e+02	  -3.2643664e+00	
   1.1700000e+00	  -4.7426830e+01	  -1.7846633e+01	  -1.3394531e+02	  -4.0744951e+00	
   1.1800000e+00	  -4.7602780e+01	  -1.8032461e+01	  -1.3794434e+02	  -4.9004686e+00	
   1.1900000e+00	  -4.7632105e+01	  -1.8217767e+01	  -1.3985596e+02	  -5.7397794e+00	
   1.2000000e+00	  -4.7700530e+01	  -1.8402219e+01	  -1.4326172e+02	  -6.5904860e+00	
   1.2100000e+00	  -4.7319305e+01	  -1.8584536e+01	  -1.4763428e+02	  -7.4602239e+00	
   1.2200000e+00	  -4.7270430e+01	  -1.8764364e+01	  -1.4969971e+02	  -8.3446765e+00	
   1.2300000e+00	  -4.7690755e+01	  -1.8944229e+01	  -1.5389648e+02	  -9.2432011e+00	
   1.2400000e+00	  -4.7759180e+01	  -1.9124498e+01	  -1.5369873e+02	  -1.0148622e+01	
   1.2500000e+00	  -4.8345681e+01	  -1.9305689e+01	  -1.5719238e+02	  -1.1058693e+01	
   1.2600000e+00	  -4.8590056e+01	  -1.9488347e+01	  -1.6158691e+02	  -1.1987768e+01	
   1.2700000e+00	  -4.7856930e+01	  -1.9668330e+01	  -1.6417969e+02	  -1.2932907e+01	
   1.2800000e+00	  -4.7993780e+01	  -1.9845319e+01	  -1.6771729e+02	  -1.3891324e+01	
   1.2900000e+00	  -4.7729855e+01	  -2.0020801e+01	  -1.6885986e+02	  -1.4858396e+01	
   1.3000000e+00	  -4.7778730e+01	  -2.0194510e+01	  -1.7459473e+02	  -1.5840949e+01	
   1.3100000e+00	  -4.8032880e+01	  -2.0368081e+01	  -1.7762695e+02	  -1.6844804e+01	
   1.3200000e+00	  -4.8120855e+01	  -2.0541636e+01	  -1.7881348e+02	  -1.7855583e+01	
   1.3300000e+00	  -4.7925355e+01	  -2.0713767e+01	  -1.8000000e+02	  -1.8867463e+01	
   1.3400000e+00	  -4.8023105e+01	  -2.0884513e+01	  -1.8000000e+02	  -1.9876722e+01	
   1.3500000e+00	  -4.7856930e+01	  -2.1053976e+01	  -1.8000000e+02	  -2.0879658e+01	
   1.3600000e+00	  -4.8218605e+01	  -2.1222990e+01	  -1.4743652e+01	  -2.1358769e+01	
   1.3700000e+00	  -4.8355456e+01	  -2.1392506e+01	  -1.3645020e+01	  -2.1313895e+01	
   1.3800000e+00	  -4.7847155e+01	  -2.1559798e+01	   1.7553955e+02	  -2.0673379e+01	
   1.3900000e+00	  -4.8140405e+01	  -2.1725368e+01	   1.7397949e+02	  -1.9449279e+01	
   1.4000000e+00	  -4.8316356e+01	  -2.1891370e+01	   1.7982422e+02	  -1.8219428e+01	
   1.4100000e+00	  -4.8247931e+01	  -2.2056670e+01	   1.7628662e+02	  -1.6990055e+01	
   1.4200000e+00	  -4.8580281e+01	  -2.2221760e+01	   1.7088135e+02	  -1.5796389e+01	
   1.4300000e+00	  -4.8462981e+01	  -2.2386490e+01	   1.6771729e+02	  -1.4637037e+01	
   1.4400000e+00	  -4.8482531e+01	  -2.2549882e+01	   1.6316895e+02	  -1.3509100e+01	
   1.4500000e+00	  -4.8355456e+01	  -2.2711914e+01	   1.6037842e+02	  -1.2411211e+01	
   1.4600000e+00	  -4.8404331e+01	  -2.2872686e+01	   1.5484131e+02	  -1.1346280e+01	
   1.4700000e+00	  -4.8678031e+01	  -2.3033461e+01	   1.5211670e+02	  -1.0313892e+01	
   1.4800000e+00	  -4.8785556e+01	  -2.3194424e+01	   1.5361084e+02	  -9.2918238e+00	
   1.4900000e+00	  -4.8316356e+01	  -2.3353245e+01	   1.4868896e+02	  -8.2868925e+00	
   1.5000000e+00	  -4.8433656e+01	  -2.3509970e+01	   1.4475586e+02	  -7.3159873e+00	
   1.5100000e+00	  -4.8384781e+01	  -2.3665927e+01	   1.4236084e+02	  -6.3709816e+00	
   1.5200000e+00	  -4.8707356e+01	  -2.3821764e+01	   1.3695557e+02	  -5.4563236e+00	
   1.5300000e+00	  -4.8502081e+01	  -2.3976993e+01	   1.3128662e+02	  -4.5820765e+00	
   1.5400000e+00	  -4.8912631e+01	  -2.4131892e+01	   1.3104492e+02	  -3.7318160e+00	
   1.5500000e+00	  -4.8433656e+01	  -2.4285607e+01	   1.2687012e+02	  -2.9007125e+00	
   1.5600000e+00	  -4.9508907e+01	  -2.4440227e+01	   1.2805664e+02	  -2.0841733e+00	
   1.5700000e+00	  -4.8648706e+01	  -2.4594551e+01	   1.1979492e+02	  -1.2949064e+00	
   1.5800000e+00	  -4.9342732e+01	  -2.4747388e+01	   1.1414795e+02	  -5.5414181e-01	
   1.5900000e+00	  -4.9137456e+01	  -2.4900799e+01	   1.1515869e+02	   1.6746341e-01	
   1.6000000e+00	  -4.9147231e+01	  -2.5052637e+01	   1.1217041e+02	   8.7835564e-01	
   1.6100000e+00	  -4.9029931e+01	  -2.5203187e+01	   1.0933594e+02	   1.5665597e+00	
   1.6200000e+00	  -4.8971281e+01	  -2.5352242e+01	   1.0625977e+02	   2.2319424e+00	
   1.6300000e+00	  -4.8814881e+01	  -2.5499691e+01	   1.0217285e+02	   2.8707244e+00	
   1.6400000e+00	  -4.8687806e+01	  -2.5645328e+01	   9.8217773e+01	   3.4803197e+00	
   1.6500000e+00	  -4.8941956e+01	  -2.5790452e+01	   1.0030518e+02	   4.0802477e+00	
   1.6600000e+00	  -4.8805106e+01	  -2.5935033e+01	   9.2087402e+01	   4.6572192e+00	
   1.6700000e+00	  -4.8922406e+01	  -2.6078648e+01	   9.0285645e+01	   5.1991979e+00	
   1.6800000e+00	  -4.9401382e+01	  -2.6223230e+01	   9.2944336e+01	   5.7404657e+00	
   1.6900000e+00	  -4.8462981e+01	  -2.6365469e+01	   8.1342773e+01	   6.2503363e+00	
   1.7000000e+00	  -4.9342732e+01	  -2.6506632e+01	   8.4023438e+01	   6.7290751e+00	
   1.7100000e+00	  -4.9293856e+01	  -2.6649514e+01	   8.1364746e+01	   7.2048841e+00	
   1.7200000e+00	  -4.8570506e+01	  -2.6789082e+01	   7.5300293e+01	   7.6503941e+00	
   1.7300000e+00	  -4.9020156e+01	  -2.6926919e+01	   7.2795410e+01	   8.0662765e+00	
   1.7400000e+00	  -4.9469807e+01	  -2.7066708e+01	   7.0466309e+01	   8.4644150e+00	
   1.7500000e+00	  -4.9078806e+01	  -2.7205806e+01	   6.2446289e+01	   8.8276488e+00	
   1.7600000e+00	  -4.9000606e+01	  -2.7342564e+01	   6.7038574e+01	   9.1778727e+00	
   1.7700000e+00	  -4.9469807e+01	  -2.7479689e+01	   6.4028320e+01	   9.5308574e+00	
   1.7800000e+00	  -4.9821707e+01	  -2.7618527e+01	   6.0358887e+01	   9.8607120e+00	
   1.7900000e+00	  -4.9538232e+01	  -2.7756709e+01	   5.1723633e+01	   1.0149965e+01	
   1.8000000e+00	  -4.9284081e+01	  -2.7892342e+01	   5.0581055e+01	   1.0406785e+01	
   1.8100000e+00	  -4.9675082e+01	  -2.8027555e+01	   4.5747070e+01	   1.0643279e+01	
   1.8200000e+00	  -4.8580281e+01	  -2.8159716e+01	   4.5571289e+01	   1.0862602e+01	
   1.8300000e+00	  -4.9029931e+01	  -2.8289029e+01	   4.5000000e+01	   1.1078211e+01	
   1.8400000e+00	  -4.9411157e+01	  -2.8420134e+01	   4.2692871e+01	   1.1283456e+01	
   1.8500000e+00	  -4.8805106e+01	  -2.8549714e+01	   3.6716309e+01	   1.1461473e+01	
   1.8600000e+00	  -4.8414106e+01	  -2.8675359e+01	   3.2080078e+01	   1.1605137e+01	
   1.8700000e+00	  -4.8873531e+01	  -2.8800433e+01	   2.6828613e+01	   1.1716936e+01	
   1.8800000e+00	  -4.9108131e+01	  -2.8926896e+01	   2.7026367e+01	   1.1812208e+01	
   1.8900000e+00	  -4.8502081e+01	  -2.9051403e+01	   2.3752441e+01	   1.1897249e+01	
   1.9000000e+00	  -4.8678031e+01	  -2.9173784e+01	   2.1862793e+01	   1.1965587e+01	
   1.9100000e+00	  -4.8971281e+01	  -2.9296868e+01	   1.9863281e+01	   1.2021316e+01	
   1.9200000e+00	  -4.9303631e+01	  -2.9421140e+01	   1.3776855e+01	   1.2051373e+01	
   1.9300000e+00	  -4.8521631e+01	  -2.9543226e+01	   9.1186523e+00	   1.2047593e+01	
   1.9400000e+00	  -4.9401382e+01	  -2.9664853e+01	   1.1096191e+01	   1.2035440e+01	
   1.9500000e+00	  -4.9381832e+01	  -2.9788412e+01	   8.3935547e+00	   1.2021093e+01	
   1.9600000e+00	  -4.8629156e+01	  -2.9908778e+01	   3.9770508e+00	   1.1984541e+01	
   1.9700000e+00	  -4.8805106e+01	  -3.0026585e+01	  -1.9775391e-01	   1.1921311e+01	
   1.9800000e+00	  -4.8247931e+01	  -3.0142460e+01	  -4.5483398e+00	   1.1831778e+01	
   1.9900000e+00	  -4.9538232e+01	  -3.0259905e+01	  -5.5810547e+00	   1.1725946e+01	
   2.0000000e+00	  -4.8159955e+01	  -3.0376339e+01	  -7.1630859e+00	   1.1612589e+01	
   2.0100000e+00	  -4.8873531e+01	  -3.0489962e+01	  -1.0854492e+01	   1.1483426e+01	
   2.0200000e+00	  -4.8541181e+01	  -3.0604067e+01	  -1.6215820e+01	   1.1326722e+01	
   2.0300000e+00	  -4.9342732e+01	  -3.0718927e+01	  -1.7709961e+01	   1.1149529e+01	
   2.0400000e+00	  -4.9372057e+01	  -3.0835669e+01	  -2.0522461e+01	   1.0959958e+01	
   2.0500000e+00	  -4.9381832e+01	  -3.0951803e+01	  -2.5532227e+01	   1.0747078e+01	
   2.0600000e+00	  -4.9675082e+01	  -3.1068159e+01	  -2.6630859e+01	   1.0516401e+01	
   2.0700000e+00	  -4.8863756e+01	  -3.1182163e+01	  -3.0322266e+01	   1.0272167e+01	
   2.0800000e+00	  -4.9655532e+01	  -3.1295392e+01	  -3.1003418e+01	   1.0015770e+01	
   2.0900000e+00	  -4.9851032e+01	  -3.1411003e+01	  -3.6210938e+01	   9.7425362e+00	
   2.1000000e+00	  -5.0134507e+01	  -3.1527391e+01	  -4.0803223e+01	   9.4403234e+00	
   2.1100000e+00	  -5.0242032e+01	  -3.1644274e+01	  -4.2077637e+01	   9.1216303e+00	
   2.1200000e+00	  -4.9401382e+01	  -3.1758128e+01	  -4.5043945e+01	   8.7916525e+00	
   2.1300000e+00	  -4.9538232e+01	  -3.1869066e+01	  -4.8845215e+01	   8.4425470e+00	
   2.1400000e+00	  -4.9694632e+01	  -3.1980227e+01	  -4.7922363e+01	   8.0866136e+00	
   2.1500000e+00	  -4.9420932e+01	  -3.2090325e+01	  -5.5129395e+01	   7.7132291e+00	
   2.1600000e+00	  -4.9548007e+01	  -3.2199273e+01	  -5.5766602e+01	   7.3176170e+00	
   2.1700000e+00	  -4.8785556e+01	  -3.2305550e+01	  -5.8864746e+01	   6.9127845e+00	
   2.1800000e+00	  -5.0056307e+01	  -3.2412752e+01	  -6.2292480e+01	   6.4900502e+00	
   2.1900000e+00	  -4.9909682e+01	  -3.2522804e+01	  -6.5214844e+01	   6.0500767e+00	
   2.2000000e+00	  -4.9997657e+01	  -3.2631983e+01	  -6.9060059e+01	   5.5916646e+00	
   2.2100000e+00	  -4.9723957e+01	  -3.2739896e+01	  -7.1257324e+01	   5.1172000e+00	
   2.2200000e+00	  -4.9929232e+01	  -3.2846919e+01	  -7.5476074e+01	   4.6256139e+00	
   2.2300000e+00	  -4.9841257e+01	  -3.2953639e+01	  -7.7563477e+01	   4.1173575e+00	
   2.2400000e+00	  -4.9880357e+01	  -3.3059538e+01	  -7.9760742e+01	   3.5988659e+00	
   2.2500000e+00	  -4.9899907e+01	  -3.3164957e+01	  -8.4550781e+01	   3.0617394e+00	
   2.2600000e+00	  -5.0095407e+01	  -3.3270389e+01	  -8.6901855e+01	   2.5056128e+00	
   2.2700000e+00	  -4.9665307e+01	  -3.3374426e+01	  -9.0856934e+01	   1.9332202e+00	
   2.2800000e+00	  -4.9499132e+01	  -3.3475944e+01	  -9.1735840e+01	   1.3492739e+00	
   2.2900000e+00	  -4.9919457e+01	  -3.3577622e+01	  -9.3779297e+01	   7.5983305e-01	
   2.3000000e+00	  -4.9538232e+01	  -3.3678785e+01	  -9.6701660e+01	   1.5853237e-01	
   2.3100000e+00	  -4.9225431e+01	  -3.3777142e+01	  -1.0017334e+02	  -4.5902669e-01	
   2.3200000e+00	  -4.9372057e+01	  -3.3874362e+01	  -1.0555664e+02	  -1.1004494e+00	
   2.3300000e+00	  -4.9469807e+01	  -3.3971738e+01	  -1.0676514e+02	  -1.7584984e+00	
   2.3400000e+00	  -4.9772832e+01	  -3.4069760e+01	  -1.0920410e+02	  -2.4238487e+00	
   2.3500000e+00	  -4.9772832e+01	  -3.4168117e+01	  -1.1252197e+02	  -3.1030607e+00	
   2.3600000e+00	  -5.0154057e+01	  -3.4267051e+01	  -1.1421387e+02	  -3.7937078e+00	
   2.3700000e+00	  -4.9968332e+01	  -3.4365978e+01	  -1.1874023e+02	  -4.4995031e+00	
   2.3800000e+00	  -4.9890132e+01	  -3.4463459e+01	  -1.2155273e+02	  -5.2238612e+00	
   2.3900000e+00	  -5.0017207e+01	  -3.4560482e+01	  -1.2654053e+02	  -5.9681110e+00	
   2.4000000e+00	  -5.0144282e+01	  -3.4657694e+01	  -1.3056152e+02	  -6.7359126e+00	
   2.4100000e+00	  -4.9675082e+01	  -3.4753225e+01	  -1.3192383e+02	  -7.5157643e+00	
   2.4200000e+00	  -4.9420932e+01	  -3.4845893e+01	  -1.3572510e+02	  -8.3069024e+00	
   2.4300000e+00	  -5.0163832e+01	  -3.4939510e+01	  -1.3796631e+02	  -9.1120088e+00	
   2.4400000e+00	  -4.8990831e+01	  -3.5031195e+01	  -1.4192139e+02	  -9.9314778e+00	
   2.4500000e+00	  -4.9577332e+01	  -3.5120468e+01	  -1.4477783e+02	  -1.0767146e+01	
   2.4600000e+00	  -4.9225431e+01	  -3.5209917e+01	  -1.4728271e+02	  -1.1614370e+01	
   2.4700000e+00	  -4.9616432e+01	  -3.5298928e+01	  -1.4813965e+02	  -1.2466817e+01	
   2.4800000e+00	  -4.9440482e+01	  -3.5388055e+01	  -1.5308350e+02	  -1.3332090e+01	
   2.4900000e+00	  -4.9616432e+01	  -3.5476624e+01	  -1.5750000e+02	  -1.4221259e+01	
   2.5000000e+00	  -4.9851032e+01	  -3.5565924e+01	  -1.6079590e+02	  -1.5129011e+01	
   2.5100000e+00	  -5.0026982e+01	  -3.5655950e+01	  -1.6079590e+02	  -1.6041400e+01	
   2.5200000e+00	  -4.9655532e+01	  -3.5744800e+01	  -1.6554199e+02	  -1.6962937e+01	
   2.5300000e+00	  -4.9890132e+01	  -3.5832665e+01	  -1.7180420e+02	  -1.7913178e+01	
   2.5400000e+00	  -4.9499132e+01	  -3.5919490e+01	  -1.7299072e+02	  -1.8880795e+01	
   2.5500000e+00	  -4.9743507e+01	  -3.6005312e+01	  -1.7740723e+02	  -1.9859898e+01	
   2.5600000e+00	  -4.9548007e+01	  -3.6090749e+01	  -1.8000000e+02	  -2.0854821e+01	
   2.5700000e+00	  -4.9528457e+01	  -3.6174978e+01	  -1.7925293e+02	  -2.1849291e+01	
   2.5800000e+00	  -4.9411157e+01	  -3.6258250e+01	  -1.8000000e+02	  -2.2837533e+01	
   2.5900000e+00	  -4.9411157e+01	  -3.6340634e+01	  -1.8000000e+02	  -2.3821925e+01	
   2.6000000e+00	  -4.9381832e+01	  -3.6422410e+01	  -1.8000000e+02	  -2.4800150e+01	
   2.6100000e+00	  -4.9499132e+01	  -3.6503949e+01	  -1.3183594e+01	  -2.5249819e+01	
   2.6200000e+00	  -4.8941956e+01	  -3.6583600e+01	   1.7481445e+02	  -2.4585477e+01	
   2.6300000e+00	  -4.9723957e+01	  -3.6663455e+01	   1.7641846e+02	  -2.3331506e+01	
   2.6400000e+00	  -4.9635982e+01	  -3.6744985e+01	   1.7800049e+02	  -2.2075412e+01	
   2.6500000e+00	  -5.0163832e+01	  -3.6827381e+01	   1.7520996e+02	  -2.0830970e+01	
   2.6600000e+00	  -5.0212707e+01	  -3.6911067e+01	   1.6587158e+02	  -1.9632308e+01	
   2.6700000e+00	  -5.0056307e+01	  -3.6993893e+01	   1.6767334e+02	  -1.8464756e+01	
   2.6800000e+00	  -4.9821707e+01	  -3.7074975e+01	   1.6503662e+02	  -1.7307133e+01	
   2.6900000e+00	  -4.9958557e+01	  -3.7155243e+01	   1.6114746e+02	  -1.6177197e+01	
   2.7000000e+00	  -4.9929232e+01	  -3.7235345e+01	   1.5877441e+02	  -1.5073951e+01	
   2.7100000e+00	  -5.0163832e+01	  -3.7315588e+01	   1.5444580e+02	  -1.3998603e+01	
   2.7200000e+00	  -4.9919457e+01	  -3.7395298e+01	   1.5297363e+02	  -1.2948157e+01	
   2.7300000e+00	  -4.9186331e+01	  -3.7471448e+01	   1.4425049e+02	  -1.1936220e+01	
   2.7400000e+00	  -4.9616432e+01	  -3.7546171e+01	   1.4416260e+02	  -1.0958216e+01	
   2.7500000e+00	  -4.8932181e+01	  -3.7619631e+01	   1.4003174e+02	  -9.9995489e+00	
   2.7600000e+00	  -4.9684857e+01	  -3.7692844e+01	   1.3594482e+02	  -9.0726229e+00	
   2.7700000e+00	  -5.0066082e+01	  -3.7769151e+01	   1.3053955e+02	  -8.1812300e+00	
   2.7800000e+00	  -4.9958557e+01	  -3.7845836e+01	   1.3524170e+02	  -7.2976225e+00	
   2.7900000e+00	  -5.0261582e+01	  -3.7922653e+01	   1.3249512e+02	  -6.4134250e+00	
   2.8000000e+00	  -5.0114957e+01	  -3.7999479e+01	   1.2438721e+02	  -5.5687595e+00	
   2.8100000e+00	  -4.9841257e+01	  -3.8074508e+01	   1.2133301e+02	  -4.7643416e+00	
   2.8200000e+00	  -4.9479582e+01	  -3.8147077e+01	   1.1768555e+02	  -3.9859503e+00	
   2.8300000e+00	  -5.0056307e+01	  -3.8219864e+01	   1.1748779e+02	  -3.2244767e+00	
   2.8400000e+00	  -4.9811932e+01	  -3.8293237e+01	   1.1014893e+02	  -2.4913756e+00	
   2.8500000e+00	  -4.9616432e+01	  -3.8364772e+01	   1.1129150e+02	  -1.7822715e+00	
   2.8600000e+00	  -5.0486408e+01	  -3.8437972e+01	   1.0900635e+02	  -1.0811873e+00	
   2.8700000e+00	  -4.9274306e+01	  -3.8509642e+01	   1.0320557e+02	  -4.0981756e-01	
   2.8800000e+00	  -4.9362282e+01	  -3.8577342e+01	   1.0063477e+02	   2.3112920e-01	
   2.8900000e+00	  -4.9890132e+01	  -3.8646547e+01	   9.8173828e+01	   8.5230316e-01	
   2.9000000e+00	  -4.9274306e+01	  -3.8715043e+01	   9.5690918e+01	   1.4541034e+00	
   2.9100000e+00	  -4.9792382e+01	  -3.8782803e+01	   9.1494141e+01	   2.0312151e+00	
   2.9200000e+00	  -4.9645757e+01	  -3.8851303e+01	   9.1999512e+01	   2.5931513e+00	
   2.9300000e+00	  -4.9851032e+01	  -3.8919557e+01	   8.4375000e+01	   3.1292725e+00	
   2.9400000e+00	  -5.0202932e+01	  -3.8989129e+01	   8.3056641e+01	   3.6340286e+00	
   2.9500000e+00	  -4.9948782e+01	  -3.9058571e+01	   7.6025391e+01	   4.1094742e+00	
   2.9600000e+00	  -4.9978107e+01	  -3.9126874e+01	   7.4179688e+01	   4.5541412e+00	
   2.9700000e+00	  -5.0261582e+01	  -3.9195729e+01	   7.2158203e+01	   4.9839120e+00	
   2.9800000e+00	  -4.9450257e+01	  -3.9262499e+01	   6.8994141e+01	   5.3947510e+00	
   2.9900000e+00	  -4.9665307e+01	  -3.9326984e+01	   6.5610352e+01	   5.7825104e+00	
   3.0000000e+00	  -4.9792382e+01	  -3.9392136e+01	   6.1018066e+01	   6.1428618e+00	
   3.0100000e+00	  -4.9743507e+01	  -3.9457125e+01	   5.9326172e+01	   6.4812756e+00	
   3.0200000e+00	  -4.9440482e+01	  -3.9520605e+01	   5.3481445e+01	   6.7939668e+00	
   3.0300000e+00	  -5.0251807e+01	  -3.9585280e+01	   5.7062988e+01	   7.0976117e+00	
   3.0400000e+00	  -5.0046532e+01	  -3.9651447e+01	   4.9196777e+01	   7.3859361e+00	
   3.0500000e+00	  -4.9890132e+01	  -3.9716067e+01	   4.6450195e+01	   7.6392179e+00	
   3.0600000e+00	  -4.9968332e+01	  -3.9780038e+01	   4.6823730e+01	   7.8834814e+00	
   3.0700000e+00	  -4.8922406e+01	  -3.9840577e+01	   4.0144043e+01	   8.1064655e+00	
   3.0800000e+00	  -4.9968332e+01	  -3.9900737e+01	   3.9968262e+01	   8.3065833e+00	
   3.0900000e+00	  -4.9293856e+01	  -3.9961683e+01	   3.6386719e+01	   8.4936806e+00	
   3.1000000e+00	  -4.9196106e+01	  -4.0019829e+01	   3.3310547e+01	   8.6587556e+00	
   3.1100000e+00	  -5.0505958e+01	  -4.0081407e+01	   2.5598145e+01	   8.7890093e+00	
   3.1200000e+00	  -4.9626207e+01	  -4.0143946e+01	   2.4938965e+01	   8.8922294e+00	
   3.1300000e+00	  -5.0427758e+01	  -4.0205849e+01	   2.3796387e+01	   8.9891603e+00	
   3.1400000e+00	  -4.8853981e+01	  -4.0264946e+01	   2.4016113e+01	   9.0825939e+00	
   3.1500000e+00	  -4.8726906e+01	  -4.0318345e+01	   1.3623047e+01	   9.1435818e+00	
   3.1600000e+00	  -4.8893081e+01	  -4.0371533e+01	   1.4831543e+01	   9.1754238e+00	
   3.1700000e+00	  -4.8893081e+01	  -4.0424908e+01	   1.1887207e+01	   9.2016301e+00	
   3.1800000e+00	  -4.9694632e+01	  -4.0480459e+01	   6.5478516e+00	   9.2017297e+00	
   3.1900000e+00	  -4.9352507e+01	  -4.0537101e+01	   3.9990234e+00	   9.1771247e+00	
   3.2000000e+00	  -4.8531406e+01	  -4.0589745e+01	  -1.2524414e+00	   9.1282452e+00	
   3.2100000e+00	  -4.8863756e+01	  -4.0640528e+01	  -3.4716797e+00	   9.0562753e+00	
   3.2200000e+00	  -4.9166781e+01	  -4.0692984e+01	  -4.8339844e-01	   8.9871647e+00	
   3.2300000e+00	  -4.8697581e+01	  -4.0744590e+01	  -6.5698242e+00	   8.9087843e+00	
   3.2400000e+00	  -4.9450257e+01	  -4.0796761e+01	  -1.0986328e+01	   8.7980022e+00	
   3.2500000e+00	  -4.8922406e+01	  -4.0849310e+01	  -1.2919922e+01	   8.6680269e+00	
   3.2600000e+00	  -4.9049481e+01	  -4.0900274e+01	  -1.5754395e+01	   8.5239333e+00	
   3.2700000e+00	  -4.9078806e+01	  -4.0951408e+01	  -1.9643555e+01	   8.3596853e+00	
   3.2800000e+00	  -4.9039706e+01	  -4.1002192e+01	  -2.0610352e+01	   8.1812585e+00	
   3.2900000e+00	  -4.8990831e+01	  -4.1052382e+01	  -2.4038086e+01	   7.9901866e+00	
   3.3000000e+00	  -4.8697581e+01	  -4.1101186e+01	  -2.8828125e+01	   7.7745753e+00	
   3.3100000e+00	  -4.8941956e+01	  -4.1149532e+01	  -2.9794922e+01	   7.5422854e+00	
   3.3200000e+00	  -5.0114957e+01	  -4.1202014e+01	  -3.3793945e+01	   7.2958988e+00	
   3.3300000e+00	  -4.9890132e+01	  -4.1257136e+01	  -3.6386719e+01	   7.0304114e+00	
   3.3400000e+00	  -4.9235206e+01	  -4.1309158e+01	  -3.8803711e+01	   6.7508975e+00	
   3.3500000e+00	  -4.8981056e+01	  -4.1358007e+01	  -4.1945801e+01	   6.4557247e+00	
   3.3600000e+00	  -4.9137456e+01	  -4.1406244e+01	  -4.4033203e+01	   6.1460231e+00	
   3.3700000e+00	  -4.9078806e+01	  -4.1454485e+01	  -4.7263184e+01	   5.8216085e+00	
   3.3800000e+00	  -5.0114957e+01	  -4.1505485e+01	  -5.1613770e+01	   5.4754854e+00	
   3.3900000e+00	  -4.9235206e+01	  -4.1556656e+01	  -5.3217773e+01	   5.1128819e+00	
   3.4000000e+00	  -4.9723957e+01	  -4.1606281e+01	  -5.7106934e+01	   4.7353462e+00	
   3.4100000e+00	  -4.9117906e+01	  -4.1655228e+01	  -6.0600586e+01	   4.3370541e+00	
   3.4200000e+00	  -4.9244981e+01	  -4.1702369e+01	  -6.3610840e+01	   3.9208879e+00	
   3.4300000e+00	  -4.9284081e+01	  -4.1749735e+01	  -6.7126465e+01	   3.4868909e+00	
   3.4400000e+00	  -4.9352507e+01	  -4.1797141e+01	  -6.9895020e+01	   3.0359317e+00	
   3.4500000e+00	  -4.9274306e+01	  -4.1844219e+01	  -7.2993164e+01	   2.5694239e+00	
   3.4600000e+00	  -4.9117906e+01	  -4.1890268e+01	  -7.5695801e+01	   2.0876715e+00	
   3.4700000e+00	  -4.9166781e+01	  -4.1935691e+01	  -7.8596191e+01	   1.5913891e+00	
   3.4800000e+00	  -4.9489357e+01	  -4.1981994e+01	  -8.0991211e+01	   1.0816313e+00	
   3.4900000e+00	  -5.0046532e+01	  -4.2030761e+01	  -8.5209961e+01	   5.5435361e-01	
   3.5000000e+00	  -4.9244981e+01	  -4.2078458e+01	  -8.7912598e+01	   8.7023612e-03	
   3.5100000e+00	  -4.9616432e+01	  -4.2124509e+01	  -9.0769043e+01	  -5.5094092e-01	
   3.5200000e+00	  -4.9196106e+01	  -4.2170119e+01	  -9.3493652e+01	  -1.1245574e+00	
   3.5300000e+00	  -4.9137456e+01	  -4.2213942e+01	  -9.6174316e+01	  -1.7115091e+00	
   3.5400000e+00	  -4.9342732e+01	  -4.2257951e+01	  -9.9953613e+01	  -2.3150154e+00	
   3.5500000e+00	  -4.8834431e+01	  -4.2300735e+01	  -1.0248047e+02	  -2.9344911e+00	
   3.5600000e+00	  -4.8863756e+01	  -4.2341751e+01	  -1.0639160e+02	  -3.5702489e+00	
   3.5700000e+00	  -4.9020156e+01	  -4.2383091e+01	  -1.0880859e+02	  -4.2218428e+00	
   3.5800000e+00	  -4.9186331e+01	  -4.2425183e+01	  -1.1175293e+02	  -4.8861458e+00	
   3.5900000e+00	  -4.9420932e+01	  -4.2468266e+01	  -1.1401611e+02	  -5.5625967e+00	
   3.6000000e+00	  -4.9372057e+01	  -4.2511662e+01	  -1.1823486e+02	  -6.2551106e+00	
   3.6100000e+00	  -4.9235206e+01	  -4.2554203e+01	  -1.2124512e+02	  -6.9659263e+00	
   3.6200000e+00	  -4.9939007e+01	  -4.2598254e+01	  -1.2293701e+02	  -7.6870159e+00	
   3.6300000e+00	  -4.9665307e+01	  -4.2643376e+01	  -1.2728760e+02	  -8.4225126e+00	
   3.6400000e+00	  -4.9665307e+01	  -4.2687358e+01	  -1.2963867e+02	  -9.1743904e+00	
   3.6500000e+00	  -4.9694632e+01	  -4.2731156e+01	  -1.3269287e+02	  -9.9384869e+00	
   3.6600000e+00	  -4.9293856e+01	  -4.2773517e+01	  -1.3664795e+02	  -1.0719749e+01	
   3.6700000e+00	  -4.9293856e+01	  -4.2814357e+01	  -1.3957031e+02	  -1.1517656e+01	
   3.6800000e+00	  -4.9000606e+01	  -4.2854024e+01	  -1.4295410e+02	  -1.2330315e+01	
   3.6900000e+00	  -4.9010381e+01	  -4.2892554e+01	  -1.4418457e+02	  -1.3152334e+01	
   3.7000000e+00	  -4.9098356e+01	  -4.2931148e+01	  -1.4811768e+02	  -1.3985376e+01	
   3.7100000e+00	  -4.9186331e+01	  -4.2970052e+01	  -1.5147949e+02	  -1.4836045e+01	
   3.7200000e+00	  -4.9460032e+01	  -4.3009845e+01	  -1.5492920e+02	  -1.5702719e+01	
   3.7300000e+00	  -4.9293856e+01	  -4.3049726e+01	  -1.5925781e+02	  -1.6588324e+01	
   3.7400000e+00	  -4.9499132e+01	  -4.3089479e+01	  -1.6013672e+02	  -1.7484691e+01	
   3.7500000e+00	  -4.9372057e+01	  -4.3129228e+01	  -1.6426758e+02	  -1.8391133e+01	
   3.7600000e+00	  -4.9323182e+01	  -4.3168177e+01	  -1.6738770e+02	  -1.9314606e+01	
   3.7700000e+00	  -4.9352507e+01	  -4.3206821e+01	  -1.7026611e+02	  -2.0251081e+01	
   3.7800000e+00	  -4.9577332e+01	  -4.3246019e+01	  -1.7586914e+02	  -2.1208251e+01	
   3.7900000e+00	  -4.9352507e+01	  -4.3284971e+01	  -1.7626465e+02	  -2.2178213e+01	
   3.8000000e+00	  -4.9538232e+01	  -4.3323557e+01	  -1.8000000e+02	  -2.3155036e+01	
   3.8100000e+00	  -4.9303631e+01	  -4.3361748e+01	  -1.8000000e+02	  -2.4137439e+01	
   3.8200000e+00	  -4.8844206e+01	  -4.3397526e+01	  -1.8000000e+02	  -2.5113688e+01	
   3.8300000e+00	  -4.8834431e+01	  -4.3431611e+01	  -1.8000000e+02	  -2.6083823e+01	
   3.8400000e+00	  -4.9020156e+01	  -4.3466033e+01	  -1.3601074e+01	  -2.6526759e+01	
   3.8500000e+00	  -4.9733732e+01	  -4.3503057e+01	  -1.4172363e+01	  -2.6447588e+01	
   3.8600000e+00	  -4.9303631e+01	  -4.3540736e+01	   1.7560547e+02	  -2.5776362e+01	
   3.8700000e+00	  -4.9430707e+01	  -4.3577230e+01	   1.7578125e+02	  -2.4514451e+01	
   3.8800000e+00	  -4.9469807e+01	  -4.3614016e+01	   1.7718750e+02	  -2.3255489e+01	
   3.8900000e+00	  -4.9440482e+01	  -4.3650602e+01	   1.7182617e+02	  -2.2016799e+01	
   3.9000000e+00	  -4.9596882e+01	  -4.3687356e+01	   1.6811279e+02	  -2.0814288e+01	
   3.9100000e+00	  -4.9948782e+01	  -4.3725473e+01	   1.6683838e+02	  -1.9634929e+01	
   3.9200000e+00	  -4.9704407e+01	  -4.3763688e+01	   1.6229004e+02	  -1.8481192e+01	
   3.9300000e+00	  -4.9616432e+01	  -4.3800622e+01	   1.5758789e+02	  -1.7363653e+01	
   3.9400000e+00	  -5.0290907e+01	  -4.3839162e+01	   1.5699463e+02	  -1.6269697e+01	
   3.9500000e+00	  -5.0124732e+01	  -4.3879052e+01	   1.5433594e+02	  -1.5192777e+01	
   3.9600000e+00	  -4.9939007e+01	  -4.3917590e+01	   1.4842529e+02	  -1.4149440e+01	
   3.9700000e+00	  -4.9821707e+01	  -4.3954938e+01	   1.4504150e+02	  -1.3141745e+01	
   3.9800000e+00	  -4.9244981e+01	  -4.3989879e+01	   1.4271240e+02	  -1.2158254e+01	
   3.9900000e+00	  -4.9420932e+01	  -4.4023345e+01	   1.3844971e+02	  -1.1201567e+01	
   4.0000000e+00	  -4.9684857e+01	  -4.4057980e+01	   1.3570313e+02	  -1.0272824e+01	
   4.0100000e+00	  -4.9997657e+01	  -4.4094204e+01	   1.3315430e+02	  -9.3664818e+00	
   4.0200000e+00	  -4.9782607e+01	  -4.4130506e+01	   1.2680420e+02	  -8.4936859e+00	
   4.0300000e+00	  -5.0144282e+01	  -4.4167041e+01	   1.2915527e+02	  -7.6388807e+00	
   4.0400000e+00	  -5.0114957e+01	  -4.4204388e+01	   1.2240967e+02	  -6.8031923e+00	
   4.0500000e+00	  -5.0261582e+01	  -4.4241868e+01	   1.2317871e+02	  -5.9914554e+00	
   4.0600000e+00	  -5.0144282e+01	  -4.4279206e+01	   1.1737793e+02	  -5.2005610e+00	
   4.0700000e+00	  -4.9469807e+01	  -4.4313829e+01	   1.1280762e+02	  -4.4471003e+00	
   4.0800000e+00	  -4.9508907e+01	  -4.4346246e+01	   1.1025879e+02	  -3.7206544e+00	
   4.0900000e+00	  -5.0212707e+01	  -4.4380787e+01	   1.1093994e+02	  -3.0046077e+00	
   4.1000000e+00	  -4.9450257e+01	  -4.4414928e+01	   1.0478760e+02	  -2.3101805e+00	
   4.1100000e+00	  -5.0232257e+01	  -4.4448916e+01	   1.0138184e+02	  -1.6500365e+00	
   4.1200000e+00	  -4.9870582e+01	  -4.4484007e+01	   1.0129395e+02	  -1.0049687e+00	
   4.1300000e+00	  -4.9655532e+01	  -4.4517072e+01	   9.4394531e+01	  -3.8582389e-01	
   4.1400000e+00	  -4.9264531e+01	  -4.4548033e+01	   9.1164551e+01	   1.9772002e-01	
   4.1500000e+00	  -4.9508907e+01	  -4.4578340e+01	   8.7407227e+01	   7.5572630e-01	
   4.1600000e+00	  -4.9704407e+01	  -4.4609835e+01	   8.9912109e+01	   1.3063151e+00	
   4.1700000e+00	  -5.0017207e+01	  -4.4642725e+01	   8.4726563e+01	   1.8450601e+00	
   4.1800000e+00	  -5.0026982e+01	  -4.4676419e+01	   8.1298828e+01	   2.3534559e+00	
   4.1900000e+00	  -5.0369107e+01	  -4.4711003e+01	   7.5190430e+01	   2.8288025e+00	
   4.2000000e+00	  -4.9831482e+01	  -4.4744759e+01	   7.5322266e+01	   3.2824545e+00	
   4.2100000e+00	  -4.9440482e+01	  -4.4775396e+01	   7.3652344e+01	   3.7284481e+00	
   4.2200000e+00	  -4.9606657e+01	  -4.4805136e+01	   6.7456055e+01	   4.1470131e+00	
   4.2300000e+00	  -5.0281132e+01	  -4.4837323e+01	   6.4973145e+01	   4.5357751e+00	
   4.2400000e+00	  -5.0036757e+01	  -4.4870655e+01	   5.9040527e+01	   4.8957468e+00	
   4.2500000e+00	  -5.0154057e+01	  -4.4903380e+01	   5.9809570e+01	   5.2372926e+00	
   4.2600000e+00	  -5.0026982e+01	  -4.4935870e+01	   5.7700195e+01	   5.5725016e+00	
   4.2700000e+00	  -4.8844206e+01	  -4.4964054e+01	   4.8120117e+01	   5.8690023e+00	
   4.2800000e+00	  -4.9821707e+01	  -4.4991419e+01	   4.7131348e+01	   6.1305468e+00	
   4.2900000e+00	  -4.9714182e+01	  -4.5021337e+01	   4.4450684e+01	   6.3789612e+00	
   4.3000000e+00	  -4.9313406e+01	  -4.5049476e+01	   3.9177246e+01	   6.6009094e+00	
   4.3100000e+00	  -4.8766006e+01	  -4.5074468e+01	   3.7880859e+01	   6.8008922e+00	
   4.3200000e+00	  -4.9469807e+01	  -4.5099795e+01	   3.5134277e+01	   6.9869608e+00	
   4.3300000e+00	  -5.0007432e+01	  -4.5128850e+01	   3.2783203e+01	   7.1558994e+00	
   4.3400000e+00	  -4.9616432e+01	  -4.5158183e+01	   2.7487793e+01	   7.2998327e+00	
   4.3500000e+00	  -4.9108131e+01	  -4.5184515e+01	   2.9025879e+01	   7.4310975e+00	
   4.3600000e+00	  -4.9557782e+01	  -4.5210499e+01	   2.3884277e+01	   7.5502548e+00	
   4.3700000e+00	  -4.8951731e+01	  -4.5235830e+01	   2.0061035e+01	   7.6405899e+00	
   4.3800000e+00	  -4.9792382e+01	  -4.5261738e+01	   1.7006836e+01	   7.7088207e+00	
   4.3900000e+00	  -4.9137456e+01	  -4.5288064e+01	   1.6479492e+01	   7.7654075e+00	
   4.4000000e+00	  -4.8697581e+01	  -4.5310798e+01	   1.3974609e+01	   7.8121437e+00	
   4.4100000e+00	  -4.8668256e+01	  -4.5331919e+01	   7.4267578e+00	   7.8302362e+00	
   4.4200000e+00	  -4.8707356e+01	  -4.5352939e+01	   3.8891602e+00	   7.8166301e+00	
   4.4300000e+00	  -4.8746456e+01	  -4.5374072e+01	   3.3398438e+00	   7.7903099e+00	
   4.4400000e+00	  -4.8805106e+01	  -4.5395378e+01	  -4.1748047e-01	   7.7506672e+00	
   4.4500000e+00	  -4.8941956e+01	  -4.5417164e+01	  -3.0981445e+00	   7.6911106e+00	
   4.4600000e+00	  -4.9000606e+01	  -4.5439425e+01	  -4.7900391e+00	   7.6182332e+00	
   4.4700000e+00	  -4.8814881e+01	  -4.5461149e+01	  -8.9428711e+00	   7.5275079e+00	
   4.4800000e+00	  -4.9313406e+01	  -4.5483717e+01	  -1.0283203e+01	   7.4201476e+00	
   4.4900000e+00	  -4.8687806e+01	  -4.5505745e+01	  -1.6281738e+01	   7.2904762e+00	
   4.5000000e+00	  -4.9196106e+01	  -4.5527267e+01	  -1.6918945e+01	   7.1408354e+00	
   4.5100000e+00	  -4.9098356e+01	  -4.5549941e+01	  -2.1203613e+01	   6.9767177e+00	
   4.5200000e+00	  -4.9499132e+01	  -4.5573422e+01	  -2.2609863e+01	   6.7958053e+00	
   4.5300000e+00	  -4.8668256e+01	  -4.5595409e+01	  -2.7597656e+01	   6.5960015e+00	
   4.5400000e+00	  -4.9763057e+01	  -4.5618084e+01	  -2.8937988e+01	   6.3776310e+00	
   4.5500000e+00	  -4.9039706e+01	  -4.5641781e+01	  -3.3486328e+01	   6.1421862e+00	
   4.5600000e+00	  -4.8775781e+01	  -4.5662237e+01	  -3.4079590e+01	   5.8921140e+00	
   4.5700000e+00	  -4.9069031e+01	  -4.5682658e+01	  -3.7858887e+01	   5.6299142e+00	
   4.5800000e+00	  -4.8863756e+01	  -4.5703225e+01	  -3.9484863e+01	   5.3524287e+00	
   4.5900000e+00	  -4.9029931e+01	  -4.5723542e+01	  -4.3000488e+01	   5.0605789e+00	
   4.6000000e+00	  -4.8844206e+01	  -4.5743670e+01	  -4.7263184e+01	   4.7461973e+00	
   4.6100000e+00	  -4.8853981e+01	  -4.5763121e+01	  -5.0361328e+01	   4.4107324e+00	
   4.6200000e+00	  -4.9264531e+01	  -4.5783766e+01	  -5.1284180e+01	   4.0647759e+00	
   4.6300000e+00	  -4.8746456e+01	  -4.5803946e+01	  -5.5195313e+01	   3.7058474e+00	
   4.6400000e+00	  -4.8746456e+01	  -4.5822376e+01	  -5.8491211e+01	   3.3265963e+00	
   4.6500000e+00	  -4.9244981e+01	  -4.5842252e+01	  -6.2358398e+01	   2.9272876e+00	
   4.6600000e+00	  -4.9078806e+01	  -4.5863045e+01	  -6.5061035e+01	   2.5099048e+00	
   4.6700000e+00	  -4.9499132e+01	  -4.5884503e+01	  -6.8137207e+01	   2.0770385e+00	
   4.6800000e+00	  -5.0105182e+01	  -4.5909042e+01	  -7.1257324e+01	   1.6274781e+00	
   4.6900000e+00	  -4.9274306e+01	  -4.5932722e+01	  -7.3059082e+01	   1.1653194e+00	
   4.7000000e+00	  -4.8951731e+01	  -4.5952642e+01	  -7.6860352e+01	   6.8850803e-01	
   4.7100000e+00	  -4.8912631e+01	  -4.5971305e+01	  -7.9277344e+01	   1.9520909e-01	
   4.7200000e+00	  -4.9069031e+01	  -4.5990218e+01	  -8.2639160e+01	  -3.1309792e-01	
   4.7300000e+00	  -4.8961506e+01	  -4.6009165e+01	  -8.4924316e+01	  -8.3590612e-01	
   4.7400000e+00	  -4.8893081e+01	  -4.6027443e+01	  -8.7583008e+01	  -1.3709227e+00	
   4.7500000e+00	  -4.8766006e+01	  -4.6044994e+01	  -9.1164551e+01	  -1.9221311e+00	
   4.7600000e+00	  -4.8707356e+01	  -4.6061853e+01	  -9.3757324e+01	  -2.4892235e+00	
   4.7700000e+00	  -4.8785556e+01	  -4.6078668e+01	  -9.6833496e+01	  -3.0705176e+00	
   4.7800000e+00	  -4.8971281e+01	  -4.6096205e+01	  -9.9755859e+01	  -3.6669569e+00	
   4.7900000e+00	  -4.9235206e+01	  -4.6115039e+01	  -1.0357910e+02	  -4.2807860e+00	
   4.8000000e+00	  -4.8893081e+01	  -4.6133511e+01	  -1.0705078e+02	  -4.9136163e+00	
   4.8100000e+00	  -4.9186331e+01	  -4.6151714e+01	  -1.1186279e+02	  -5.5684254e+00	
   4.8200000e+00	  -4.9342732e+01	  -4.6171211e+01	  -1.1212646e+02	  -6.2350289e+00	
   4.8300000e+00	  -4.9430707e+01	  -4.6191352e+01	  -1.1583984e+02	  -6.9099124e+00	
   4.8400000e+00	  -4.9372057e+01	  -4.6211458e+01	  -1.1836670e+02	  -7.6001116e+00	
   4.8500000e+00	  -4.9587107e+01	  -4.6231928e+01	  -1.2218994e+02	  -8.3058748e+00	
   4.8600000e+00	  -4.9244981e+01	  -4.6251872e+01	  -1.2407959e+02	  -9.0251088e+00	
   4.8700000e+00	  -4.8961506e+01	  -4.6269731e+01	  -1.2700195e+02	  -9.7549080e+00	
   4.8800000e+00	  -4.9205881e+01	  -4.6287357e+01	  -1.2983643e+02	  -1.0498165e+01	
   4.8900000e+00	  -4.9665307e+01	  -4.6307076e+01	  -1.3401123e+02	  -1.1258718e+01	
   4.9000000e+00	  -4.9166781e+01	  -4.6326549e+01	  -1.3768066e+02	  -1.2039074e+01	
   4.9100000e+00	  -4.9567557e+01	  -4.6345594e+01	  -1.4071289e+02	  -1.2835530e+01	
   4.9200000e+00	  -4.9362282e+01	  -4.6365132e+01	  -1.4288818e+02	  -1.3643306e+01	
   4.9300000e+00	  -4.8795331e+01	  -4.6382129e+01	  -1.4646973e+02	  -1.4464051e+01	
   4.9400000e+00	  -4.9313406e+01	  -4.6398867e+01	  -1.4917236e+02	  -1.5299337e+01	
   4.9500000e+00	  -4.9714182e+01	  -4.6418377e+01	  -1.5185303e+02	  -1.6146249e+01	
   4.9600000e+00	  -4.9733732e+01	  -4.6439082e+01	  -1.5477539e+02	  -1.7005405e+01	
   4.9700000e+00	  -4.9821707e+01	  -4.6459993e+01	  -1.5978516e+02	  -1.7884020e+01	
   4.9800000e+00	  -4.9782607e+01	  -4.6480927e+01	  -1.6334473e+02	  -1.8783970e+01	
   4.9900000e+00	  -4.9362282e+01	  -4.6500291e+01	  -1.6371826e+02	  -1.9690600e+01	
   5.0000000e+00	  -4.8795331e+01	  -4.6516442e+01	  -1.6822266e+02	  -2.0606828e+01	
   5.0100000e+00	  -4.9577332e+01	  -4.6533165e+01	  -1.6686035e+02	  -2.1527158e+01	
   5.0200000e+00	  -4.7778730e+01	  -4.6546599e+01	  -1.7334229e+02	  -2.2457756e+01	
   5.0300000e+00	  -4.6292929e+01	  -4.6549663e+01	  -1.7896729e+02	  -2.3420442e+01	
   5.0400000e+00	  -4.5090603e+01	  -4.6544290e+01	  -1.7806641e+02	  -2.4391893e+01	
   5.0500000e+00	  -4.3262676e+01	  -4.6529460e+01	  -1.8000000e+02	  -2.5360493e+01	
   5.0600000e+00	  -4.1649799e+01	  -4.6503947e+01	  -1.8000000e+02	  -2.6329082e+01	
   5.0700000e+00	  -4.0310623e+01	  -4.6469349e+01	  -1.8000000e+02	  -2.7291604e+01	
   5.0800000e+00	  -3.8942122e+01	  -4.6426488e+01	  -1.8000000e+02	  -2.8248097e+01	
   5.0900000e+00	  -3.7739796e+01	  -4.6375844e+01	  -1.2172852e+01	  -2.8673005e+01	
   5.1000000e+00	  -3.5765244e+01	  -4.6315568e+01	  -1.5183105e+01	  -2.8579083e+01	
   5.1100000e+00	  -3.4367418e+01	  -4.6245108e+01	   1.7745117e+02	  -2.7891892e+01	
   5.1200000e+00	  -3.2969591e+01	  -4.6166334e+01	   1.7336426e+02	  -2.6618519e+01	
   5.1300000e+00	  -3.0946165e+01	  -4.6077339e+01	   1.7791260e+02	  -2.5351677e+01	
   5.1400000e+00	  -2.8404662e+01	  -4.5974605e+01	   1.7296875e+02	  -2.4094008e+01	
   5.1500000e+00	  -2.6195510e+01	  -4.5857637e+01	   1.7767090e+02	  -2.2844974e+01	
   5.1600000e+00	  -2.5071384e+01	  -4.5730962e+01	   1.7698975e+02	  -2.1591170e+01	
   5.1700000e+00	  -2.3204357e+01	  -4.5595713e+01	   1.7553955e+02	  -2.0351895e+01	
   5.1800000e+00	  -2.0545555e+01	  -4.5447137e+01	   1.7340820e+02	  -1.9131598e+01	
   5.1900000e+00	  -1.7935628e+01	  -4.5282992e+01	   1.7248535e+02	  -1.7928510e+01	
   5.2000000e+00	  -1.7466427e+01	  -4.5110232e+01	   1.6784912e+02	  -1.6750366e+01	
   5.2100000e+00	  -1.5990401e+01	  -4.4932461e+01	   1.7564941e+02	  -1.5569694e+01	
   5.2200000e+00	  -1.4103824e+01	  -4.4745274e+01	   1.7446289e+02	  -1.4375703e+01	
   5.2300000e+00	  -1.0535946e+01	  -4.4542176e+01	   1.6835449e+02	  -1.3212037e+01	
   5.2400000e+00	  -1.0086295e+01	  -4.4327769e+01	   1.6600342e+02	  -1.2082153e+01	
   5.2500000e+00	  -8.1997186e+00	  -4.4107388e+01	   1.6545410e+02	  -1.0968430e+01	
   5.2600000e+00	  -7.6816431e+00	  -4.3880857e+01	   1.7004639e+02	  -9.8490201e+00	
   5.2700000e+00	  -4.7980155e+00	  -4.3645091e+01	   1.6839844e+02	  -8.7274011e+00	
   5.2800000e+00	  -3.7814145e+00	  -4.3398588e+01	   1.6688232e+02	  -7.6227164e+00	
   5.2900000e+00	  -3.1949140e+00	  -4.3148608e+01	   1.6967285e+02	  -6.5209599e+00	
   5.3000000e+00	  -2.2565131e+00	  -4.2895418e+01	   1.6776123e+02	  -5.4233517e+00	
   5.3100000e+00	  -7.7071176e-01	  -4.2636222e+01	   1.6461914e+02	  -4.3484454e+00	
   5.3200000e+00	   2.2888661e+00	  -4.2364414e+01	   1.6431152e+02	  -3.2910755e+00	
   5.3300000e+00	   2.4648162e+00	  -4.2084176e+01	   1.6806885e+02	  -2.2295248e+00	
   5.3400000e+00	   1.2331651e+00	  -4.1808999e+01	   1.6767334e+02	  -1.1640947e+00	
   5.3500000e+00	   2.8362666e+00	  -4.1534383e+01	   1.7176025e+02	  -9.3777398e-02	
   5.3600000e+00	   3.6280423e+00	  -4.1253986e+01	   1.6837646e+02	   9.7203799e-01	
   5.3700000e+00	   3.7062424e+00	  -4.0972622e+01	   1.6888184e+02	   2.0221631e+00	
   5.3800000e+00	   5.7296692e+00	  -4.0686437e+01	   1.7061768e+02	   3.0727296e+00	
   5.3900000e+00	   6.4725699e+00	  -4.0393382e+01	   1.7006836e+02	   4.1204318e+00	
   5.4000000e+00	   8.3786967e+00	  -4.0093866e+01	   1.6998047e+02	   5.1595762e+00	
   5.4100000e+00	   8.5253218e+00	  -3.9789798e+01	   1.7652832e+02	   6.2124428e+00	
   5.4200000e+00	   9.4930477e+00	  -3.9484144e+01	   1.7301270e+02	   7.2682111e+00	
   5.4300000e+00	   1.1096149e+01	  -3.9172354e+01	   1.7569336e+02	   8.3147516e+00	
   5.4400000e+00	   1.1496925e+01	  -3.8856240e+01	   1.7165039e+02	   9.3504706e+00	
   5.4500000e+00	   1.2308250e+01	  -3.8538311e+01	   1.6923340e+02	   1.0359471e+01	
   5.4600000e+00	   1.4253477e+01	  -3.8213740e+01	   1.7448486e+02	   1.1371029e+01	
   5.4700000e+00	   1.3725627e+01	  -3.7886763e+01	   1.7536377e+02	   1.2395450e+01	
   5.4800000e+00	   1.3882027e+01	  -3.7562998e+01	   1.7657227e+02	   1.3419991e+01	
   5.4900000e+00	   1.6022754e+01	  -3.7234066e+01	   1.7488037e+02	   1.4436601e+01	
   5.5000000e+00	   1.5925004e+01	  -3.6900797e+01	   1.7644043e+02	   1.5446431e+01	
   5.5100000e+00	   1.8407856e+01	  -3.6562145e+01	   1.7672607e+02	   1.6455716e+01	
   5.5200000e+00	   1.7958206e+01	  -3.6219247e+01	   1.7531982e+02	   1.7455170e+01	
   5.5300000e+00	   1.8701106e+01	  -3.5877578e+01	   1.7938477e+02	   1.8456690e+01	
   5.5400000e+00	   2.1115533e+01	  -3.5528162e+01	  -1.2897949e+01	   1.8862484e+01	
   5.5500000e+00	   2.0646333e+01	  -3.5174842e+01	  -1.5930176e+01	   1.8654055e+01	
   5.5600000e+00	   2.1350134e+01	  -3.4823000e+01	  -8.5913086e+00	   1.8460420e+01	
   5.5700000e+00	   2.2415610e+01	  -3.4467821e+01	  -1.8000000e+02	   1.7754169e+01	
   5.5800000e+00	   2.1741134e+01	  -3.4113643e+01	  -1.8000000e+02	   1.6515530e+01	
   5.5900000e+00	   2.3266035e+01	  -3.3759019e+01	  -1.8000000e+02	   1.5284649e+01	
   5.6000000e+00	   2.4869137e+01	  -3.3396821e+01	  -1.8000000e+02	   1.4061478e+01	
   5.6100000e+00	   2.4722512e+01	  -3.3032329e+01	  -1.8000000e+02	   1.2845969e+01	
   5.6200000e+00	   2.3872086e+01	  -3.2673244e+01	  -1.8000000e+02	   1.1638072e+01	
   5.6300000e+00	   2.6325613e+01	  -3.2311386e+01	  -1.8000000e+02	   1.0437742e+01	
   5.6400000e+00	   2.6472238e+01	  -3.1943653e+01	  -1.7969238e+02	   9.2458931e+00	
   5.6500000e+00	   2.7948265e+01	  -3.1573140e+01	  -1.7646240e+02	   8.0725884e+00	
   5.6600000e+00	   2.6540663e+01	  -3.1204735e+01	  -1.7602295e+02	   6.9181245e+00	
   5.6700000e+00	   2.8202415e+01	  -3.0837841e+01	  -1.7611084e+02	   5.7719926e+00	
   5.6800000e+00	   2.7156489e+01	  -3.0471316e+01	  -1.7074951e+02	   4.6495547e+00	
   5.6900000e+00	   2.8485890e+01	  -3.0106199e+01	  -1.6751953e+02	   3.5610532e+00	
   5.7000000e+00	   2.9160366e+01	  -2.9737094e+01	  -1.6690430e+02	   2.4914119e+00	
   5.7100000e+00	   2.9091941e+01	  -2.9368402e+01	  -1.6303711e+02	   1.4425082e+00	
   5.7200000e+00	   2.9893492e+01	  -2.8999724e+01	  -1.6209229e+02	   4.1524438e-01	
   5.7300000e+00	   3.0743917e+01	  -2.8628181e+01	  -1.6286133e+02	  -6.0503462e-01	
   5.7400000e+00	   3.2679369e+01	  -2.8250241e+01	  -1.6079590e+02	  -1.6148631e+00	
   5.7500000e+00	   3.2542519e+01	  -2.7869035e+01	  -1.5813721e+02	  -2.6035716e+00	
   5.7600000e+00	   3.3422270e+01	  -2.7487890e+01	  -1.5216064e+02	  -3.5590438e+00	
   5.7700000e+00	   3.1437943e+01	  -2.7112592e+01	  -1.4937012e+02	  -4.4810749e+00	
   5.7800000e+00	   3.3607995e+01	  -2.6739063e+01	  -1.5075439e+02	  -5.3929268e+00	
   5.7900000e+00	   3.4419321e+01	  -2.6358537e+01	  -1.4752441e+02	  -6.2932869e+00	
   5.8000000e+00	   3.4605046e+01	  -2.5977271e+01	  -1.4622803e+02	  -7.1738321e+00	
   5.8100000e+00	   3.5259971e+01	  -2.5595761e+01	  -1.4552490e+02	  -8.0426000e+00	
   5.8200000e+00	   3.6423198e+01	  -2.5210947e+01	  -1.3897705e+02	  -8.8832180e+00	
   5.8300000e+00	   3.6520948e+01	  -2.4824593e+01	  -1.4029541e+02	  -9.7021932e+00	
   5.8400000e+00	   3.5426147e+01	  -2.4443782e+01	  -1.3579102e+02	  -1.0506061e+01	
   5.8500000e+00	   3.6814198e+01	  -2.4064438e+01	  -1.3570313e+02	  -1.1290511e+01	
   5.8600000e+00	   3.6374322e+01	  -2.3684501e+01	  -1.3590088e+02	  -1.2070393e+01	
   5.8700000e+00	   3.7009698e+01	  -2.3306331e+01	  -1.3205566e+02	  -1.2833966e+01	
   5.8800000e+00	   3.6696898e+01	  -2.2929519e+01	  -1.2801270e+02	  -1.3568053e+01	
   5.8900000e+00	   3.6569823e+01	  -2.2556446e+01	  -1.2541992e+02	  -1.4276760e+01	
   5.9000000e+00	   3.8700775e+01	  -2.2179433e+01	  -1.2240967e+02	  -1.4963481e+01	
   5.9100000e+00	   3.8163149e+01	  -2.1799792e+01	  -1.1968506e+02	  -1.5627941e+01	
   5.9200000e+00	   3.9150425e+01	  -2.1421120e+01	  -1.1713623e+02	  -1.6271723e+01	
   5.9300000e+00	   3.8866950e+01	  -2.1042616e+01	  -1.1669678e+02	  -1.6902115e+01	
   5.9400000e+00	   4.0098601e+01	  -2.0663514e+01	  -1.1353271e+02	  -1.7517272e+01	
   5.9500000e+00	   3.7752599e+01	  -2.0290276e+01	  -1.1186279e+02	  -1.8113438e+01	
   5.9600000e+00	   4.1349802e+01	  -1.9915457e+01	  -1.0669922e+02	  -1.8684469e+01	
   5.9700000e+00	   3.8299999e+01	  -1.9541272e+01	  -1.0694092e+02	  -1.9236508e+01	
   5.9800000e+00	   4.0137701e+01	  -1.9173226e+01	  -1.0327148e+02	  -1.9774356e+01	
   5.9900000e+00	   4.0470051e+01	  -1.8800689e+01	  -1.0041504e+02	  -2.0288397e+01	
   6.0000000e+00	   4.1750577e+01	  -1.8425435e+01	  -9.7470703e+01	  -2.0781051e+01	
   6.0100000e+00	   3.9600075e+01	  -1.8055256e+01	  -9.6525879e+01	  -2.1258440e+01	
   6.0200000e+00	   4.0997902e+01	  -1.7689752e+01	  -9.4965820e+01	  -2.1724994e+01	
   6.0300000e+00	   4.2043828e+01	  -1.7318885e+01	  -9.1318359e+01	  -2.2172317e+01	
   6.0400000e+00	   4.0880602e+01	  -1.6950708e+01	  -8.8571777e+01	  -2.2596814e+01	
   6.0500000e+00	   4.1066327e+01	  -1.6587898e+01	  -8.6000977e+01	  -2.3001998e+01	
   6.0600000e+00	   4.2112253e+01	  -1.6223504e+01	  -8.2749023e+01	  -2.3386410e+01	
   6.0700000e+00	   4.2640103e+01	  -1.5856463e+01	  -8.0002441e+01	  -2.3749628e+01	
   6.0800000e+00	   4.2874703e+01	  -1.5489333e+01	  -7.7585449e+01	  -2.4094399e+01	
   6.0900000e+00	   4.3275479e+01	  -1.5122513e+01	  -7.5827637e+01	  -2.4423937e+01	
   6.1000000e+00	   4.2122028e+01	  -1.4760348e+01	  -7.4816895e+01	  -2.4742740e+01	
   6.1100000e+00	   4.2200228e+01	  -1.4403819e+01	  -7.1564941e+01	  -2.5046197e+01	
   6.1200000e+00	   4.3822879e+01	  -1.4044196e+01	  -6.8906250e+01	  -2.5329242e+01	
   6.1300000e+00	   4.2434828e+01	  -1.3686091e+01	  -6.6489258e+01	  -2.5594618e+01	
   6.1400000e+00	   4.3451429e+01	  -1.3331392e+01	  -6.4094238e+01	  -2.5843262e+01	
   6.1500000e+00	   4.4380055e+01	  -1.2972823e+01	  -5.9743652e+01	  -2.6069223e+01	
   6.1600000e+00	   4.3334129e+01	  -1.2616867e+01	  -5.5524902e+01	  -2.6266932e+01	
   6.1700000e+00	   4.3686029e+01	  -1.2265315e+01	  -5.4953613e+01	  -2.6448401e+01	
   6.1800000e+00	   4.3676254e+01	  -1.1914892e+01	  -5.2866211e+01	  -2.6620407e+01	
   6.1900000e+00	   4.3637154e+01	  -1.1566818e+01	  -5.0273438e+01	  -2.6776678e+01	
   6.2000000e+00	   4.4487580e+01	  -1.1218383e+01	  -4.6472168e+01	  -2.6911946e+01	
   6.2100000e+00	   4.4458255e+01	  -1.0869559e+01	  -4.5197754e+01	  -2.7030471e+01	
   6.2200000e+00	   4.3549179e+01	  -1.0525859e+01	  -4.2473145e+01	  -2.7135730e+01	
   6.2300000e+00	   4.4771055e+01	  -1.0183332e+01	  -4.0473633e+01	  -2.7225534e+01	
   6.2400000e+00	   4.3705579e+01	  -9.8424601e+00	  -3.6430664e+01	  -2.7295852e+01	
   6.2500000e+00	   4.3470979e+01	  -9.5077952e+00	  -3.4760742e+01	  -2.7347838e+01	
   6.2600000e+00	   4.6032031e+01	  -9.1679405e+00	  -3.2124023e+01	  -2.7386012e+01	
   6.2700000e+00	   4.5729006e+01	  -8.8231429e+00	  -2.7355957e+01	  -2.7400756e+01	
   6.2800000e+00	   4.5152281e+01	  -8.4832601e+00	  -2.5114746e+01	  -2.7393456e+01	
   6.2900000e+00	   4.4507130e+01	  -8.1493329e+00	  -2.1247559e+01	  -2.7367073e+01	
   6.3000000e+00	   4.4966555e+01	  -7.8180788e+00	  -1.9248047e+01	  -2.7322481e+01	
   6.3100000e+00	   4.5132731e+01	  -7.4869403e+00	  -1.5183105e+01	  -2.7259176e+01	
   6.3200000e+00	   4.4624430e+01	  -7.1589474e+00	  -1.5227051e+01	  -2.7183675e+01	
   6.3300000e+00	   4.6090681e+01	  -6.8300088e+00	  -1.1403809e+01	  -2.7096811e+01	
   6.3400000e+00	   4.5856081e+01	  -6.4992732e+00	  -7.6025391e+00	  -2.6986612e+01	
   6.3500000e+00	   4.6149331e+01	  -6.1704256e+00	  -5.0756836e+00	  -2.6857286e+01	
   6.3600000e+00	   4.6315507e+01	  -5.8421989e+00	  -1.9335938e+00	  -2.6711016e+01	
   6.3700000e+00	   4.6325282e+01	  -5.5154770e+00	  -2.9443359e+00	  -2.6558988e+01	
   6.3800000e+00	   4.5347781e+01	  -5.1938322e+00	   2.3291016e+00	  -2.6394561e+01	
   6.3900000e+00	   4.6471907e+01	  -4.8737429e+00	   5.5371094e+00	  -2.6204603e+01	
   6.4000000e+00	   4.6159106e+01	  -4.5531176e+00	   7.3608398e+00	  -2.6000076e+01	
   6.4100000e+00	   4.5797431e+01	  -4.2366128e+00	   1.3579102e+01	  -2.5771645e+01	
   6.4200000e+00	   4.7175707e+01	  -3.9189067e+00	   1.5820313e+01	  -2.5518152e+01	
   6.4300000e+00	   4.5875631e+01	  -3.6029457e+00	   1.8588867e+01	  -2.5250557e+01	
   6.4400000e+00	   4.6589207e+01	  -3.2908004e+00	   1.9731445e+01	  -2.4972389e+01	
   6.4500000e+00	   4.7498283e+01	  -2.9755286e+00	   2.1423340e+01	  -2.4687087e+01	
   6.4600000e+00	   4.6618532e+01	  -2.6621396e+00	   2.4697266e+01	  -2.4388019e+01	
   6.4700000e+00	   4.5338006e+01	  -2.3574790e+00	   2.5795898e+01	  -2.4077132e+01	
   6.4800000e+00	   4.5386881e+01	  -2.0585839e+00	   2.8959961e+01	  -2.3754842e+01	
   6.4900000e+00	   4.6618532e+01	  -1.7575507e+00	   3.3332520e+01	  -2.3410967e+01	
   6.5000000e+00	   4.5699681e+01	  -1.4574233e+00	   3.5661621e+01	  -2.3048258e+01	
   6.5100000e+00	   4.7762208e+01	  -1.1555941e+00	   3.9375000e+01	  -2.2668898e+01	
   6.5200000e+00	   4.6393707e+01	  -8.5348189e-01	   4.6560059e+01	  -2.2257782e+01	
   6.5300000e+00	   4.6657632e+01	  -5.5672123e-01	   4.4230957e+01	  -2.1834034e+01	
   6.5400000e+00	   4.7195257e+01	  -2.5930907e-01	   4.7812500e+01	  -2.1409018e+01	
   6.5500000e+00	   4.6002706e+01	   3.4189167e-02	   5.3151855e+01	  -2.0958725e+01	
   6.5600000e+00	   4.7488508e+01	   3.2676746e-01	   5.3964844e+01	  -2.0491985e+01	
   6.5700000e+00	   4.6178657e+01	   6.1806422e-01	   5.8557129e+01	  -2.0011241e+01	
   6.5800000e+00	   4.7107282e+01	   9.0634252e-01	   6.1633301e+01	  -1.9509492e+01	
   6.5900000e+00	   4.7156157e+01	   1.1958765e+00	   6.4226074e+01	  -1.8993132e+01	
   6.6000000e+00	   4.7341883e+01	   1.4843317e+00	   6.9521484e+01	  -1.8455302e+01	
   6.6100000e+00	   4.6491457e+01	   1.7688984e+00	   6.9873047e+01	  -1.7903156e+01	
   6.6200000e+00	   4.7126832e+01	   2.0510093e+00	   7.3740234e+01	  -1.7341256e+01	
   6.6300000e+00	   4.7146382e+01	   2.3334042e+00	   7.3784180e+01	  -1.6770627e+01	
   6.6400000e+00	   4.6950882e+01	   2.6134793e+00	   7.7827148e+01	  -1.6190772e+01	
   6.6500000e+00	   4.7165932e+01	   2.8918614e+00	   8.0903320e+01	  -1.5592255e+01	
   6.6600000e+00	   4.6618532e+01	   3.1674589e+00	   8.7780762e+01	  -1.4966313e+01	
   6.6700000e+00	   4.7586258e+01	   3.4426467e+00	   8.5451660e+01	  -1.4330048e+01	
   6.6800000e+00	   4.6159106e+01	   3.7146719e+00	   9.3229980e+01	  -1.3680703e+01	
   6.6900000e+00	   4.8700609e+01	   3.9884832e+00	   9.2219238e+01	  -1.3014230e+01	
   6.7000000e+00	   4.8505109e+01	   4.2679267e+00	   9.5295410e+01	  -1.2345463e+01	
   6.7100000e+00	   4.7156157e+01	   4.5407829e+00	   1.0146973e+02	  -1.1651915e+01	
   6.7200000e+00	   4.6149331e+01	   4.8045524e+00	   1.0636963e+02	  -1.0928029e+01	
   6.7300000e+00	   4.8602859e+01	   5.0712004e+00	   1.0472168e+02	  -1.0198493e+01	
   6.7400000e+00	   4.7371208e+01	   5.3400050e+00	   1.1126953e+02	  -9.4581810e+00	
   6.7500000e+00	   4.8162983e+01	   5.6057483e+00	   1.1359863e+02	  -8.6947053e+00	
   6.7600000e+00	   4.8681059e+01	   5.8739292e+00	   1.1761963e+02	  -7.9161247e+00	
   6.7700000e+00	   4.7478733e+01	   6.1382875e+00	   1.1726807e+02	  -7.1309289e+00	
   6.7800000e+00	   4.6823807e+01	   6.3951735e+00	   1.2471680e+02	  -6.3284246e+00	
   6.7900000e+00	   4.6902007e+01	   6.6486443e+00	   1.2704590e+02	  -5.5003249e+00	
   6.8000000e+00	   4.7527608e+01	   6.9027316e+00	   1.2759521e+02	  -4.6683976e+00	
   6.8100000e+00	   4.8534434e+01	   7.1603398e+00	   1.3223145e+02	  -3.8254411e+00	
   6.8200000e+00	   4.7508058e+01	   7.4162732e+00	   1.3508789e+02	  -2.9642992e+00	
   6.8300000e+00	   4.9541260e+01	   7.6737568e+00	   1.3761475e+02	  -2.0916919e+00	
   6.8400000e+00	   4.8710384e+01	   7.9333930e+00	   1.4209717e+02	  -1.2025987e+00	
   6.8500000e+00	   4.8739709e+01	   8.1888927e+00	   1.4539307e+02	  -2.9471458e-01	
   6.8600000e+00	   4.8495334e+01	   8.4421185e+00	   1.5152344e+02	   6.3700386e-01	
   6.8700000e+00	   4.7566708e+01	   8.6900847e+00	   1.5407227e+02	   1.5900677e+00	
   6.8800000e+00	   4.8671284e+01	   8.9370488e+00	   1.5361084e+02	   2.5436992e+00	
   6.8900000e+00	   4.7449408e+01	   9.1820987e+00	   1.5886230e+02	   3.5063589e+00	
   6.9000000e+00	   4.7038857e+01	   9.4205014e+00	   1.6165283e+02	   4.4881745e+00	
   6.9100000e+00	   4.9120934e+01	   9.6626456e+00	   1.6371826e+02	   5.4790483e+00	
   6.9200000e+00	   4.9130709e+01	   9.9098243e+00	   1.6894775e+02	   6.4865616e+00	
   6.9300000e+00	   4.8133658e+01	   1.0152363e+01	   1.7338623e+02	   7.5180422e+00	
   6.9400000e+00	   4.7879508e+01	   1.0389464e+01	   1.7323242e+02	   8.5564806e+00	
   6.9500000e+00	   4.9218684e+01	   1.0628478e+01	   1.7534180e+02	   9.5945391e+00	
   6.9600000e+00	   4.8896109e+01	   1.0869178e+01	   1.7696777e+02	   1.0637794e+01	
   6.9700000e+00	   4.8524659e+01	   1.1106198e+01	   1.7542969e+02	   1.1674790e+01	
   6.9800000e+00	   4.7820858e+01	   1.1338365e+01	  -1.3974609e+01	   1.2107303e+01	
   6.9900000e+00	   4.8524659e+01	   1.1569079e+01	  -1.8000000e+02	   1.1423986e+01	
   7.0000000e+00	   4.9111159e+01	   1.1802388e+01	  -1.8000000e+02	   1.0224997e+01	
   7.0100000e+00	   4.9140484e+01	   1.2036164e+01	  -1.8000000e+02	   9.0335170e+00	
   7.0200000e+00	   4.9345759e+01	   1.2269211e+01	  -1.8000000e+02	   7.8495002e+00	
   7.0300000e+00	   4.9472835e+01	   1.2501839e+01	  -1.7852783e+02	   6.6775100e+00	
   7.0400000e+00	   4.7723108e+01	   1.2727928e+01	  -1.7558350e+02	   5.5266920e+00	
   7.0500000e+00	   4.9228459e+01	   1.2951836e+01	  -1.7132080e+02	   4.4056530e+00	
   7.0600000e+00	   4.8769034e+01	   1.3177617e+01	  -1.6945313e+02	   3.3108344e+00	
   7.0700000e+00	   4.9541260e+01	   1.3402963e+01	  -1.6747559e+02	   2.2349156e+00	
   7.0800000e+00	   4.8798359e+01	   1.3626990e+01	  -1.6035645e+02	   1.1942246e+00	
   7.0900000e+00	   4.8651734e+01	   1.3846827e+01	  -1.6108154e+02	   1.8007650e-01	
   7.1000000e+00	   4.7801308e+01	   1.4062165e+01	  -1.5633545e+02	  -8.1512660e-01	
   7.1100000e+00	   4.8221633e+01	   1.4274808e+01	  -1.5363281e+02	  -1.7807685e+00	
   7.1200000e+00	   4.7752433e+01	   1.4485965e+01	  -1.4952393e+02	  -2.7190301e+00	
   7.1300000e+00	   4.8700609e+01	   1.4697300e+01	  -1.4550293e+02	  -3.6259539e+00	
   7.1400000e+00	   4.8954759e+01	   1.4911077e+01	  -1.4671143e+02	  -4.5183891e+00	
   7.1500000e+00	   4.8974309e+01	   1.5124372e+01	  -1.4097656e+02	  -5.3910590e+00	
   7.1600000e+00	   4.8358484e+01	   1.5334463e+01	  -1.3939453e+02	  -6.2353481e+00	
   7.1700000e+00	   4.7977258e+01	   1.5540116e+01	  -1.3508789e+02	  -7.0559071e+00	
   7.1800000e+00	   4.8094558e+01	   1.5743655e+01	  -1.3201172e+02	  -7.8482052e+00	
   7.1900000e+00	   4.8133658e+01	   1.5946408e+01	  -1.2748535e+02	  -8.6117314e+00	
   7.2000000e+00	   4.8612634e+01	   1.6149514e+01	  -1.2469482e+02	  -9.3475604e+00	
   7.2100000e+00	   4.9003634e+01	   1.6354072e+01	  -1.2100342e+02	  -1.0058481e+01	
   7.2200000e+00	   4.8084783e+01	   1.6555696e+01	  -1.1975098e+02	  -1.0749465e+01	
   7.2300000e+00	   4.8534434e+01	   1.6754587e+01	  -1.1693848e+02	  -1.1423391e+01	
   7.2400000e+00	   4.9072059e+01	   1.6955325e+01	  -1.1311523e+02	  -1.2072314e+01	
   7.2500000e+00	   4.8221633e+01	   1.7153826e+01	  -1.1100586e+02	  -1.2698593e+01	
   7.2600000e+00	   4.8505109e+01	   1.7349307e+01	  -1.0777588e+02	  -1.3304228e+01	
   7.2700000e+00	   4.9032959e+01	   1.7546106e+01	  -1.0474365e+02	  -1.3886458e+01	
   7.2800000e+00	   4.8769034e+01	   1.7742498e+01	  -1.0364502e+02	  -1.4452104e+01	
   7.2900000e+00	   4.9414184e+01	   1.7938854e+01	  -9.8701172e+01	  -1.4995283e+01	
   7.3000000e+00	   4.9101384e+01	   1.8135021e+01	  -9.6086426e+01	  -1.5511389e+01	
   7.3100000e+00	   4.9384859e+01	   1.8329868e+01	  -9.3010254e+01	  -1.6006439e+01	
   7.3200000e+00	   4.9120934e+01	   1.8523555e+01	  -8.9428711e+01	  -1.6477538e+01	
   7.3300000e+00	   4.8397584e+01	   1.8712937e+01	  -8.6770020e+01	  -1.6926143e+01	
   7.3400000e+00	   4.8749484e+01	   1.8899970e+01	  -8.4572754e+01	  -1.7356731e+01	
   7.3500000e+00	   4.8925434e+01	   1.9087484e+01	  -8.0925293e+01	  -1.7766318e+01	
   7.3600000e+00	   4.8837459e+01	   1.9274099e+01	  -7.7629395e+01	  -1.8151594e+01	
   7.3700000e+00	   4.8534434e+01	   1.9458321e+01	  -7.4750977e+01	  -1.8515120e+01	
   7.3800000e+00	   4.7703558e+01	   1.9637838e+01	  -7.2795410e+01	  -1.8861231e+01	
   7.3900000e+00	   4.7771983e+01	   1.9813843e+01	  -7.0048828e+01	  -1.9190447e+01	
   7.4000000e+00	   4.7684008e+01	   1.9988684e+01	  -6.6687012e+01	  -1.9498472e+01	
   7.4100000e+00	   4.7488508e+01	   2.0161542e+01	  -6.4204102e+01	  -1.9786263e+01	
   7.4200000e+00	   4.8075008e+01	   2.0334542e+01	  -6.1918945e+01	  -2.0057318e+01	
   7.4300000e+00	   4.8436684e+01	   2.0509428e+01	  -5.8161621e+01	  -2.0307753e+01	
   7.4400000e+00	   4.7801308e+01	   2.0682361e+01	  -5.5129395e+01	  -2.0535355e+01	
   7.4500000e+00	   4.8211858e+01	   2.0853508e+01	  -5.2646484e+01	  -2.0744260e+01	
   7.4600000e+00	   4.8446459e+01	   2.1025602e+01	  -4.9262695e+01	  -2.0933483e+01	
   7.4700000e+00	   4.9277334e+01	   2.1199955e+01	  -4.5725098e+01	  -2.1099845e+01	
   7.4800000e+00	   4.9150259e+01	   2.1375421e+01	  -4.3659668e+01	  -2.1247618e+01	
   7.4900000e+00	   4.8641959e+01	   2.1547798e+01	  -4.1660156e+01	  -2.1381734e+01	
   7.5000000e+00	   4.8260733e+01	   2.1716309e+01	  -3.8012695e+01	  -2.1497326e+01	
   7.5100000e+00	   4.9648785e+01	   2.1886918e+01	  -3.4343262e+01	  -2.1589279e+01	
   7.5200000e+00	   4.9140484e+01	   2.2059213e+01	  -3.1333008e+01	  -2.1659736e+01	
   7.5300000e+00	   4.8632184e+01	   2.2227245e+01	  -2.7048340e+01	  -2.1706906e+01	
   7.5400000e+00	   4.8016358e+01	   2.2390705e+01	  -2.5686035e+01	  -2.1736096e+01	
   7.5500000e+00	   4.7693783e+01	   2.2550202e+01	  -2.3576660e+01	  -2.1754231e+01	
   7.5600000e+00	   4.7547158e+01	   2.2707230e+01	  -1.9138184e+01	  -2.1751745e+01	
   7.5700000e+00	   4.8407359e+01	   2.2865509e+01	  -1.5358887e+01	  -2.1723539e+01	
   7.5800000e+00	   4.7967483e+01	   2.3024114e+01	  -1.4941406e+01	  -2.1682367e+01	
   7.5900000e+00	   4.9580360e+01	   2.3185399e+01	  -9.7778320e+00	  -2.1623973e+01	
   7.6000000e+00	   4.8280283e+01	   2.3346653e+01	  -8.8549805e+00	  -2.1546885e+01	
   7.6100000e+00	   4.8993859e+01	   2.3505060e+01	  -6.3500977e+00	  -2.1459544e+01	
   7.6200000e+00	   4.7478733e+01	   2.3659965e+01	  -2.2851563e+00	  -2.1352175e+01	
   7.6300000e+00	   4.8583309e+01	   2.3812614e+01	   3.7133789e+00	  -2.1213962e+01	
   7.6400000e+00	   4.8104333e+01	   2.3966265e+01	   5.0756836e+00	  -2.1053563e+01	
   7.6500000e+00	   4.8202083e+01	   2.4117761e+01	   9.8876953e+00	  -2.0874831e+01	
   7.6600000e+00	   4.7361433e+01	   2.4265981e+01	   8.9428711e+00	  -2.0685108e+01	
   7.6700000e+00	   4.8993859e+01	   2.4415753e+01	   1.4216309e+01	  -2.0483017e+01	
   7.6800000e+00	   4.8348709e+01	   2.4567678e+01	   1.4919434e+01	  -2.0263475e+01	
   7.6900000e+00	   4.9599910e+01	   2.4720549e+01	   1.9995117e+01	  -2.0027210e+01	
   7.7000000e+00	   4.7283233e+01	   2.4869127e+01	   2.2236328e+01	  -1.9769510e+01	
   7.7100000e+00	   4.9423960e+01	   2.5016222e+01	   2.5048828e+01	  -1.9497597e+01	
   7.7200000e+00	   4.8632184e+01	   2.5166621e+01	   2.6103516e+01	  -1.9215276e+01	
   7.7300000e+00	   4.9169809e+01	   2.5315282e+01	   3.1926270e+01	  -1.8913185e+01	
   7.7400000e+00	   4.7664458e+01	   2.5459981e+01	   3.3552246e+01	  -1.8589659e+01	
   7.7500000e+00	   4.8778809e+01	   2.5602550e+01	   3.7529297e+01	  -1.8250611e+01	
   7.7600000e+00	   4.7605808e+01	   2.5744041e+01	   4.0385742e+01	  -1.7892287e+01	
   7.7700000e+00	   4.7605808e+01	   2.5880973e+01	   4.3747559e+01	  -1.7516732e+01	
   7.7800000e+00	   4.8123883e+01	   2.6018670e+01	   4.9943848e+01	  -1.7113596e+01	
   7.7900000e+00	   4.8065233e+01	   2.6156943e+01	   4.9240723e+01	  -1.6695782e+01	
   7.8000000e+00	   4.8280283e+01	   2.6294839e+01	   5.1899414e+01	  -1.6274460e+01	
   7.8100000e+00	   4.7517833e+01	   2.6430158e+01	   5.5656738e+01	  -1.5835684e+01	
   7.8200000e+00	   4.8407359e+01	   2.6565027e+01	   5.9831543e+01	  -1.5374815e+01	
   7.8300000e+00	   4.8759259e+01	   2.6702939e+01	   6.1171875e+01	  -1.4899560e+01	
   7.8400000e+00	   4.9404409e+01	   2.6843110e+01	   6.4116211e+01	  -1.4413864e+01	
   7.8500000e+00	   5.0088660e+01	   2.6986566e+01	   6.9169922e+01	  -1.3906161e+01	
   7.8600000e+00	   4.8798359e+01	   2.7127226e+01	   7.1784668e+01	  -1.3377623e+01	
   7.8700000e+00	   4.8426909e+01	   2.7261800e+01	   7.5278320e+01	  -1.2833265e+01	
   7.8800000e+00	   4.8436684e+01	   2.7394399e+01	   7.9123535e+01	  -1.2269334e+01	
   7.8900000e+00	   4.7908833e+01	   2.7524545e+01	   8.2331543e+01	  -1.1686845e+01	
   7.9000000e+00	   4.6784707e+01	   2.7648702e+01	   8.3583984e+01	  -1.1094036e+01	
   7.9100000e+00	   4.8387809e+01	   2.7773582e+01	   8.8000488e+01	  -1.0487186e+01	
   7.9200000e+00	   4.7390758e+01	   2.7899577e+01	   9.0549316e+01	  -9.8623233e+00	
   7.9300000e+00	   4.7234357e+01	   2.8021171e+01	   9.2834473e+01	  -9.2262356e+00	
   7.9400000e+00	   4.8368259e+01	   2.8145064e+01	   9.7338867e+01	  -8.5728687e+00	
   7.9500000e+00	   4.7879508e+01	   2.8270202e+01	   9.8942871e+01	  -7.9044642e+00	
   7.9600000e+00	   4.9707435e+01	   2.8398750e+01	   1.0357910e+02	  -7.2207033e+00	
   7.9700000e+00	   4.8935209e+01	   2.8529799e+01	   1.0777588e+02	  -6.5135622e+00	
   7.9800000e+00	   4.8935209e+01	   2.8657609e+01	   1.0749023e+02	  -5.7986016e+00	
   7.9900000e+00	   4.8514884e+01	   2.8783302e+01	   1.1623535e+02	  -5.0616261e+00	
   8.0000000e+00	   4.8192308e+01	   2.8905881e+01	   1.1548828e+02	  -4.3042187e+00	
   8.0100000e+00	   4.9482610e+01	   2.9030723e+01	   1.1858643e+02	  -3.5441923e+00	
   8.0200000e+00	   4.9482610e+01	   2.9158824e+01	   1.2150879e+02	  -2.7700716e+00	
   8.0300000e+00	   4.7586258e+01	   2.9280184e+01	   1.2601318e+02	  -1.9775407e+00	
   8.0400000e+00	   4.8348709e+01	   2.9397232e+01	   1.3139648e+02	  -1.1590079e+00	
   8.0500000e+00	   4.7390758e+01	   2.9512935e+01	   1.3058350e+02	  -3.3128891e-01	
   8.0600000e+00	   4.8241183e+01	   2.9627577e+01	   1.3363770e+02	   4.9826460e-01	
   8.0700000e+00	   4.7684008e+01	   2.9742419e+01	   1.3739502e+02	   1.3439543e+00	
   8.0800000e+00	   4.8045683e+01	   2.9855929e+01	   1.4086670e+02	   2.2069865e+00	
   8.0900000e+00	   4.9404409e+01	   2.9974116e+01	   1.4284424e+02	   3.0816787e+00	
   8.1000000e+00	   4.7224582e+01	   3.0088992e+01	   1.4871094e+02	   3.9754586e+00	
   8.1100000e+00	   4.8632184e+01	   3.0200729e+01	   1.5380859e+02	   4.8979781e+00	
   8.1200000e+00	   4.9453285e+01	   3.0318747e+01	   1.5418213e+02	   5.8318538e+00	
   8.1300000e+00	   4.7938158e+01	   3.0433851e+01	   1.5708252e+02	   6.7701333e+00	
   8.1400000e+00	   4.9365309e+01	   3.0547960e+01	   1.6167480e+02	   7.7260011e+00	
   8.1500000e+00	   4.9902935e+01	   3.0667506e+01	   1.6530029e+02	   8.7016180e+00	
   8.1600000e+00	   4.9697660e+01	   3.0787345e+01	   1.6646484e+02	   9.6861254e+00	
   8.1700000e+00	   4.8143433e+01	   3.0900923e+01	   1.7437500e+02	   1.0692886e+01	
   8.1800000e+00	   4.8847234e+01	   3.1011126e+01	   1.7356201e+02	   1.1715568e+01	
   8.1900000e+00	   4.7165932e+01	   3.1117578e+01	   1.7501221e+02	   1.2733839e+01	
   8.2000000e+00	   4.9101384e+01	   3.1224158e+01	   1.7573730e+02	   1.3752545e+01	
   8.2100000e+00	   4.9912710e+01	   3.1338674e+01	   1.7468262e+02	   1.4763838e+01	
   8.2200000e+00	   5.0186410e+01	   3.1455870e+01	  -1.3205566e+01	   1.5177073e+01	
   8.2300000e+00	   5.0352585e+01	   3.1573710e+01	  -1.8000000e+02	   1.4476936e+01	
   8.2400000e+00	   4.9169809e+01	   3.1687627e+01	  -1.8000000e+02	   1.3258824e+01	
   8.2500000e+00	   4.9355534e+01	   3.1797709e+01	  -1.8000000e+02	   1.2048342e+01	
   8.2600000e+00	   4.9345759e+01	   3.1907653e+01	  -1.8000000e+02	   1.0845442e+01	
   8.2700000e+00	   4.8456234e+01	   3.2014091e+01	  -1.8000000e+02	   9.6500761e+00	
   8.2800000e+00	   4.9922485e+01	   3.2121669e+01	  -1.7558350e+02	   8.4760289e+00	
   8.2900000e+00	   4.9335984e+01	   3.2231328e+01	  -1.7294678e+02	   7.3314244e+00	
   8.3000000e+00	   4.9590135e+01	   3.2339259e+01	  -1.7085938e+02	   6.2087840e+00	
   8.3100000e+00	   4.8221633e+01	   3.2443025e+01	  -1.6879395e+02	   5.1061810e+00	
   8.3200000e+00	   4.8378034e+01	   3.2542344e+01	  -1.6233398e+02	   4.0371837e+00	
   8.3300000e+00	   4.7420083e+01	   3.2638531e+01	  -1.6013672e+02	   3.0019945e+00	
   8.3400000e+00	   4.9384859e+01	   3.2737269e+01	  -1.5563232e+02	   1.9942772e+00	
   8.3500000e+00	   4.8065233e+01	   3.2837409e+01	  -1.5266602e+02	   1.0162683e+00	
   8.3600000e+00	   4.7468958e+01	   3.2930922e+01	  -1.5038086e+02	   6.0831490e-02	
   8.3700000e+00	   4.9472835e+01	   3.3028257e+01	  -1.4684326e+02	  -8.7038540e-01	
   8.3800000e+00	   4.8837459e+01	   3.3129268e+01	  -1.4229492e+02	  -1.7704463e+00	
   8.3900000e+00	   4.8651734e+01	   3.3227075e+01	  -1.4306396e+02	  -2.6530339e+00	
   8.4000000e+00	   4.9599910e+01	   3.3326657e+01	  -1.3730713e+02	  -3.5144727e+00	
   8.4100000e+00	   4.9580360e+01	   3.3428524e+01	  -1.3543945e+02	  -4.3466376e+00	
   8.4200000e+00	   4.9414184e+01	   3.3529171e+01	  -1.3080322e+02	  -5.1532216e+00	
   8.4300000e+00	   4.8915659e+01	   3.3627106e+01	  -1.2849609e+02	  -5.9330086e+00	
   8.4400000e+00	   4.9854060e+01	   3.3725805e+01	  -1.2579346e+02	  -6.6922220e+00	
   8.4500000e+00	   4.8466009e+01	   3.3822478e+01	  -1.2038818e+02	  -7.4212879e+00	
   8.4600000e+00	   4.8553984e+01	   3.3914474e+01	  -1.2019043e+02	  -8.1282400e+00	
   8.4700000e+00	   4.8241183e+01	   3.4005189e+01	  -1.1700439e+02	  -8.8201668e+00	
   8.4800000e+00	   4.8426909e+01	   3.4094938e+01	  -1.1414795e+02	  -9.4888360e+00	
   8.4900000e+00	   4.9248009e+01	   3.4187278e+01	  -1.1067627e+02	  -1.0133499e+01	
   8.5000000e+00	   4.9267559e+01	   3.4281673e+01	  -1.0680908e+02	  -1.0751140e+01	
   8.5100000e+00	   4.8954759e+01	   3.4374558e+01	  -1.0351318e+02	  -1.1342480e+01	
   8.5200000e+00	   4.9013409e+01	   3.4466065e+01	  -1.0070068e+02	  -1.1910986e+01	
   8.5300000e+00	   4.8534434e+01	   3.4555683e+01	  -9.7668457e+01	  -1.2457626e+01	
   8.5400000e+00	   4.9287109e+01	   3.4645596e+01	  -9.5009766e+01	  -1.2983020e+01	
   8.5500000e+00	   4.9355534e+01	   3.4737518e+01	  -9.0856934e+01	  -1.3483791e+01	
   8.5600000e+00	   4.7420083e+01	   3.4823017e+01	  -8.8967285e+01	  -1.3962502e+01	
   8.5700000e+00	   4.8260733e+01	   3.4904552e+01	  -8.7055664e+01	  -1.4426310e+01	
   8.5800000e+00	   4.7987033e+01	   3.4987352e+01	  -8.3847656e+01	  -1.4871180e+01	
   8.5900000e+00	   4.8563759e+01	   3.5070582e+01	  -8.0397949e+01	  -1.5292412e+01	
   8.6000000e+00	   4.8612634e+01	   3.5155250e+01	  -7.7189941e+01	  -1.5690156e+01	
   8.6100000e+00	   4.7938158e+01	   3.5237428e+01	  -7.5058594e+01	  -1.6068686e+01	
   8.6200000e+00	   4.7380983e+01	   3.5315234e+01	  -7.2773438e+01	  -1.6431015e+01	
   8.6300000e+00	   4.9101384e+01	   3.5396196e+01	  -6.8994141e+01	  -1.6772081e+01	
   8.6400000e+00	   4.9971360e+01	   3.5484764e+01	  -6.6071777e+01	  -1.7090024e+01	
   8.6500000e+00	   4.8241183e+01	   3.5570083e+01	  -6.2050781e+01	  -1.7384229e+01	
   8.6600000e+00	   4.9942035e+01	   3.5654775e+01	  -5.9699707e+01	  -1.7656637e+01	
   8.6700000e+00	   4.9423960e+01	   3.5742641e+01	  -5.7458496e+01	  -1.7912956e+01	
   8.6800000e+00	   4.9687885e+01	   3.5829161e+01	  -5.2800293e+01	  -1.8146062e+01	
   8.6900000e+00	   4.9208909e+01	   3.5914466e+01	  -5.1152344e+01	  -1.8357959e+01	
   8.7000000e+00	   4.7987033e+01	   3.5993909e+01	  -4.9482422e+01	  -1.8558137e+01	
   8.7100000e+00	   4.8681059e+01	   3.6071202e+01	  -4.5791016e+01	  -1.8740272e+01	
   8.7200000e+00	   4.9013409e+01	   3.6151225e+01	  -4.2802734e+01	  -1.8900346e+01	
   8.7300000e+00	   4.8348709e+01	   3.6229706e+01	  -4.1264648e+01	  -1.9045243e+01	
   8.7400000e+00	   4.9052509e+01	   3.6307818e+01	  -3.7375488e+01	  -1.9172235e+01	
   8.7500000e+00	   4.7625358e+01	   3.6383175e+01	  -3.4167480e+01	  -1.9276205e+01	
   8.7600000e+00	   5.0772911e+01	   3.6463448e+01	  -2.9685059e+01	  -1.9355439e+01	
   8.7700000e+00	   4.9531485e+01	   3.6549188e+01	  -2.6960449e+01	  -1.9411606e+01	
   8.7800000e+00	   5.0137535e+01	   3.6632401e+01	  -2.4169922e+01	  -1.9450149e+01	
   8.7900000e+00	   4.8837459e+01	   3.6712919e+01	  -2.1335449e+01	  -1.9470834e+01	
   8.8000000e+00	   4.8426909e+01	   3.6787576e+01	  -2.0478516e+01	  -1.9479830e+01	
   8.8100000e+00	   5.1554911e+01	   3.6870275e+01	  -1.4128418e+01	  -1.9466198e+01	
   8.8200000e+00	   4.8896109e+01	   3.6953926e+01	  -1.1052246e+01	  -1.9423131e+01	
   8.8300000e+00	   4.9169809e+01	   3.7029584e+01	  -1.1469727e+01	  -1.9372007e+01	
   8.8400000e+00	   4.8788584e+01	   3.7104430e+01	  -5.5371094e+00	  -1.9303931e+01	
   8.8500000e+00	   4.8133658e+01	   3.7175563e+01	  -1.6259766e+00	  -1.9205454e+01	
   8.8600000e+00	   4.9619460e+01	   3.7248853e+01	  -1.7358398e+00	  -1.9095688e+01	
   8.8700000e+00	   4.8378034e+01	   3.7322449e+01	   1.7358398e+00	  -1.8976082e+01	
   8.8800000e+00	   4.7400533e+01	   3.7388634e+01	   2.0874023e+00	  -1.8845251e+01	
   8.8900000e+00	   4.8583309e+01	   3.7455048e+01	   7.9980469e+00	  -1.8695628e+01	
   8.9000000e+00	   4.9492385e+01	   3.7527597e+01	   1.0173340e+01	  -1.8521619e+01	
   8.9100000e+00	   4.7126832e+01	   3.7595131e+01	   1.2766113e+01	  -1.8333767e+01	
   8.9200000e+00	   4.8221633e+01	   3.7658262e+01	   1.5358887e+01	  -1.8130852e+01	
   8.9300000e+00	   4.7791533e+01	   3.7723079e+01	   1.7731934e+01	  -1.7913657e+01	
   8.9400000e+00	   4.9443510e+01	   3.7791316e+01	   2.0610352e+01	  -1.7681375e+01	
   8.9500000e+00	   4.9306659e+01	   3.7863872e+01	   2.5554199e+01	  -1.7426051e+01	
   8.9600000e+00	   4.8319383e+01	   3.7932452e+01	   2.9069824e+01	  -1.7145832e+01	
   8.9700000e+00	   4.8534434e+01	   3.7998184e+01	   3.1398926e+01	  -1.6849065e+01	
   8.9800000e+00	   5.0851111e+01	   3.8071434e+01	   3.7023926e+01	  -1.6529246e+01	
   8.9900000e+00	   4.8935209e+01	   3.8145479e+01	   3.7265625e+01	  -1.6193058e+01	
   9.0000000e+00	   4.8397584e+01	   3.8211377e+01	   3.8935547e+01	  -1.5852988e+01	
   9.0100000e+00	   4.9443510e+01	   3.8278455e+01	   4.2275391e+01	  -1.5499359e+01	
   9.0200000e+00	   4.7312558e+01	   3.8341714e+01	   4.7351074e+01	  -1.5121589e+01	
   9.0300000e+00	   4.9717210e+01	   3.8405433e+01	   5.0690918e+01	  -1.4719830e+01	
   9.0400000e+00	   4.8270508e+01	   3.8471754e+01	   5.0712891e+01	  -1.4310059e+01	
   9.0500000e+00	   4.6735832e+01	   3.8528323e+01	   5.5942383e+01	  -1.3886409e+01	
   9.0600000e+00	   4.7625358e+01	   3.8582517e+01	   5.9128418e+01	  -1.3439056e+01	
   9.0700000e+00	   4.7429858e+01	   3.8638544e+01	   6.5983887e+01	  -1.2963058e+01	
   9.0800000e+00	   4.8162983e+01	   3.8695905e+01	   6.6796875e+01	  -1.2466025e+01	
   9.0900000e+00	   5.0000685e+01	   3.8760958e+01	   7.0004883e+01	  -1.1959513e+01	
   9.1000000e+00	   4.9443510e+01	   3.8829613e+01	   6.9587402e+01	  -1.1447434e+01	
   9.1100000e+00	   4.8153208e+01	   3.8892053e+01	   7.3344727e+01	  -1.0928103e+01	
   9.1200000e+00	   4.8417134e+01	   3.8950887e+01	   8.0529785e+01	  -1.0377756e+01	
   9.1300000e+00	   4.8368259e+01	   3.9010026e+01	   8.1210938e+01	  -9.8062209e+00	
   9.1400000e+00	   4.8104333e+01	   3.9067815e+01	   8.4858398e+01	  -9.2247094e+00	
   9.1500000e+00	   4.9707435e+01	   3.9129436e+01	   8.8242188e+01	  -8.6248199e+00	
   9.1600000e+00	   4.8544209e+01	   3.9192048e+01	   9.5273438e+01	  -7.9960704e+00	
   9.1700000e+00	   4.9932260e+01	   3.9254973e+01	   9.3867188e+01	  -7.3536430e+00	
   9.1800000e+00	   4.8857009e+01	   3.9318483e+01	   9.6196289e+01	  -6.7123492e+00	
   9.1900000e+00	   4.7224582e+01	   3.9373115e+01	   1.0267822e+02	  -6.0474782e+00	
   9.2000000e+00	   4.8378034e+01	   3.9425906e+01	   1.0327148e+02	  -5.3646137e+00	
   9.2100000e+00	   4.8358484e+01	   3.9481916e+01	   1.0808350e+02	  -4.6690983e+00	
   9.2200000e+00	   4.9932260e+01	   3.9542444e+01	   1.1006104e+02	  -3.9566760e+00	
   9.2300000e+00	   4.9032959e+01	   3.9604704e+01	   1.1535645e+02	  -3.2259389e+00	
   9.2400000e+00	   4.8769034e+01	   3.9662932e+01	   1.1838867e+02	  -2.4736985e+00	
   9.2500000e+00	   4.8612634e+01	   3.9719478e+01	   1.2181641e+02	  -1.7059388e+00	
   9.2600000e+00	   4.8221633e+01	   3.9773956e+01	   1.2607910e+02	  -9.1890330e-01	
   9.2700000e+00	   4.7283233e+01	   3.9823930e+01	   1.2702393e+02	  -1.2048871e-01	
   9.2800000e+00	   4.9179584e+01	   3.9876590e+01	   1.3166016e+02	   6.9040353e-01	
   9.2900000e+00	   4.8260733e+01	   3.9931982e+01	   1.3128662e+02	   1.5095665e+00	
   9.3000000e+00	   4.8700609e+01	   3.9985527e+01	   1.3282471e+02	   2.3272457e+00	
   9.3100000e+00	   4.8299833e+01	   4.0038859e+01	   1.4222900e+02	   3.1740723e+00	
   9.3200000e+00	   4.9267559e+01	   4.0093633e+01	   1.3877930e+02	   4.0342431e+00	
   9.3300000e+00	   4.7439633e+01	   4.0145369e+01	   1.4583252e+02	   4.9003116e+00	
   9.3400000e+00	   4.7537383e+01	   4.0191363e+01	   1.4699707e+02	   5.7866916e+00	
   9.3500000e+00	   4.9120934e+01	   4.0242334e+01	   1.5288574e+02	   6.6896088e+00	
   9.3600000e+00	   4.8016358e+01	   4.0294487e+01	   1.5859863e+02	   7.6232039e+00	
   9.3700000e+00	   4.8309608e+01	   4.0343771e+01	   1.6323486e+02	   8.5833623e+00	
   9.3800000e+00	   4.8857009e+01	   4.0395380e+01	   1.6650879e+02	   9.5622796e+00	
   9.3900000e+00	   4.9375084e+01	   4.0450002e+01	   1.6633301e+02	   1.0544768e+01	
   9.4000000e+00	   4.8681059e+01	   4.0503731e+01	   1.6795898e+02	   1.1525644e+01	
   9.4100000e+00	   4.8563759e+01	   4.0554582e+01	   1.7679199e+02	   1.2533132e+01	
   9.4200000e+00	   4.8280283e+01	   4.0603860e+01	   1.7239746e+02	   1.3548209e+01	
   9.4300000e+00	   4.8622409e+01	   4.0653013e+01	   1.7371582e+02	   1.4547295e+01	
   9.4400000e+00	   4.8563759e+01	   4.0702746e+01	   1.7233154e+02	   1.5539916e+01	
   9.4500000e+00	   4.7703558e+01	   4.0749290e+01	   1.7479248e+02	   1.6529692e+01	
   9.4600000e+00	   4.9306659e+01	   4.0797869e+01	  -1.4282227e+01	   1.6928838e+01	
   9.4700000e+00	   5.0782686e+01	   4.0855786e+01	  -1.8000000e+02	   1.6214358e+01	
   9.4800000e+00	   4.8847234e+01	   4.0911902e+01	  -1.8000000e+02	   1.4985364e+01	
   9.4900000e+00	   4.8808134e+01	   4.0961483e+01	  -1.8000000e+02	   1.3764067e+01	
   9.5000000e+00	   4.8905884e+01	   4.1010937e+01	  -1.7905518e+02	   1.2553379e+01	
   9.5100000e+00	   4.9208909e+01	   4.1061336e+01	  -1.7681396e+02	   1.1360253e+01	
   9.5200000e+00	   4.6931332e+01	   4.1105236e+01	  -1.7569336e+02	   1.0185128e+01	
   9.5300000e+00	   4.8632184e+01	   4.1147054e+01	  -1.6912354e+02	   9.0414476e+00	
   9.5400000e+00	   4.9101384e+01	   4.1195407e+01	  -1.6901367e+02	   7.9258502e+00	
   9.5500000e+00	   4.9306659e+01	   4.1245569e+01	  -1.6149902e+02	   6.8411186e+00	
   9.5600000e+00	   4.8221633e+01	   4.1292662e+01	  -1.6321289e+02	   5.7813479e+00	
   9.5700000e+00	   4.8544209e+01	   4.1337072e+01	  -1.5589600e+02	   4.7457624e+00	
   9.5800000e+00	   4.9863835e+01	   4.1386347e+01	  -1.5418213e+02	   3.7449456e+00	
   9.5900000e+00	   4.9707435e+01	   4.1438956e+01	  -1.5068848e+02	   2.7667062e+00	
   9.6000000e+00	   4.8876559e+01	   4.1488144e+01	  -1.4715088e+02	   1.8166142e+00	
   9.6100000e+00	   4.7908833e+01	   4.1531391e+01	  -1.4389893e+02	   8.9373644e-01	
   9.6200000e+00	   4.8798359e+01	   4.1574122e+01	  -1.4396484e+02	  -1.3382962e-02	
   9.6300000e+00	   4.8260733e+01	   4.1617687e+01	  -1.4119629e+02	  -9.0635657e-01	
   9.6400000e+00	   4.8710384e+01	   4.1660705e+01	  -1.3557129e+02	  -1.7674504e+00	
   9.6500000e+00	   4.6774932e+01	   4.1698799e+01	  -1.3251709e+02	  -2.5959695e+00	
   9.6600000e+00	   4.8993859e+01	   4.1737543e+01	  -1.3286865e+02	  -3.4108351e+00	
   9.6700000e+00	   4.8622409e+01	   4.1781830e+01	  -1.2919922e+02	  -4.2102061e+00	
   9.6800000e+00	   4.8241183e+01	   4.1823482e+01	  -1.2506836e+02	  -4.9801414e+00	
   9.6900000e+00	   4.8778809e+01	   4.1865363e+01	  -1.2087158e+02	  -5.7191741e+00	
   9.7000000e+00	   4.8593084e+01	   4.1908084e+01	  -1.1917969e+02	  -6.4351359e+00	
   9.7100000e+00	   4.7938158e+01	   4.1947905e+01	  -1.1594971e+02	  -7.1311990e+00	
   9.7200000e+00	   4.8544209e+01	   4.1987323e+01	  -1.1351074e+02	  -7.8051486e+00	
   9.7300000e+00	   4.7723108e+01	   4.2025820e+01	  -1.0810547e+02	  -8.4503105e+00	
   9.7400000e+00	   4.9521710e+01	   4.2067138e+01	  -1.0560059e+02	  -9.0666588e+00	
   9.7500000e+00	   4.8055458e+01	   4.2109238e+01	  -1.0432617e+02	  -9.6673106e+00	
   9.7600000e+00	   4.8651734e+01	   4.2148350e+01	  -1.0030518e+02	  -1.0247616e+01	
   9.7700000e+00	   4.9414184e+01	   4.2191472e+01	  -9.6108398e+01	  -1.0798551e+01	
   9.7800000e+00	   4.8837459e+01	   4.2234905e+01	  -9.4570313e+01	  -1.1328075e+01	
   9.7900000e+00	   4.8397584e+01	   4.2274883e+01	  -9.1779785e+01	  -1.1840726e+01	
   9.8000000e+00	   4.8817909e+01	   4.2314549e+01	  -8.8879395e+01	  -1.2332343e+01	
   9.8100000e+00	   4.8700609e+01	   4.2354916e+01	  -8.6000977e+01	  -1.2802783e+01	
   9.8200000e+00	   4.8035908e+01	   4.2392581e+01	  -8.3540039e+01	  -1.3253555e+01	
   9.8300000e+00	   4.9140484e+01	   4.2431387e+01	  -7.8266602e+01	  -1.3677281e+01	
   9.8400000e+00	   4.7361433e+01	   4.2467838e+01	  -7.6618652e+01	  -1.4076677e+01	
   9.8500000e+00	   4.7547158e+01	   4.2499071e+01	  -7.3125000e+01	  -1.4457469e+01	
   9.8600000e+00	   4.9277334e+01	   4.2536108e+01	  -6.9916992e+01	  -1.4814888e+01	
   9.8700000e+00	   4.8798359e+01	   4.2576832e+01	  -6.8554688e+01	  -1.5155755e+01	
   9.8800000e+00	   4.9521710e+01	   4.2618066e+01	  -6.4753418e+01	  -1.5478317e+01	
   9.8900000e+00	   4.9277334e+01	   4.2660542e+01	  -6.1545410e+01	  -1.5776906e+01	
   9.9000000e+00	   4.9551035e+01	   4.2702844e+01	  -5.8798828e+01	  -1.6054976e+01	
   9.9100000e+00	   4.8378034e+01	   4.2742064e+01	  -5.4931641e+01	  -1.6310593e+01	
   9.9200000e+00	   4.7693783e+01	   4.2775222e+01	  -5.3481445e+01	  -1.6547955e+01	
   9.9300000e+00	   4.8769034e+01	   4.2809397e+01	  -4.9394531e+01	  -1.6766490e+01	
   9.9400000e+00	   4.9912710e+01	   4.2850307e+01	  -4.6230469e+01	  -1.6960947e+01	
   9.9500000e+00	   4.8622409e+01	   4.2890502e+01	  -4.2341309e+01	  -1.7132098e+01	
   9.9600000e+00	   4.8612634e+01	   4.2926373e+01	  -3.9792480e+01	  -1.7282014e+01	
   9.9700000e+00	   4.8847234e+01	   4.2962724e+01	  -3.6166992e+01	  -1.7411655e+01	
   9.9800000e+00	   4.8583309e+01	   4.2998755e+01	  -3.6057129e+01	  -1.7528785e+01	
   9.9900000e+00	   4.8759259e+01	   4.3034285e+01	  -3.3750000e+01	  -1.7637613e+01	
   1.0000000e+01	   4.8485559e+01	   4.3069286e+01	  -3.1574707e+01	  -1.7731721e+01	
