   0.0000000e+00	  -5.0000000e+01	  -9.4548340e+01	  -1.2927475e+01	   4.4548340e+00	   4.4548340e+00	   4.4548340e+00	   0.0000000e+00	   0.0000000e+00	
   5.0000000e-01	  -5.0000000e+01	  -4.2934570e+01	  -2.8190225e+01	  -7.0654297e-01	  -7.0654297e-01	  -7.0654297e-01	   0.0000000e+00	  -0.0000000e+00	
   1.0000000e+00	  -5.0000000e+01	   1.2941895e+01	  -2.4582258e+01	  -6.2941895e+00	  -6.2941895e+00	  -6.2941895e+00	   0.0000000e+00	  -0.0000000e+00	
   1.5000000e+00	  -5.0000000e+01	  -4.8911133e+01	  -2.2778084e+01	  -1.0888672e-01	  -1.0888672e-01	  -1.0888672e-01	   0.0000000e+00	  -0.0000000e+00	
   2.0000000e+00	  -5.0000000e+01	  -1.3335205e+02	  -4.1469862e+01	   8.3352051e+00	   8.3352051e+00	   8.3352051e+00	   0.0000000e+00	   0.0000000e+00	
   2.5000000e+00	  -5.0000000e+01	  -6.5764160e+01	  -5.7354526e+01	   1.5764160e+00	   1.5764160e+00	   1.5764160e+00	   0.0000000e+00	   0.0000000e+00	
   3.0000000e+00	  -5.0000000e+01	   5.3833008e+01	  -4.3301834e+01	  -1.0000000e+01	  -1.0383301e+01	  -1.0383301e+01	   0.0000000e+00	  -0.0000000e+00	
   3.5000000e+00	  -5.0000000e+01	  -6.7895508e+00	  -2.5028431e+01	  -4.3210449e+00	  -4.3210449e+00	  -4.3210449e+00	   0.0000000e+00	  -0.0000000e+00	
   4.0000000e+00	  -5.0000000e+01	  -1.7364990e+02	  -4.2855478e+01	   1.0000000e+01	   1.2364990e+01	   1.2364990e+01	   0.0000000e+00	   0.0000000e+00	
   4.5000000e+00	  -5.0000000e+01	  -1.4842529e+02	  -7.5173262e+01	   9.8425293e+00	   9.8425293e+00	   9.8425293e+00	   0.0000000e+00	   0.0000000e+00	
   5.0000000e+00	   5.0000000e+01	   6.6687012e+01	  -6.5792543e+01	  -1.6687012e+00	  -1.6687012e+00	  -1.6687012e+00	   0.0000000e+00	  -0.0000000e+00	
   5.5000000e+00	   5.0000000e+01	  -1.6009277e+02	  -6.0572333e+01	   1.0000000e+01	   2.1009277e+01	   2.1009277e+01	   0.0000000e+00	   0.0000000e+00	
   6.0000000e+00	   5.0000000e+01	  -2.0061035e+01	  -6.8640578e+01	   7.0061035e+00	   7.0061035e+00	   7.0061035e+00	   0.0000000e+00	   0.0000000e+00	
   6.5000000e+00	   5.0000000e+01	  -1.7692383e+02	  -7.6803791e+01	   1.0000000e+01	   2.2692383e+01	   2.2692383e+01	   0.0000000e+00	   0.0000000e+00	
   7.0000000e+00	   5.0000000e+01	   5.9985352e+01	  -7.1790070e+01	  -9.9853516e-01	  -9.9853516e-01	  -9.9853516e-01	   0.0000000e+00	  -0.0000000e+00	
   7.5000000e+00	   5.0000000e+01	  -1.5303955e+02	  -6.4881722e+01	   1.0000000e+01	   2.0303955e+01	   2.0303955e+01	   0.0000000e+00	   0.0000000e+00	
   8.0000000e+00	   5.0000000e+01	  -3.3178711e+00	  -6.8517883e+01	   5.3317871e+00	   5.3317871e+00	   5.3317871e+00	   0.0000000e+00	   0.0000000e+00	
   8.5000000e+00	   5.0000000e+01	  -1.7547363e+02	  -7.4227092e+01	   1.0000000e+01	   2.2547363e+01	   2.2547363e+01	   0.0000000e+00	   0.0000000e+00	
   9.0000000e+00	   5.0000000e+01	   4.6384277e+01	  -7.1579364e+01	   3.6157227e-01	   3.6157227e-01	   3.6157227e-01	   0.0000000e+00	   0.0000000e+00	
   9.5000000e+00	   5.0000000e+01	  -1.5877441e+02	  -6.7372413e+01	   1.0000000e+01	   2.0877441e+01	   2.0877441e+01	   0.0000000e+00	   0.0000000e+00	
   1.0000000e+01	   5.0000000e+01	   9.2724609e+00	  -6.9390136e+01	   4.0727539e+00	   4.0727539e+00	   4.0727539e+00	   0.0000000e+00	   0.0000000e+00	
