   0.0000000e+00	   2.0000000e+00	   0.0000000e+00	   0.0000000e+00	
   2.0000000e-01	   2.0000000e+00	   6.5935701e+00	   4.2192896e+00	
   4.0000000e-01	   2.0000000e+00	   1.1013382e+01	   1.4959854e+01	
   6.0000000e-01	   2.0000000e+00	   1.3976077e+01	   3.0071770e+01	
   8.0000000e-01	   2.0000000e+00	   1.5962035e+01	   4.8113896e+01	
   1.0000000e+00	   4.0000000e+00	   1.8340884e+01	   6.8120205e+01	
   1.2000000e+00	   4.0000000e+00	   2.5481429e+01	   9.4698570e+01	
   1.4000000e+00	   4.0000000e+00	   3.0267890e+01	   1.2833919e+02	
   1.6000000e+00	   4.0000000e+00	   3.3476357e+01	   1.6671378e+02	
   1.8000000e+00	   4.0000000e+00	   3.5627062e+01	  -1.5173833e+02	
   2.0000000e+00	   4.0000000e+00	   3.7068726e+01	  -1.0806332e+02	
