   0.0000000e+00	  -5.0000000e+01	   3.3354492e+01	  -8.3354492e+00	  -1.3572123e+00	  -1.3572123e+00	  -3.9751828e-01	  -6.9782369e-01	
   5.0000000e-01	  -5.0000000e+01	   2.7180176e+01	  -7.7180176e+00	  -5.7950664e+00	  -5.7950664e+00	  -2.4923722e+00	  -1.9229512e-01	
   1.0000000e+00	  -5.0000000e+01	   1.6171875e+01	  -6.6171875e+00	  -3.9084897e+00	  -3.9084897e+00	  -4.8687563e+00	  -2.7086978e-01	
   1.5000000e+00	  -5.0000000e+01	   3.4057617e+00	  -5.3405762e+00	  -5.1792408e+00	  -5.1792408e+00	  -5.0762169e+00	  -1.6133535e-02	
   2.0000000e+00	  -5.0000000e+01	  -5.9326172e-01	  -4.9406738e+00	  -1.5722625e+00	  -1.5722625e+00	  -3.8038576e+00	  -3.3684113e-01	
   2.5000000e+00	  -5.0000000e+01	  -5.4931641e+00	  -4.4506836e+00	  -2.3835882e+00	  -2.3835882e+00	  -2.2651703e+00	  -2.0670953e-01	
   3.0000000e+00	  -5.0000000e+01	  -1.4545898e+01	  -3.5454102e+00	  -2.5008884e+00	  -2.5008884e+00	  -1.9366331e+00	  -1.0445218e-01	
   3.5000000e+00	  -5.0000000e+01	  -1.7775879e+01	  -3.2224121e+00	  -2.2174131e+00	  -2.2174131e+00	  -2.4239468e+00	  -1.0049990e-01	
   4.0000000e+00	  -5.0000000e+01	  -2.5642090e+01	  -2.4357910e+00	  -1.2790122e+00	  -1.2790122e+00	  -2.0737640e+00	  -1.1567788e-01	
   4.5000000e+00	  -5.0000000e+01	  -2.7641602e+01	  -2.2358398e+00	  -8.2936181e-01	  -8.2936181e-01	  -1.2257242e+00	  -1.4064780e-01	
   5.0000000e+00	   5.0000000e+01	  -2.9772949e+01	   7.9772949e+00	  -2.1294380e+00	  -2.1294380e+00	  -1.1283392e+00	   1.0106733e+00	
   5.5000000e+00	   5.0000000e+01	  -1.6237793e+01	   6.6237793e+00	   6.7462702e+00	   6.7462702e+00	   6.9592745e-01	  -1.2249087e-02	
   6.0000000e+00	   5.0000000e+01	  -2.7905273e+00	   5.2790527e+00	   3.5693922e+00	   3.5693922e+00	   4.5672188e+00	   1.7096605e-01	
   6.5000000e+00	   5.0000000e+01	   4.0649414e+00	   4.5935059e+00	   5.4891446e-01	   5.4891446e-01	   4.1082094e+00	   4.0445914e-01	
   7.0000000e+00	   5.0000000e+01	   1.4611816e+01	   3.5388184e+00	   3.2272669e+00	   3.2272669e+00	   1.5286312e+00	   3.1155143e-02	
   7.5000000e+00	   5.0000000e+01	   2.1643066e+01	   2.8356934e+00	   1.8978657e+00	   1.8978657e+00	   1.9022772e+00	   9.3782766e-02	
   8.0000000e+00	   5.0000000e+01	   2.9553223e+01	   2.0446777e+00	   1.1647400e+00	   1.1647400e+00	   2.1358614e+00	   8.7993771e-02	
   8.5000000e+00	   5.0000000e+01	   3.3662109e+01	   1.6337891e+00	   1.5655154e+00	   1.5655154e+00	   1.3703106e+00	   6.8273668e-03	
   9.0000000e+00	   5.0000000e+01	   3.6979980e+01	   1.3020020e+00	   5.3913945e-01	   5.3913945e-01	   1.0496565e+00	   7.6286250e-02	
   9.5000000e+00	   5.0000000e+01	   4.0979004e+01	   9.0209961e-01	  -1.2105872e+00	  -1.2105872e+00	   1.8466852e-01	   2.1126868e-01	
   1.0000000e+01	   5.0000000e+01	   3.5771484e+01	   1.4228516e+00	  -5.7521158e-01	  -5.7521158e-01	  -8.9980342e-01	   1.9980631e-01	
