   0.0000000e+00	   5.0000000e+00	  -9.8576196e-01	  -1.1504883e+02	
   1.0000000e-02	   5.0000000e+00	   3.6318929e-01	  -1.1419189e+02	
   2.0000000e-02	   5.0000000e+00	   1.5948404e+00	  -1.1471924e+02	
   3.0000000e-02	   5.0000000e+00	   6.8576458e-01	  -1.1285156e+02	
   4.0000000e-02	   5.0000000e+00	   2.6114414e+00	  -1.1548828e+02	
   5.0000000e-02	   5.0000000e+00	   3.2565920e+00	  -1.1487305e+02	
   6.0000000e-02	   5.0000000e+00	   3.8528675e+00	  -1.1434570e+02	
   7.0000000e-02	   5.0000000e+00	   4.2438679e+00	  -1.1331299e+02	
   8.0000000e-02	   5.0000000e+00	   5.7198942e+00	  -1.1313721e+02	
   9.0000000e-02	   5.0000000e+00	   6.5214450e+00	  -1.1645508e+02	
   1.0000000e-01	   5.0000000e+00	   7.0590705e+00	  -1.1278564e+02	
   1.1000000e-01	   5.0000000e+00	   7.4989459e+00	  -1.1370850e+02	
   1.2000000e-01	   5.0000000e+00	   9.1313724e+00	  -1.1089600e+02	
   1.3000000e-01	   5.0000000e+00	   1.0226173e+01	  -1.0990723e+02	
   1.4000000e-01	   5.0000000e+00	   9.1802474e+00	  -1.1104980e+02	
   1.5000000e-01	   5.0000000e+00	   1.0304373e+01	  -1.1065430e+02	
   1.6000000e-01	   5.0000000e+00	   1.0978849e+01	  -1.0935791e+02	
   1.7000000e-01	   5.0000000e+00	   1.3197776e+01	  -1.0687500e+02	
   1.8000000e-01	   5.0000000e+00	   1.2298475e+01	  -1.0691895e+02	
   1.9000000e-01	   5.0000000e+00	   1.2816551e+01	  -1.0597412e+02	
   2.0000000e-01	   5.0000000e+00	   1.3334626e+01	  -1.0441406e+02	
   2.1000000e-01	   5.0000000e+00	   1.7342380e+01	  -1.0344727e+02	
   2.2000000e-01	   5.0000000e+00	   1.6922055e+01	  -1.0133789e+02	
   2.3000000e-01	   5.0000000e+00	   1.7870230e+01	  -1.0197510e+02	
   2.4000000e-01	   5.0000000e+00	   1.8368756e+01	  -1.0039307e+02	
   2.5000000e-01	   5.0000000e+00	   1.7547655e+01	  -9.8371582e+01	
   2.6000000e-01	   5.0000000e+00	   1.8495831e+01	  -9.8261719e+01	
   2.7000000e-01	   5.0000000e+00	   1.9590632e+01	  -9.7690430e+01	
   2.8000000e-01	   5.0000000e+00	   1.9874107e+01	  -9.7690430e+01	
   2.9000000e-01	   5.0000000e+00	   2.2200559e+01	  -9.4724121e+01	
   3.0000000e-01	   5.0000000e+00	   2.0470383e+01	  -9.2175293e+01	
   3.1000000e-01	   5.0000000e+00	   2.3236710e+01	  -9.2263184e+01	
   3.2000000e-01	   5.0000000e+00	   2.2640435e+01	  -9.0000000e+01	
   3.3000000e-01	   5.0000000e+00	   2.3862311e+01	  -8.8637695e+01	
   3.4000000e-01	   5.0000000e+00	   2.3520186e+01	  -8.8088379e+01	
   3.5000000e-01	   5.0000000e+00	   2.3872086e+01	  -8.7275391e+01	
   3.6000000e-01	   5.0000000e+00	   2.5563163e+01	  -8.5122070e+01	
   3.7000000e-01	   5.0000000e+00	   2.5318787e+01	  -8.2111816e+01	
   3.8000000e-01	   5.0000000e+00	   2.5191712e+01	  -8.1914063e+01	
   3.9000000e-01	   5.0000000e+00	   2.6843689e+01	  -8.0705566e+01	
   4.0000000e-01	   5.0000000e+00	   2.8671615e+01	  -7.8420410e+01	
   4.1000000e-01	   5.0000000e+00	   2.8427240e+01	  -7.5388184e+01	
   4.2000000e-01	   5.0000000e+00	   2.7928715e+01	  -7.5278320e+01	
   4.3000000e-01	   5.0000000e+00	   2.8231740e+01	  -7.3388672e+01	
   4.4000000e-01	   5.0000000e+00	   3.0098767e+01	  -7.1850586e+01	
   4.5000000e-01	   5.0000000e+00	   2.9248341e+01	  -7.0883789e+01	
   4.6000000e-01	   5.0000000e+00	   2.9688216e+01	  -6.7412109e+01	
   4.7000000e-01	   5.0000000e+00	   3.0108542e+01	  -6.5258789e+01	
   4.8000000e-01	   5.0000000e+00	   3.0538642e+01	  -6.4028320e+01	
   4.9000000e-01	   5.0000000e+00	   3.0450667e+01	  -6.2072754e+01	
   5.0000000e-01	   5.0000000e+00	   3.1623668e+01	  -5.8974609e+01	
   5.1000000e-01	   5.0000000e+00	   3.2522969e+01	  -5.7832031e+01	
   5.2000000e-01	   5.0000000e+00	   3.2610944e+01	  -5.6777344e+01	
   5.3000000e-01	   5.0000000e+00	   3.2464319e+01	  -5.3481445e+01	
   5.4000000e-01	   5.0000000e+00	   3.2650044e+01	  -5.0537109e+01	
   5.5000000e-01	   5.0000000e+00	   3.4800546e+01	  -5.0559082e+01	
   5.6000000e-01	   5.0000000e+00	   3.5582547e+01	  -4.6999512e+01	
   5.7000000e-01	   5.0000000e+00	   3.3344070e+01	  -4.7109375e+01	
   5.8000000e-01	   5.0000000e+00	   3.4868971e+01	  -4.5878906e+01	
   5.9000000e-01	   5.0000000e+00	   3.5299071e+01	  -4.3044434e+01	
   6.0000000e-01	   5.0000000e+00	   3.5895347e+01	  -3.8232422e+01	
   6.1000000e-01	   5.0000000e+00	   3.5866022e+01	  -3.6826172e+01	
   6.2000000e-01	   5.0000000e+00	   3.6999923e+01	  -3.2849121e+01	
   6.3000000e-01	   5.0000000e+00	   3.6520948e+01	  -3.0168457e+01	
   6.4000000e-01	   5.0000000e+00	   3.6413423e+01	  -3.0102539e+01	
   6.5000000e-01	   5.0000000e+00	   3.7811249e+01	  -2.8564453e+01	
   6.6000000e-01	   5.0000000e+00	   3.9072225e+01	  -2.6015625e+01	
   6.7000000e-01	   5.0000000e+00	   3.7185648e+01	  -2.4543457e+01	
   6.8000000e-01	   5.0000000e+00	   3.7918774e+01	  -1.9160156e+01	
   6.9000000e-01	   5.0000000e+00	   3.9375250e+01	  -1.8215332e+01	
   7.0000000e-01	   5.0000000e+00	   3.8632350e+01	  -1.4985352e+01	
   7.1000000e-01	   5.0000000e+00	   4.1242277e+01	  -1.5007324e+01	
   7.2000000e-01	   5.0000000e+00	   3.9179750e+01	  -9.0747070e+00	
   7.3000000e-01	   5.0000000e+00	   4.0880602e+01	  -1.0019531e+01	
   7.4000000e-01	   5.0000000e+00	   3.8700775e+01	  -6.6796875e+00	
   7.5000000e-01	   5.0000000e+00	   4.0997902e+01	  -2.8344727e+00	
   7.6000000e-01	   5.0000000e+00	   4.0235451e+01	  -2.0874023e+00	
   7.7000000e-01	   5.0000000e+00	   4.0597126e+01	   4.9438477e+00	
   7.8000000e-01	   5.0000000e+00	   4.1310702e+01	   5.6250000e+00	
   7.9000000e-01	   5.0000000e+00	   4.0733976e+01	   6.6577148e+00	
   8.0000000e-01	   5.0000000e+00	   4.0382076e+01	   7.2070313e+00	
   8.1000000e-01	   5.0000000e+00	   4.2444603e+01	   9.7119141e+00	
   8.2000000e-01	   5.0000000e+00	   4.2317528e+01	   1.3535156e+01	
   8.3000000e-01	   5.0000000e+00	   4.1496427e+01	   1.6589355e+01	
   8.4000000e-01	   5.0000000e+00	   4.2268653e+01	   2.0786133e+01	
   8.5000000e-01	   5.0000000e+00	   4.2122028e+01	   2.2565918e+01	
   8.6000000e-01	   5.0000000e+00	   4.3236379e+01	   2.5224609e+01	
   8.7000000e-01	   5.0000000e+00	   4.3089754e+01	   2.8322754e+01	
   8.8000000e-01	   5.0000000e+00	   4.2669428e+01	   3.1574707e+01	
   8.9000000e-01	   5.0000000e+00	   4.4145455e+01	   3.5354004e+01	
   9.0000000e-01	   5.0000000e+00	   4.2864928e+01	   3.8847656e+01	
   9.1000000e-01	   5.0000000e+00	   4.4096580e+01	   3.6738281e+01	
   9.2000000e-01	   5.0000000e+00	   4.2053603e+01	   4.2319336e+01	
   9.3000000e-01	   5.0000000e+00	   4.4223655e+01	   4.1506348e+01	
   9.4000000e-01	   5.0000000e+00	   4.3891304e+01	   4.8076172e+01	
   9.5000000e-01	   5.0000000e+00	   4.4497355e+01	   5.0932617e+01	
   9.6000000e-01	   5.0000000e+00	   4.3744679e+01	   5.1921387e+01	
   9.7000000e-01	   5.0000000e+00	   4.4565780e+01	   5.5678711e+01	
   9.8000000e-01	   5.0000000e+00	   4.4077030e+01	   6.0292969e+01	
   9.9000000e-01	   5.0000000e+00	   4.5367331e+01	   6.1237793e+01	
   1.0000000e+00	   5.0000000e+00	   4.6061356e+01	   6.3413086e+01	
