   0.0000000e+00	   0.0000000e+00	   0.0000000e+00	   0.0000000e+00	
   1.0000000e-01	   0.0000000e+00	   0.0000000e+00	   0.0000000e+00	
   2.0000000e-01	   0.0000000e+00	   0.0000000e+00	   0.0000000e+00	
   3.0000000e-01	   0.0000000e+00	   0.0000000e+00	   0.0000000e+00	
   4.0000000e-01	   0.0000000e+00	   0.0000000e+00	   0.0000000e+00	
   5.0000000e-01	   0.0000000e+00	   0.0000000e+00	   0.0000000e+00	
   6.0000000e-01	   0.0000000e+00	   0.0000000e+00	   0.0000000e+00	
   7.0000000e-01	   0.0000000e+00	   0.0000000e+00	   0.0000000e+00	
   8.0000000e-01	   0.0000000e+00	   0.0000000e+00	   0.0000000e+00	
   9.0000000e-01	   0.0000000e+00	   0.0000000e+00	   0.0000000e+00	
   1.0000000e+00	   0.0000000e+00	   0.0000000e+00	   0.0000000e+00	
   1.1000000e+00	   0.0000000e+00	   0.0000000e+00	   0.0000000e+00	
   1.2000000e+00	   0.0000000e+00	   0.0000000e+00	   0.0000000e+00	
   1.3000000e+00	   0.0000000e+00	   0.0000000e+00	   0.0000000e+00	
   1.4000000e+00	   0.0000000e+00	   0.0000000e+00	   0.0000000e+00	
   1.5000000e+00	   0.0000000e+00	   0.0000000e+00	   0.0000000e+00	
   1.6000000e+00	   0.0000000e+00	   0.0000000e+00	   0.0000000e+00	
   1.7000000e+00	   0.0000000e+00	   0.0000000e+00	   0.0000000e+00	
   1.8000000e+00	   0.0000000e+00	   0.0000000e+00	   0.0000000e+00	
   1.9000000e+00	   0.0000000e+00	   0.0000000e+00	   0.0000000e+00	
   2.0000000e+00	   0.0000000e+00	   0.0000000e+00	   0.0000000e+00	
   2.1000000e+00	   0.0000000e+00	   0.0000000e+00	   0.0000000e+00	
   2.2000000e+00	   0.0000000e+00	   0.0000000e+00	   0.0000000e+00	
   2.3000000e+00	   0.0000000e+00	   0.0000000e+00	   0.0000000e+00	
   2.4000000e+00	   0.0000000e+00	   0.0000000e+00	   0.0000000e+00	
   2.5000000e+00	   0.0000000e+00	   0.0000000e+00	   0.0000000e+00	
   2.6000000e+00	   0.0000000e+00	   0.0000000e+00	   0.0000000e+00	
   2.7000000e+00	   0.0000000e+00	   0.0000000e+00	   0.0000000e+00	
   2.8000000e+00	   0.0000000e+00	   0.0000000e+00	   0.0000000e+00	
   2.9000000e+00	   0.0000000e+00	   0.0000000e+00	   0.0000000e+00	
   3.0000000e+00	   0.0000000e+00	   0.0000000e+00	   0.0000000e+00	
   3.1000000e+00	   0.0000000e+00	   0.0000000e+00	   0.0000000e+00	
   3.2000000e+00	   0.0000000e+00	   0.0000000e+00	   0.0000000e+00	
   3.3000000e+00	   0.0000000e+00	   0.0000000e+00	   0.0000000e+00	
   3.4000000e+00	   0.0000000e+00	   0.0000000e+00	   0.0000000e+00	
   3.5000000e+00	   0.0000000e+00	   0.0000000e+00	   0.0000000e+00	
   3.6000000e+00	   0.0000000e+00	   0.0000000e+00	   0.0000000e+00	
   3.7000000e+00	   0.0000000e+00	   0.0000000e+00	   0.0000000e+00	
   3.8000000e+00	   0.0000000e+00	   0.0000000e+00	   0.0000000e+00	
   3.9000000e+00	   0.0000000e+00	   0.0000000e+00	   0.0000000e+00	
   4.0000000e+00	   0.0000000e+00	   0.0000000e+00	   0.0000000e+00	
   4.1000000e+00	   0.0000000e+00	   0.0000000e+00	   0.0000000e+00	
   4.2000000e+00	   0.0000000e+00	   0.0000000e+00	   0.0000000e+00	
   4.3000000e+00	   0.0000000e+00	   0.0000000e+00	   0.0000000e+00	
   4.4000000e+00	   0.0000000e+00	   0.0000000e+00	   0.0000000e+00	
   4.5000000e+00	   0.0000000e+00	   0.0000000e+00	   0.0000000e+00	
   4.6000000e+00	   0.0000000e+00	   0.0000000e+00	   0.0000000e+00	
   4.7000000e+00	   0.0000000e+00	   0.0000000e+00	   0.0000000e+00	
   4.8000000e+00	   0.0000000e+00	   0.0000000e+00	   0.0000000e+00	
   4.9000000e+00	   0.0000000e+00	   0.0000000e+00	   0.0000000e+00	
   5.0000000e+00	   1.0000000e+00	   2.6190476e-01	   0.0000000e+00	
   5.1000000e+00	   1.0000000e+00	   2.0271218e+00	   7.0434902e-01	
   5.2000000e+00	   1.0000000e+00	   3.4723592e+00	   2.3686366e+00	
   5.3000000e+00	   1.0000000e+00	   4.6556196e+00	   4.8188554e+00	
   5.4000000e+00	   1.0000000e+00	   5.6243913e+00	   7.9125403e+00	
   5.5000000e+00	   1.0000000e+00	   6.4175545e+00	   1.1533051e+01	
   5.6000000e+00	   1.0000000e+00	   7.0669416e+00	   1.5584889e+01	
   5.7000000e+00	   1.0000000e+00	   7.5986149e+00	   1.9989870e+01	
   5.8000000e+00	   1.0000000e+00	   8.0339121e+00	   2.4683978e+01	
   5.9000000e+00	   1.0000000e+00	   8.3903033e+00	   2.9614804e+01	
   6.0000000e+00	   1.0000000e+00	   8.6820918e+00	   3.4739439e+01	
   6.1000000e+00	   1.0000000e+00	   8.9209880e+00	   4.0022750e+01	
   6.2000000e+00	   1.0000000e+00	   9.1165797e+00	   4.5435975e+01	
   6.3000000e+00	   1.0000000e+00	   9.2767166e+00	   5.0955565e+01	
   6.4000000e+00	   1.0000000e+00	   9.4078256e+00	   5.6562237e+01	
   6.5000000e+00	   1.0000000e+00	   9.5151686e+00	   6.2240208e+01	
   6.6000000e+00	   1.0000000e+00	   9.6030536e+00	   6.7976553e+01	
   6.7000000e+00	   1.0000000e+00	   9.6750078e+00	   7.3760691e+01	
   6.8000000e+00	   1.0000000e+00	   9.7339189e+00	   7.9583958e+01	
   6.9000000e+00	   1.0000000e+00	   9.7821512e+00	   8.5439261e+01	
   7.0000000e+00	   1.0000000e+00	   9.8216405e+00	   9.1320793e+01	
   7.1000000e+00	   1.0000000e+00	   9.8539716e+00	   9.7223800e+01	
   7.2000000e+00	   1.0000000e+00	   9.8804420e+00	   1.0314439e+02	
   7.3000000e+00	   1.0000000e+00	   9.9021142e+00	   1.0907937e+02	
   7.4000000e+00	   1.0000000e+00	   9.9198579e+00	   1.1502614e+02	
   7.5000000e+00	   1.0000000e+00	   9.9343852e+00	   1.2098256e+02	
   7.6000000e+00	   1.0000000e+00	   9.9462791e+00	   1.2694688e+02	
   7.7000000e+00	   1.0000000e+00	   9.9560171e+00	   1.3291766e+02	
   7.8000000e+00	   1.0000000e+00	   9.9639898e+00	   1.3889374e+02	
   7.9000000e+00	   1.0000000e+00	   9.9705174e+00	   1.4487416e+02	
   8.0000000e+00	   1.0000000e+00	   9.9758617e+00	   1.5085813e+02	
   8.1000000e+00	   1.0000000e+00	   9.9802372e+00	   1.5684500e+02	
   8.2000000e+00	   1.0000000e+00	   9.9838196e+00	   1.6283426e+02	
   8.3000000e+00	   1.0000000e+00	   9.9867526e+00	   1.6882546e+02	
   8.4000000e+00	   1.0000000e+00	   9.9891539e+00	   1.7481825e+02	
   8.5000000e+00	   1.0000000e+00	   9.9911200e+00	  -1.7918765e+02	
   8.6000000e+00	   1.0000000e+00	   9.9927297e+00	  -1.7319247e+02	
   8.7000000e+00	   1.0000000e+00	   9.9940476e+00	  -1.6719643e+02	
   8.8000000e+00	   1.0000000e+00	   9.9951266e+00	  -1.6119967e+02	
   8.9000000e+00	   1.0000000e+00	   9.9960100e+00	  -1.5520232e+02	
   9.0000000e+00	   1.0000000e+00	   9.9967332e+00	  -1.4920449e+02	
   9.1000000e+00	   1.0000000e+00	   9.9973254e+00	  -1.4320626e+02	
   9.2000000e+00	   1.0000000e+00	   9.9978102e+00	  -1.3720772e+02	
   9.3000000e+00	   1.0000000e+00	   9.9982072e+00	  -1.3120891e+02	
   9.4000000e+00	   1.0000000e+00	   9.9985321e+00	  -1.2520988e+02	
   9.5000000e+00	   1.0000000e+00	   9.9987982e+00	  -1.1921068e+02	
   9.6000000e+00	   1.0000000e+00	   9.9990161e+00	  -1.1321133e+02	
   9.7000000e+00	   1.0000000e+00	   9.9991944e+00	  -1.0721187e+02	
   9.8000000e+00	   1.0000000e+00	   9.9993405e+00	  -1.0121231e+02	
   9.9000000e+00	   1.0000000e+00	   9.9994600e+00	  -9.5212666e+01	
   1.0000000e+01	   1.0000000e+00	   9.9995579e+00	  -8.9212959e+01	
