   0.0000000e+00	  -5.0000000e+00	   0.0000000e+00	   0.0000000e+00	  -5.0000000e+01	   0.0000000e+00	   0.0000000e+00	  -5.0000000e-01	   0.0000000e+00	
   5.0000000e-01	  -4.5725250e+00	  -1.9959167e+00	  -2.7289916e-01	  -5.0000000e+01	  -4.2747500e+00	  -5.8448116e-01	  -2.5766083e-01	   2.5000586e+00	
   1.0000000e+00	  -3.9425760e+00	  -2.0570782e+00	  -7.5243371e-01	  -5.0000000e+01	  -1.0574240e+01	  -2.4549341e+00	  -1.8854978e-01	   8.0413092e-02	
   1.5000000e+00	  -3.3591600e+00	  -1.8127163e+00	  -1.0757872e+00	  -5.0000000e+01	  -1.6408400e+01	  -5.4729163e+00	  -1.5464438e-01	  -8.5916004e+00	
   2.0000000e+00	  -2.8548868e+00	  -1.5514465e+00	  -1.2415829e+00	  -5.0000000e+01	  -2.1451132e+01	  -9.1527923e+00	  -1.3034403e-01	  -1.8055041e+01	
   2.5000000e+00	  -2.4250148e+00	  -1.3198057e+00	  -1.2946454e+00	  -5.0000000e+01	  -2.5749852e+01	  -1.3103624e+01	  -1.1052091e-01	  -2.2475457e+01	
   3.0000000e+00	  -2.0596348e+00	  -1.1213055e+00	  -1.2743850e+00	  -5.0000000e+01	  -2.9403652e+01	  -1.7061409e+01	  -9.3832931e-02	  -2.0596348e+01	
   3.5000000e+00	  -1.7492644e+00	  -9.5239845e-01	  -1.2094298e+00	  -5.0000000e+01	  -3.2507356e+01	  -2.0860853e+01	  -7.9686595e-02	  -1.7492644e+01	
   4.0000000e+00	  -1.4856566e+00	  -8.0888716e-01	  -1.1195206e+00	  -5.0000000e+01	  -3.5143434e+01	  -2.4406104e+01	  -6.7676940e-02	  -1.4856566e+01	
   4.5000000e+00	  -1.2617721e+00	  -6.8699215e-01	  -1.0179090e+00	  -5.0000000e+01	  -3.7382279e+01	  -2.7648422e+01	  -5.7477993e-02	  -1.2617721e+01	
   5.0000000e+00	   8.9283739e+00	  -5.8346451e-01	  -9.1326210e-01	   5.0000000e+01	  -3.9283739e+01	  -3.0570202e+01	   9.5118384e-01	  -1.0716261e+01	
   5.5000000e+00	   8.2349153e+00	   3.4962954e+00	  -2.6525606e-01	   5.0000000e+01	  -3.2349153e+01	  -3.2004826e+01	   4.7386199e-01	  -1.7650847e+01	
   6.0000000e+00	   7.1121724e+00	   3.6932949e+00	   7.9030379e-01	   5.0000000e+01	  -2.1121724e+01	  -3.0563873e+01	   3.4188775e-01	  -2.5328893e+01	
   6.5000000e+00	   6.0618267e+00	   3.2679938e+00	   1.5259975e+00	   5.0000000e+01	  -1.0618267e+01	  -2.6545722e+01	   2.7938329e-01	  -1.8394079e+01	
   7.0000000e+00	   5.1522122e+00	   2.7993195e+00	   1.9382782e+00	   5.0000000e+01	  -1.5221222e+00	  -2.0946536e+01	   2.3528927e-01	   1.5221222e+00	
   7.5000000e+00	   4.3764913e+00	   2.3817856e+00	   2.1166475e+00	   5.0000000e+01	   6.2350868e+00	  -1.4574152e+01	   1.9947058e-01	   2.2777259e+01	
   8.0000000e+00	   3.7170925e+00	   2.0236390e+00	   2.1401825e+00	   5.0000000e+01	   1.2829075e+01	  -7.9821223e+00	   1.6934535e-01	   3.3621542e+01	
   8.5000000e+00	   3.1569588e+00	   1.7188234e+00	   2.0666358e+00	   5.0000000e+01	   1.8430412e+01	  -1.5252810e+00	   1.4381353e-01	   3.1569588e+01	
   9.0000000e+00	   2.6812169e+00	   1.4598266e+00	   1.9361116e+00	   5.0000000e+01	   2.3187831e+01	   4.5822283e+00	   1.2213903e-01	   2.6812169e+01	
   9.5000000e+00	   2.2771647e+00	   1.2398389e+00	   1.7757893e+00	   5.0000000e+01	   2.7228353e+01	   1.0222525e+01	   1.0373258e-01	   2.2771647e+01	
   1.0000000e+01	   1.9340016e+00	   1.0529990e+00	   1.6036833e+00	   5.0000000e+01	   3.0659984e+01	   1.5342098e+01	   8.8100257e-02	   1.9340016e+01	
