   0.0000000e+00	  -2.7218630e-01	  -8.5242331e-04	  -1.3064941e+02	  -4.0916316e-01	
   1.0000000e-02	  -6.4363664e-01	  -3.7152257e-03	  -1.3042969e+02	  -1.2242385e+00	
   2.0000000e-02	  -1.2301372e+00	  -9.5601731e-03	  -1.3278076e+02	  -2.0408836e+00	
   3.0000000e-02	  -2.8821137e+00	  -2.2378893e-02	  -1.3275879e+02	  -2.8597077e+00	
   4.0000000e-02	  -2.6475135e+00	  -3.9556211e-02	  -1.2992432e+02	  -3.6644574e+00	
   5.0000000e-02	  -2.5595384e+00	  -5.5615708e-02	  -1.3183594e+02	  -4.4612764e+00	
   6.0000000e-02	  -6.0198916e+00	  -8.2136110e-02	  -1.3480225e+02	  -5.2683810e+00	
   7.0000000e-02	  -5.4724911e+00	  -1.1761308e-01	  -1.3198975e+02	  -6.0709119e+00	
   8.0000000e-02	  -5.0326157e+00	  -1.4977593e-01	  -1.3451660e+02	  -6.8675216e+00	
   9.0000000e-02	  -7.5252430e+00	  -1.8816605e-01	  -1.3517578e+02	  -7.6691197e+00	
   1.0000000e-01	  -7.1537926e+00	  -2.3295875e-01	  -1.3565918e+02	  -8.4692752e+00	
   1.1000000e-01	  -7.9455684e+00	  -2.7878724e-01	  -1.3693359e+02	  -9.2699239e+00	
   1.2000000e-01	  -1.0516396e+01	  -3.3485957e-01	  -1.3649414e+02	  -1.0068173e+01	
   1.3000000e-01	  -9.2358696e+00	  -3.9462160e-01	  -1.3618652e+02	  -1.0859082e+01	
   1.4000000e-01	  -1.0555496e+01	  -4.5413177e-01	  -1.3590088e+02	  -1.1643179e+01	
   1.5000000e-01	  -1.1445022e+01	  -5.2018774e-01	  -1.3614258e+02	  -1.2422228e+01	
   1.6000000e-01	  -1.3478223e+01	  -5.9498325e-01	  -1.4051514e+02	  -1.3210848e+01	
   1.7000000e-01	  -1.2471398e+01	  -6.7252465e-01	  -1.3860352e+02	  -1.4002235e+01	
   1.8000000e-01	  -1.3595524e+01	  -7.4994773e-01	  -1.4159180e+02	  -1.4792037e+01	
   1.9000000e-01	  -1.4661000e+01	  -8.3374318e-01	  -1.4062500e+02	  -1.5583223e+01	
   2.0000000e-01	  -1.6361851e+01	  -9.2567726e-01	  -1.4064697e+02	  -1.6366495e+01	
   2.1000000e-01	  -1.6303201e+01	  -1.0221785e+00	  -1.4330566e+02	  -1.7153256e+01	
   2.2000000e-01	  -1.6694201e+01	  -1.1191161e+00	  -1.4387695e+02	  -1.7945204e+01	
   2.3000000e-01	  -1.7085202e+01	  -1.2178956e+00	  -1.4345947e+02	  -1.8732674e+01	
   2.4000000e-01	  -1.7261152e+01	  -1.3178320e+00	  -1.4706299e+02	  -1.9525189e+01	
   2.5000000e-01	  -1.8277753e+01	  -1.4208772e+00	  -1.4923828e+02	  -2.0330838e+01	
   2.6000000e-01	  -1.9020654e+01	  -1.5287873e+00	  -1.4787598e+02	  -2.1133987e+01	
   2.7000000e-01	  -1.9577829e+01	  -1.6400931e+00	  -1.4980957e+02	  -2.1933895e+01	
   2.8000000e-01	  -2.1024530e+01	  -1.7569773e+00	  -1.5055664e+02	  -2.2737187e+01	
   2.9000000e-01	  -2.1894506e+01	  -1.8803847e+00	  -1.5385254e+02	  -2.3548110e+01	
   3.0000000e-01	  -2.1904281e+01	  -2.0057744e+00	  -1.5598389e+02	  -2.4370950e+01	
   3.1000000e-01	  -2.1786981e+01	  -2.1300419e+00	  -1.5750000e+02	  -2.5200060e+01	
   3.2000000e-01	  -2.3732208e+01	  -2.2592557e+00	  -1.5578613e+02	  -2.6023357e+01	
   3.3000000e-01	  -2.2500557e+01	  -2.3898949e+00	  -1.6046631e+02	  -2.6850787e+01	
   3.4000000e-01	  -2.4631509e+01	  -2.5225322e+00	  -1.6037842e+02	  -2.7687416e+01	
   3.5000000e-01	  -2.4778134e+01	  -2.6614716e+00	  -1.6277344e+02	  -2.8526031e+01	
   3.6000000e-01	  -2.5198459e+01	  -2.8013163e+00	  -1.6220215e+02	  -2.9365104e+01	
   3.7000000e-01	  -2.5814285e+01	  -2.9435301e+00	  -1.6993652e+02	  -3.0221355e+01	
   3.8000000e-01	  -2.6596286e+01	  -3.0892307e+00	  -1.7195801e+02	  -3.1102796e+01	
   3.9000000e-01	  -2.6508310e+01	  -3.2361923e+00	  -1.7160645e+02	  -3.1983945e+01	
   4.0000000e-01	  -2.8170062e+01	  -3.3871621e+00	  -1.7182617e+02	  -3.2859163e+01	
   4.1000000e-01	  -2.7427161e+01	  -3.5400639e+00	  -1.7290283e+02	  -3.3732959e+01	
   4.2000000e-01	  -2.8971613e+01	  -3.6945183e+00	  -1.7624268e+02	  -3.4615113e+01	
   4.3000000e-01	  -2.7974562e+01	  -3.8497196e+00	  -1.7923096e+02	  -3.5511559e+01	
   4.4000000e-01	  -2.9489688e+01	  -4.0055712e+00	  -1.7806641e+02	  -3.6408103e+01	
   4.5000000e-01	  -2.9685188e+01	  -4.1658040e+00	  -1.8000000e+02	  -3.7301439e+01	
   4.6000000e-01	  -3.0359664e+01	  -4.3277577e+00	  -1.8000000e+02	  -3.8195236e+01	
   4.7000000e-01	  -3.0877740e+01	  -4.4924317e+00	  -1.8000000e+02	  -3.9083434e+01	
   4.8000000e-01	  -3.1356715e+01	  -4.6591969e+00	  -1.8000000e+02	  -3.9966069e+01	
   4.9000000e-01	  -3.1278515e+01	  -4.8261727e+00	  -1.8000000e+02	  -4.0843175e+01	
   5.0000000e-01	  -3.1640190e+01	  -4.9929903e+00	  -1.8000000e+02	  -4.1714788e+01	
   5.1000000e-01	  -3.2832741e+01	  -5.1636306e+00	  -1.3842773e+01	  -4.2060576e+01	
   5.2000000e-01	  -3.3399692e+01	  -5.3387124e+00	  -1.1843262e+01	  -4.1877571e+01	
   5.3000000e-01	  -3.2128941e+01	  -5.5104935e+00	   1.7753906e+02	  -4.1096350e+01	
   5.4000000e-01	  -3.3086892e+01	  -5.6802190e+00	   1.7687988e+02	  -3.9728985e+01	
   5.5000000e-01	  -3.3536542e+01	  -5.8532896e+00	   1.7870361e+02	  -3.8366538e+01	
   5.6000000e-01	  -3.5129868e+01	  -6.0316744e+00	   1.7997803e+02	  -3.7002921e+01	
   5.7000000e-01	  -3.4885493e+01	  -6.2131664e+00	   1.7129883e+02	  -3.5671036e+01	
   5.8000000e-01	  -3.5286269e+01	  -6.3940115e+00	   1.7066162e+02	  -3.4376670e+01	
   5.9000000e-01	  -3.5921644e+01	  -6.5769688e+00	   1.7011230e+02	  -3.3094127e+01	
   6.0000000e-01	  -3.6253994e+01	  -6.7618109e+00	   1.7020020e+02	  -3.1821063e+01	
   6.1000000e-01	  -3.5931419e+01	  -6.9455258e+00	   1.6494873e+02	  -3.0572143e+01	
   6.2000000e-01	  -3.7202170e+01	  -7.1310595e+00	   1.6237793e+02	  -2.9355544e+01	
   6.3000000e-01	  -3.7251045e+01	  -7.3195638e+00	   1.5969727e+02	  -2.8163011e+01	
   6.4000000e-01	  -3.7642046e+01	  -7.5082650e+00	   1.6097168e+02	  -2.6982352e+01	
   6.5000000e-01	  -3.8121021e+01	  -7.6985088e+00	   1.5433594e+02	  -2.5825878e+01	
   6.6000000e-01	  -3.8189446e+01	  -7.8892754e+00	   1.5741211e+02	  -2.4687795e+01	
   6.7000000e-01	  -3.8932347e+01	  -8.0813879e+00	   1.5114990e+02	  -2.3566819e+01	
   6.8000000e-01	  -3.9333122e+01	  -8.2758789e+00	   1.4862305e+02	  -2.2480390e+01	
   6.9000000e-01	  -3.9411322e+01	  -8.4706518e+00	   1.4475586e+02	  -2.1420789e+01	
   7.0000000e-01	  -3.9342897e+01	  -8.6642353e+00	   1.3959229e+02	  -2.0396108e+01	
   7.1000000e-01	  -4.0036923e+01	  -8.8585655e+00	   1.4029541e+02	  -1.9391814e+01	
   7.2000000e-01	  -4.0222648e+01	  -9.0544336e+00	   1.3688965e+02	  -1.8402275e+01	
   7.3000000e-01	  -3.9724123e+01	  -9.2480954e+00	   1.3546143e+02	  -1.7434072e+01	
   7.4000000e-01	  -4.0652749e+01	  -9.4418911e+00	   1.3341797e+02	  -1.6482807e+01	
   7.5000000e-01	  -4.0682074e+01	  -9.6374730e+00	   1.3001221e+02	  -1.5554565e+01	
   7.6000000e-01	  -4.0897124e+01	  -9.8325952e+00	   1.2232178e+02	  -1.4666888e+01	
   7.7000000e-01	  -4.1200149e+01	  -1.0028118e+01	   1.2539795e+02	  -1.3799222e+01	
   7.8000000e-01	  -4.1864850e+01	  -1.0225446e+01	   1.2014648e+02	  -1.2943803e+01	
   7.9000000e-01	  -4.1522724e+01	  -1.0422549e+01	   1.2150879e+02	  -1.2105922e+01	
   8.0000000e-01	  -4.1209924e+01	  -1.0616366e+01	   1.1792725e+02	  -1.1280239e+01	
   8.1000000e-01	  -4.2148325e+01	  -1.0810929e+01	   1.1271973e+02	  -1.0487252e+01	
   8.2000000e-01	  -4.2334050e+01	  -1.1007793e+01	   1.1104980e+02	  -9.7207719e+00	
   8.3000000e-01	  -4.2754375e+01	  -1.1205322e+01	   1.0876465e+02	  -8.9714785e+00	
   8.4000000e-01	  -4.2216750e+01	  -1.1401247e+01	   1.0498535e+02	  -8.2458708e+00	
   8.5000000e-01	  -4.2783700e+01	  -1.1596036e+01	   9.9492188e+01	  -7.5538471e+00	
   8.6000000e-01	  -4.2803250e+01	  -1.1791443e+01	   9.8415527e+01	  -6.8867331e+00	
   8.7000000e-01	  -4.3262676e+01	  -1.1987125e+01	   9.8107910e+01	  -6.2281327e+00	
   8.8000000e-01	  -4.2451350e+01	  -1.2180479e+01	   9.4130859e+01	  -5.5870761e+00	
   8.9000000e-01	  -4.3213801e+01	  -1.2372469e+01	   9.3164063e+01	  -4.9655178e+00	
   9.0000000e-01	  -4.2832576e+01	  -1.2564451e+01	   8.9714355e+01	  -4.3616840e+00	
   9.1000000e-01	  -4.3770976e+01	  -1.2756975e+01	   8.6967773e+01	  -3.7810377e+00	
   9.2000000e-01	  -4.4210852e+01	  -1.2952610e+01	   8.2705078e+01	  -3.2259797e+00	
   9.3000000e-01	  -4.4416127e+01	  -1.3149040e+01	   8.1848145e+01	  -2.6904318e+00	
   9.4000000e-01	  -4.4083777e+01	  -1.3343841e+01	   7.5783691e+01	  -2.1799145e+00	
   9.5000000e-01	  -4.4152202e+01	  -1.3536596e+01	   7.4399414e+01	  -1.6959225e+00	
   9.6000000e-01	  -4.4709377e+01	  -1.3730102e+01	   7.0861816e+01	  -1.2303761e+00	
   9.7000000e-01	  -4.4103327e+01	  -1.3922244e+01	   6.7192383e+01	  -7.9031637e-01	
   9.8000000e-01	  -4.4689827e+01	  -1.4113121e+01	   6.6357422e+01	  -3.6711970e-01	
   9.9000000e-01	  -4.4983078e+01	  -1.4305557e+01	   6.2160645e+01	   3.7668049e-02	
   1.0000000e+00	  -4.5237228e+01	  -1.4498503e+01	   6.2775879e+01	   4.2870385e-01	
   1.0100000e+00	  -4.5305653e+01	  -1.4691250e+01	   5.5656738e+01	   7.9692168e-01	
   1.0200000e+00	  -4.5706428e+01	  -1.4884259e+01	   5.2448730e+01	   1.1304910e+00	
   1.0300000e+00	  -4.5804178e+01	  -1.5077621e+01	   5.2932129e+01	   1.4534381e+00	
   1.0400000e+00	  -4.5638003e+01	  -1.5269557e+01	   4.6296387e+01	   1.7550948e+00	
   1.0500000e+00	  -4.5941028e+01	  -1.5460720e+01	   4.7548828e+01	   2.0380028e+00	
   1.0600000e+00	  -4.5589128e+01	  -1.5650532e+01	   4.1638184e+01	   2.3045504e+00	
   1.0700000e+00	  -4.5598903e+01	  -1.5838084e+01	   4.0363770e+01	   2.5469266e+00	
   1.0800000e+00	  -4.5716203e+01	  -1.6024859e+01	   3.8649902e+01	   2.7784260e+00	
   1.0900000e+00	  -4.5833503e+01	  -1.6211199e+01	   3.3903809e+01	   2.9882444e+00	
   1.1000000e+00	  -4.5999678e+01	  -1.6397259e+01	   3.3750000e+01	   3.1814032e+00	
   1.1100000e+00	  -4.6175629e+01	  -1.6583226e+01	   2.8630371e+01	   3.3568370e+00	
   1.1200000e+00	  -4.6478654e+01	  -1.6769528e+01	   2.6103516e+01	   3.5072250e+00	
   1.1300000e+00	  -4.6566629e+01	  -1.6955887e+01	   2.4521484e+01	   3.6438029e+00	
   1.1400000e+00	  -4.6498204e+01	  -1.7141141e+01	   2.2214355e+01	   3.7673455e+00	
   1.1500000e+00	  -4.6635054e+01	  -1.7325448e+01	   1.6083984e+01	   3.8636900e+00	
   1.1600000e+00	  -4.6537304e+01	  -1.7508724e+01	   1.3227539e+01	   3.9312865e+00	
   1.1700000e+00	  -4.6967404e+01	  -1.7691892e+01	   1.1711426e+01	   3.9847657e+00	
   1.1800000e+00	  -4.7202005e+01	  -1.7875995e+01	   5.6250000e+00	   4.0141006e+00	
   1.1900000e+00	  -4.7026054e+01	  -1.8059128e+01	   6.4379883e+00	   4.0267366e+00	
   1.2000000e+00	  -4.7074929e+01	  -1.8240716e+01	   1.4062500e+00	   4.0260813e+00	
   1.2100000e+00	  -4.6986954e+01	  -1.8421045e+01	  -1.2304688e+00	   4.0014144e+00	
   1.2200000e+00	  -4.7231330e+01	  -1.8600733e+01	  -2.2851563e+00	   3.9653413e+00	
   1.2300000e+00	  -4.7348630e+01	  -1.8780429e+01	  -5.1855469e+00	   3.9171078e+00	
   1.2400000e+00	  -4.7123804e+01	  -1.8958663e+01	  -7.6464844e+00	   3.8523860e+00	
   1.2500000e+00	  -4.7280205e+01	  -1.9135566e+01	  -1.1337891e+01	   3.7688018e+00	
   1.2600000e+00	  -4.7289980e+01	  -1.9311881e+01	  -1.6962891e+01	   3.6565645e+00	
   1.2700000e+00	  -4.7514805e+01	  -1.9487827e+01	  -1.8435059e+01	   3.5228034e+00	
   1.2800000e+00	  -4.7368180e+01	  -1.9662915e+01	  -2.1708984e+01	   3.3750166e+00	
   1.2900000e+00	  -4.7847155e+01	  -1.9837948e+01	  -2.4807129e+01	   3.2081996e+00	
   1.3000000e+00	  -4.7250880e+01	  -2.0011517e+01	  -2.7465820e+01	   3.0243984e+00	
   1.3100000e+00	  -4.7661430e+01	  -2.0183418e+01	  -2.8278809e+01	   2.8308759e+00	
   1.3200000e+00	  -4.7915580e+01	  -2.0356323e+01	  -3.1772461e+01	   2.6250782e+00	
   1.3300000e+00	  -4.7739630e+01	  -2.0528390e+01	  -3.4519043e+01	   2.4010266e+00	
   1.3400000e+00	  -4.7808055e+01	  -2.0699043e+01	  -3.8671875e+01	   2.1567710e+00	
   1.3500000e+00	  -4.8277256e+01	  -2.0870310e+01	  -3.9616699e+01	   1.8980807e+00	
   1.3600000e+00	  -4.8404331e+01	  -2.1042372e+01	  -4.5131836e+01	   1.6207796e+00	
   1.3700000e+00	  -4.7974230e+01	  -2.1212408e+01	  -4.8098145e+01	   1.3186534e+00	
   1.3800000e+00	  -4.7680980e+01	  -2.1379113e+01	  -4.8911133e+01	   1.0065838e+00	
   1.3900000e+00	  -4.8599831e+01	  -2.1546733e+01	  -5.2272949e+01	   6.8339438e-01	
   1.4000000e+00	  -4.8071980e+01	  -2.1714528e+01	  -5.5458984e+01	   3.4172290e-01	
   1.4100000e+00	  -4.8091530e+01	  -2.1879680e+01	  -5.9128418e+01	  -1.9278215e-02	
   1.4200000e+00	  -4.8805106e+01	  -2.2046093e+01	  -6.0996094e+01	  -3.9535911e-01	
   1.4300000e+00	  -4.8550956e+01	  -2.2212903e+01	  -6.4313965e+01	  -7.8532433e-01	
   1.4400000e+00	  -4.8345681e+01	  -2.2377229e+01	  -6.7346191e+01	  -1.1927340e+00	
   1.4500000e+00	  -4.9000606e+01	  -2.2541934e+01	  -7.1081543e+01	  -1.6187863e+00	
   1.4600000e+00	  -4.8638931e+01	  -2.2706526e+01	  -7.3388672e+01	  -2.0610936e+00	
   1.4700000e+00	  -4.8844206e+01	  -2.2869598e+01	  -7.5563965e+01	  -2.5146685e+00	
   1.4800000e+00	  -4.8414106e+01	  -2.3030943e+01	  -7.8640137e+01	  -2.9818486e+00	
   1.4900000e+00	  -4.8462981e+01	  -2.3190084e+01	  -8.1298828e+01	  -3.4640629e+00	
   1.5000000e+00	  -4.9235206e+01	  -2.3350800e+01	  -8.5078125e+01	  -3.9634190e+00	
   1.5100000e+00	  -4.9098356e+01	  -2.3512500e+01	  -8.7868652e+01	  -4.4802226e+00	
   1.5200000e+00	  -4.8717131e+01	  -2.3671563e+01	  -9.0966797e+01	  -5.0122310e+00	
   1.5300000e+00	  -4.8902856e+01	  -2.3829019e+01	  -9.3999023e+01	  -5.5601061e+00	
   1.5400000e+00	  -4.9264531e+01	  -2.3987202e+01	  -9.6965332e+01	  -6.1233356e+00	
   1.5500000e+00	  -4.9352507e+01	  -2.4145803e+01	  -9.9030762e+01	  -6.6987954e+00	
   1.5600000e+00	  -4.8795331e+01	  -2.4301941e+01	  -1.0250244e+02	  -7.2879918e+00	
   1.5700000e+00	  -4.8678031e+01	  -2.4454988e+01	  -1.0568848e+02	  -7.8943481e+00	
   1.5800000e+00	  -4.8726906e+01	  -2.4606863e+01	  -1.0821533e+02	  -8.5147980e+00	
   1.5900000e+00	  -4.8609606e+01	  -2.4757572e+01	  -1.1318115e+02	  -9.1548269e+00	
   1.6000000e+00	  -4.9127681e+01	  -2.4908593e+01	  -1.1456543e+02	  -9.8107340e+00	
   1.6100000e+00	  -4.8746456e+01	  -2.5059096e+01	  -1.1744385e+02	  -1.0475882e+01	
   1.6200000e+00	  -4.8599831e+01	  -2.5207003e+01	  -1.2047607e+02	  -1.1155376e+01	
   1.6300000e+00	  -4.9274306e+01	  -2.5355637e+01	  -1.2396973e+02	  -1.1851050e+01	
   1.6400000e+00	  -4.9157006e+01	  -2.5505085e+01	  -1.2706787e+02	  -1.2563011e+01	
   1.6500000e+00	  -4.9352507e+01	  -2.5653842e+01	  -1.3100098e+02	  -1.3292533e+01	
   1.6600000e+00	  -4.9264531e+01	  -2.5802003e+01	  -1.3258301e+02	  -1.4034758e+01	
   1.6700000e+00	  -4.9108131e+01	  -2.5948472e+01	  -1.3453857e+02	  -1.4783413e+01	
   1.6800000e+00	  -4.8941956e+01	  -2.6093013e+01	  -1.3873535e+02	  -1.5546646e+01	
   1.6900000e+00	  -4.8902856e+01	  -2.6236005e+01	  -1.4167969e+02	  -1.6327463e+01	
   1.7000000e+00	  -4.9714182e+01	  -2.6380521e+01	  -1.4218506e+02	  -1.7114193e+01	
   1.7100000e+00	  -4.9029931e+01	  -2.6524529e+01	  -1.4794189e+02	  -1.7915607e+01	
   1.7200000e+00	  -4.9176556e+01	  -2.6665951e+01	  -1.5255615e+02	  -1.8744481e+01	
   1.7300000e+00	  -4.9108131e+01	  -2.6806733e+01	  -1.5604980e+02	  -1.9593555e+01	
   1.7400000e+00	  -4.9665307e+01	  -2.6948163e+01	  -1.5464355e+02	  -2.0443849e+01	
   1.7500000e+00	  -4.9450257e+01	  -2.7089779e+01	  -1.6198242e+02	  -2.1307396e+01	
   1.7600000e+00	  -4.8853981e+01	  -2.7227967e+01	  -1.6461914e+02	  -2.2196776e+01	
   1.7700000e+00	  -4.8629156e+01	  -2.7362718e+01	  -1.6510254e+02	  -2.3090356e+01	
   1.7800000e+00	  -4.9235206e+01	  -2.7497819e+01	  -1.7134277e+02	  -2.3999397e+01	
   1.7900000e+00	  -4.9235206e+01	  -2.7633972e+01	  -1.7288086e+02	  -2.4927103e+01	
   1.8000000e+00	  -4.9362282e+01	  -2.7769670e+01	  -1.7709961e+02	  -2.5867028e+01	
   1.8100000e+00	  -4.8873531e+01	  -2.7903385e+01	  -1.7967041e+02	  -2.6822328e+01	
   1.8200000e+00	  -4.8922406e+01	  -2.8034885e+01	  -1.8000000e+02	  -2.7780729e+01	
   1.8300000e+00	  -4.8766006e+01	  -2.8165225e+01	  -1.8000000e+02	  -2.8734159e+01	
   1.8400000e+00	  -4.9176556e+01	  -2.8295544e+01	  -1.8000000e+02	  -2.9681617e+01	
   1.8500000e+00	  -4.9196106e+01	  -2.8426394e+01	  -1.2788086e+01	  -3.0099472e+01	
   1.8600000e+00	  -4.8785556e+01	  -2.8555200e+01	  -1.1118164e+01	  -2.9985812e+01	
   1.8700000e+00	  -4.9186331e+01	  -2.8683169e+01	   1.7749512e+02	  -2.9276941e+01	
   1.8800000e+00	  -4.8668256e+01	  -2.8809968e+01	   1.7646240e+02	  -2.7985053e+01	
   1.8900000e+00	  -4.9166781e+01	  -2.8935913e+01	   1.7997803e+02	  -2.6693480e+01	
   1.9000000e+00	  -4.8912631e+01	  -2.9061833e+01	   1.7364990e+02	  -2.5418806e+01	
   1.9100000e+00	  -4.8834431e+01	  -2.9185925e+01	   1.7004639e+02	  -2.4183218e+01	
   1.9200000e+00	  -4.9293856e+01	  -2.9310432e+01	   1.6767334e+02	  -2.2974088e+01	
   1.9300000e+00	  -4.9088581e+01	  -2.9434956e+01	   1.6378418e+02	  -2.1792142e+01	
   1.9400000e+00	  -4.9518682e+01	  -2.9559404e+01	   1.6136719e+02	  -2.0637349e+01	
   1.9500000e+00	  -4.8990831e+01	  -2.9682767e+01	   1.5717041e+02	  -1.9510501e+01	
   1.9600000e+00	  -4.9381832e+01	  -2.9804928e+01	   1.5143555e+02	  -1.8421816e+01	
   1.9700000e+00	  -4.9176556e+01	  -2.9926905e+01	   1.5066650e+02	  -1.7360318e+01	
   1.9800000e+00	  -4.9176556e+01	  -3.0047476e+01	   1.4778809e+02	  -1.6316892e+01	
   1.9900000e+00	  -4.9235206e+01	  -3.0167475e+01	   1.4280029e+02	  -1.5304636e+01	
   2.0000000e+00	  -4.9225431e+01	  -3.0286876e+01	   1.4124023e+02	  -1.4319227e+01	
   2.0100000e+00	  -4.9205881e+01	  -3.0405437e+01	   1.3820801e+02	  -1.3354372e+01	
   2.0200000e+00	  -4.9899907e+01	  -3.0525368e+01	   1.3853760e+02	  -1.2404025e+01	
   2.0300000e+00	  -4.9899907e+01	  -3.0646721e+01	   1.2768311e+02	  -1.1492591e+01	
   2.0400000e+00	  -4.9802157e+01	  -3.0767007e+01	   1.2517822e+02	  -1.0628705e+01	
   2.0500000e+00	  -4.9401382e+01	  -3.0884979e+01	   1.2537598e+02	  -9.7774551e+00	
   2.0600000e+00	  -4.9645757e+01	  -3.1001723e+01	   1.1992676e+02	  -8.9479834e+00	
   2.0700000e+00	  -4.9538232e+01	  -3.1118163e+01	   1.1975098e+02	  -8.1413233e+00	
   2.0800000e+00	  -4.9548007e+01	  -3.1233569e+01	   1.1300537e+02	  -7.3613919e+00	
   2.0900000e+00	  -4.9763057e+01	  -3.1348955e+01	   1.1311523e+02	  -6.6071271e+00	
   2.1000000e+00	  -4.8883306e+01	  -3.1461537e+01	   1.0902832e+02	  -5.8700420e+00	
   2.1100000e+00	  -4.9391607e+01	  -3.1572251e+01	   1.0579834e+02	  -5.1604884e+00	
   2.1200000e+00	  -4.9577332e+01	  -3.1684445e+01	   1.0344727e+02	  -4.4728576e+00	
   2.1300000e+00	  -4.9528457e+01	  -3.1796364e+01	   9.8020020e+01	  -3.8138937e+00	
   2.1400000e+00	  -5.0134507e+01	  -3.1909328e+01	   9.8107910e+01	  -3.1757788e+00	
   2.1500000e+00	  -4.8805106e+01	  -3.2019318e+01	   9.3010254e+01	  -2.5573502e+00	
   2.1600000e+00	  -4.9372057e+01	  -3.2126232e+01	   9.2834473e+01	  -1.9593103e+00	
   2.1700000e+00	  -4.9225431e+01	  -3.2233792e+01	   8.7033691e+01	  -1.3837334e+00	
   2.1800000e+00	  -4.9010381e+01	  -3.2339547e+01	   8.2836914e+01	  -8.4307168e-01	
   2.1900000e+00	  -4.9078806e+01	  -3.2444179e+01	   8.1166992e+01	  -3.2416951e-01	
   2.2000000e+00	  -4.9010381e+01	  -3.2548156e+01	   7.7739258e+01	   1.7551784e-01	
   2.2100000e+00	  -4.9108131e+01	  -3.2651574e+01	   7.3850098e+01	   6.4916060e-01	
   2.2200000e+00	  -4.9469807e+01	  -3.2755783e+01	   7.3015137e+01	   1.1050419e+00	
   2.2300000e+00	  -4.9284081e+01	  -3.2859890e+01	   6.6115723e+01	   1.5338454e+00	
   2.2400000e+00	  -4.9284081e+01	  -3.2962763e+01	   6.4072266e+01	   1.9319562e+00	
   2.2500000e+00	  -4.9254756e+01	  -3.3064901e+01	   6.1589355e+01	   2.3133980e+00	
   2.2600000e+00	  -4.9645757e+01	  -3.3167531e+01	   5.8820801e+01	   2.6760041e+00	
   2.2700000e+00	  -4.9939007e+01	  -3.3271661e+01	   5.2624512e+01	   3.0082634e+00	
   2.2800000e+00	  -4.9508907e+01	  -3.3374710e+01	   5.1350098e+01	   3.3150450e+00	
   2.2900000e+00	  -4.9225431e+01	  -3.3474880e+01	   5.0097656e+01	   3.6119915e+00	
   2.3000000e+00	  -4.9411157e+01	  -3.3574115e+01	   4.5000000e+01	   3.8871912e+00	
   2.3100000e+00	  -4.9763057e+01	  -3.3674413e+01	   4.0385742e+01	   4.1302516e+00	
   2.3200000e+00	  -4.9352507e+01	  -3.3773899e+01	   3.9396973e+01	   4.3542424e+00	
   2.3300000e+00	  -4.9420932e+01	  -3.3871690e+01	   3.6518555e+01	   4.5647190e+00	
   2.3400000e+00	  -4.9939007e+01	  -3.3970706e+01	   3.5397949e+01	   4.7613533e+00	
   2.3500000e+00	  -4.9117906e+01	  -3.4068152e+01	   2.9904785e+01	   4.9360431e+00	
   2.3600000e+00	  -4.9675082e+01	  -3.4164162e+01	   2.7268066e+01	   5.0841780e+00	
   2.3700000e+00	  -5.0036757e+01	  -3.4262448e+01	   2.2038574e+01	   5.2067499e+00	
   2.3800000e+00	  -4.9352507e+01	  -3.4359108e+01	   1.8544922e+01	   5.3012352e+00	
   2.3900000e+00	  -4.9176556e+01	  -3.4452468e+01	   1.7995605e+01	   5.3824671e+00	
   2.4000000e+00	  -4.8971281e+01	  -3.4544050e+01	   1.5380859e+01	   5.4532810e+00	
   2.4100000e+00	  -4.8726906e+01	  -3.4633650e+01	   1.0744629e+01	   5.5009431e+00	
   2.4200000e+00	  -4.9254756e+01	  -3.4723577e+01	   8.4594727e+00	   5.5266305e+00	
   2.4300000e+00	  -4.9587107e+01	  -3.4815634e+01	   6.7236328e+00	   5.5395642e+00	
   2.4400000e+00	  -4.9225431e+01	  -3.4907023e+01	   3.7792969e+00	   5.5377597e+00	
   2.4500000e+00	  -4.8941956e+01	  -3.4995819e+01	   3.0102539e+00	   5.5243371e+00	
   2.4600000e+00	  -4.8326131e+01	  -3.5081242e+01	  -2.0214844e+00	   5.4928318e+00	
   2.4700000e+00	  -4.9391607e+01	  -3.5167539e+01	  -5.0097656e+00	   5.4364071e+00	
   2.4800000e+00	  -4.8902856e+01	  -3.5255101e+01	  -7.6904297e+00	   5.3625820e+00	
   2.4900000e+00	  -4.9606657e+01	  -3.5342788e+01	  -1.0480957e+01	   5.2720848e+00	
   2.5000000e+00	  -4.9049481e+01	  -3.5430385e+01	  -1.2238770e+01	   5.1679101e+00	
   2.5100000e+00	  -4.9577332e+01	  -3.5517342e+01	  -1.7600098e+01	   5.0420925e+00	
   2.5200000e+00	  -4.9489357e+01	  -3.5605132e+01	  -1.9731445e+01	   4.8935976e+00	
   2.5300000e+00	  -5.0154057e+01	  -3.5694178e+01	  -2.5356445e+01	   4.7217418e+00	
   2.5400000e+00	  -4.9293856e+01	  -3.5782054e+01	  -2.6279297e+01	   4.5304560e+00	
   2.5500000e+00	  -4.9508907e+01	  -3.5867359e+01	  -3.1047363e+01	   4.3225458e+00	
   2.5600000e+00	  -4.8746456e+01	  -3.5950415e+01	  -3.1860352e+01	   4.0984593e+00	
   2.5700000e+00	  -4.9088581e+01	  -3.6031635e+01	  -3.3090820e+01	   3.8693767e+00	
   2.5800000e+00	  -4.9284081e+01	  -3.6114030e+01	  -3.9243164e+01	   3.6186078e+00	
   2.5900000e+00	  -4.9401382e+01	  -3.6196888e+01	  -4.2121582e+01	   3.3411273e+00	
   2.6000000e+00	  -4.9039706e+01	  -3.6278462e+01	  -4.1528320e+01	   3.0582283e+00	
   2.6100000e+00	  -5.0095407e+01	  -3.6361699e+01	  -4.6977539e+01	   2.7618935e+00	
   2.6200000e+00	  -4.9430707e+01	  -3.6445638e+01	  -5.1591797e+01	   2.4358984e+00	
   2.6300000e+00	  -4.9772832e+01	  -3.6528042e+01	  -5.4250488e+01	   2.0891680e+00	
   2.6400000e+00	  -4.9078806e+01	  -3.6608828e+01	  -5.6887207e+01	   1.7280254e+00	
   2.6500000e+00	  -4.9616432e+01	  -3.6688618e+01	  -6.0886230e+01	   1.3483632e+00	
   2.6600000e+00	  -4.9235206e+01	  -3.6768397e+01	  -6.0073242e+01	   9.6110115e-01	
   2.6700000e+00	  -4.9323182e+01	  -3.6846759e+01	  -6.5214844e+01	   5.6270852e-01	
   2.6800000e+00	  -5.0134507e+01	  -3.6927446e+01	  -6.8269043e+01	   1.4114392e-01	
   2.6900000e+00	  -4.9450257e+01	  -3.7008026e+01	  -7.0949707e+01	  -2.9574045e-01	
   2.7000000e+00	  -4.8912631e+01	  -3.7084275e+01	  -7.3059082e+01	  -7.4488964e-01	
   2.7100000e+00	  -4.9391607e+01	  -3.7159862e+01	  -7.7058105e+01	  -1.2103556e+00	
   2.7200000e+00	  -5.0222482e+01	  -3.7239078e+01	  -8.0354004e+01	  -1.6957522e+00	
   2.7300000e+00	  -4.9528457e+01	  -3.7318227e+01	  -8.2727051e+01	  -2.1958622e+00	
   2.7400000e+00	  -4.9733732e+01	  -3.7395349e+01	  -8.6044922e+01	  -2.7106624e+00	
   2.7500000e+00	  -4.9127681e+01	  -3.7470732e+01	  -8.9538574e+01	  -3.2435702e+00	
   2.7600000e+00	  -4.9391607e+01	  -3.7544573e+01	  -9.2021484e+01	  -3.7918573e+00	
   2.7700000e+00	  -5.0144282e+01	  -3.7621134e+01	  -9.3999023e+01	  -4.3506792e+00	
   2.7800000e+00	  -4.9606657e+01	  -3.7697889e+01	  -9.6437988e+01	  -4.9198324e+00	
   2.7900000e+00	  -4.9196106e+01	  -3.7771195e+01	  -1.0103027e+02	  -5.5074410e+00	
   2.8000000e+00	  -4.9303631e+01	  -3.7843092e+01	  -1.0401855e+02	  -6.1151095e+00	
   2.8100000e+00	  -4.8932181e+01	  -3.7913712e+01	  -1.0755615e+02	  -6.7394095e+00	
   2.8200000e+00	  -4.9567557e+01	  -3.7984716e+01	  -1.1054443e+02	  -7.3802366e+00	
   2.8300000e+00	  -4.8990831e+01	  -3.8055459e+01	  -1.1282959e+02	  -8.0335651e+00	
   2.8400000e+00	  -4.9176556e+01	  -3.8124535e+01	  -1.1533447e+02	  -8.6978027e+00	
   2.8500000e+00	  -4.8853981e+01	  -3.8192749e+01	  -1.1928955e+02	  -9.3781108e+00	
   2.8600000e+00	  -5.0105182e+01	  -3.8263445e+01	  -1.2106934e+02	  -1.0072118e+01	
   2.8700000e+00	  -4.9518682e+01	  -3.8335779e+01	  -1.2344238e+02	  -1.0774784e+01	
   2.8800000e+00	  -4.9714182e+01	  -3.8406436e+01	  -1.2825439e+02	  -1.1495551e+01	
   2.8900000e+00	  -4.9792382e+01	  -3.8477507e+01	  -1.3047363e+02	  -1.2233823e+01	
   2.9000000e+00	  -4.9313406e+01	  -3.8546878e+01	  -1.3517578e+02	  -1.2989148e+01	
   2.9100000e+00	  -4.9929232e+01	  -3.8616243e+01	  -1.3719727e+02	  -1.3760798e+01	
   2.9200000e+00	  -4.9763057e+01	  -3.8686582e+01	  -1.4167969e+02	  -1.4547984e+01	
   2.9300000e+00	  -4.9372057e+01	  -3.8754735e+01	  -1.4361328e+02	  -1.5350332e+01	
   2.9400000e+00	  -4.9284081e+01	  -3.8820962e+01	  -1.4600830e+02	  -1.6161212e+01	
   2.9500000e+00	  -4.9254756e+01	  -3.8886406e+01	  -1.4875488e+02	  -1.6983114e+01	
   2.9600000e+00	  -4.9469807e+01	  -3.8952022e+01	  -1.5180908e+02	  -1.7818036e+01	
   2.9700000e+00	  -4.9587107e+01	  -3.9018268e+01	  -1.5697266e+02	  -1.8673463e+01	
   2.9800000e+00	  -4.9420932e+01	  -3.9083945e+01	  -1.5949951e+02	  -1.9547618e+01	
   2.9900000e+00	  -4.9479582e+01	  -3.9148875e+01	  -1.6257568e+02	  -2.0433844e+01	
   3.0000000e+00	  -4.9020156e+01	  -3.9212143e+01	  -1.6316895e+02	  -2.1326012e+01	
   3.0100000e+00	  -4.9196106e+01	  -3.9274127e+01	  -1.7031006e+02	  -2.2236813e+01	
   3.0200000e+00	  -4.9235206e+01	  -3.9336396e+01	  -1.7347412e+02	  -2.3174183e+01	
   3.0300000e+00	  -4.9489357e+01	  -3.9399193e+01	  -1.7681396e+02	  -2.4126051e+01	
   3.0400000e+00	  -4.9323182e+01	  -3.9461873e+01	  -1.7931885e+02	  -2.5090261e+01	
   3.0500000e+00	  -4.9215656e+01	  -3.9523303e+01	  -1.8000000e+02	  -2.6058409e+01	
   3.0600000e+00	  -4.9117906e+01	  -3.9583705e+01	  -1.8000000e+02	  -2.7022627e+01	
   3.0700000e+00	  -4.9059256e+01	  -3.9643239e+01	  -1.8000000e+02	  -2.7980805e+01	
   3.0800000e+00	  -4.8961506e+01	  -3.9701910e+01	  -1.8000000e+02	  -2.8932981e+01	
   3.0900000e+00	  -4.9176556e+01	  -3.9760581e+01	  -1.3161621e+01	  -2.9356695e+01	
   3.1000000e+00	  -4.8805106e+01	  -3.9818395e+01	   1.7791260e+02	  -2.8656858e+01	
   3.1100000e+00	  -4.9450257e+01	  -3.9876704e+01	   1.7426514e+02	  -2.7374427e+01	
   3.1200000e+00	  -4.9401382e+01	  -3.9936516e+01	   1.7701172e+02	  -2.6102850e+01	
   3.1300000e+00	  -4.9186331e+01	  -3.9995126e+01	   1.7402344e+02	  -2.4839995e+01	
   3.1400000e+00	  -4.9821707e+01	  -4.0054685e+01	   1.7274902e+02	  -2.3598399e+01	
   3.1500000e+00	  -4.9675082e+01	  -4.0115402e+01	   1.7041992e+02	  -2.2375866e+01	
   3.1600000e+00	  -4.9460032e+01	  -4.0174605e+01	   1.6330078e+02	  -2.1190579e+01	
   3.1700000e+00	  -4.9665307e+01	  -4.0233408e+01	   1.6090576e+02	  -2.0042513e+01	
   3.1800000e+00	  -4.9215656e+01	  -4.0291077e+01	   1.5851074e+02	  -1.8916639e+01	
   3.1900000e+00	  -4.9440482e+01	  -4.0347680e+01	   1.5503906e+02	  -1.7816190e+01	
   3.2000000e+00	  -4.9987882e+01	  -4.0406347e+01	   1.5198486e+02	  -1.6743071e+01	
   3.2100000e+00	  -4.9284081e+01	  -4.0464157e+01	   1.4855713e+02	  -1.5696974e+01	
   3.2200000e+00	  -4.9049481e+01	  -4.0518667e+01	   1.4581055e+02	  -1.4676765e+01	
   3.2300000e+00	  -4.8893081e+01	  -4.0571610e+01	   1.4117432e+02	  -1.3686068e+01	
   3.2400000e+00	  -4.9127681e+01	  -4.0624466e+01	   1.3781250e+02	  -1.2726624e+01	
   3.2500000e+00	  -4.9108131e+01	  -4.0677665e+01	   1.3425293e+02	  -1.1794866e+01	
   3.2600000e+00	  -5.0290907e+01	  -4.0734174e+01	   1.3023193e+02	  -1.0892684e+01	
   3.2700000e+00	  -4.9596882e+01	  -4.0791859e+01	   1.2827637e+02	  -1.0014870e+01	
   3.2800000e+00	  -5.0212707e+01	  -4.0848938e+01	   1.2623291e+02	  -9.1550790e+00	
   3.2900000e+00	  -4.9714182e+01	  -4.0906027e+01	   1.1898193e+02	  -8.3297808e+00	
   3.3000000e+00	  -4.9645757e+01	  -4.0960983e+01	   1.1676270e+02	  -7.5393104e+00	
   3.3100000e+00	  -4.9196106e+01	  -4.1013972e+01	   1.1511475e+02	  -6.7659022e+00	
   3.3200000e+00	  -4.9264531e+01	  -4.1065436e+01	   1.1203857e+02	  -6.0121331e+00	
   3.3300000e+00	  -4.9215656e+01	  -4.1116638e+01	   1.0957764e+02	  -5.2804262e+00	
   3.3400000e+00	  -4.8990831e+01	  -4.1166662e+01	   1.0933594e+02	  -4.5617664e+00	
   3.3500000e+00	  -5.0173607e+01	  -4.1219373e+01	   1.0445801e+02	  -3.8636415e+00	
   3.3600000e+00	  -4.8941956e+01	  -4.1271601e+01	   9.8613281e+01	  -3.2034700e+00	
   3.3700000e+00	  -4.9244981e+01	  -4.1320594e+01	   9.7514648e+01	  -2.5691786e+00	
   3.3800000e+00	  -4.9000606e+01	  -4.1369463e+01	   9.3493652e+01	  -1.9548935e+00	
   3.3900000e+00	  -4.8834431e+01	  -4.1416740e+01	   9.1428223e+01	  -1.3635172e+00	
   3.4000000e+00	  -4.9254756e+01	  -4.1464518e+01	   8.4902344e+01	  -8.0275106e-01	
   3.4100000e+00	  -4.9606657e+01	  -4.1514414e+01	   8.4704590e+01	  -2.6655407e-01	
   3.4200000e+00	  -4.9440482e+01	  -4.1564580e+01	   8.0112305e+01	   2.5128315e-01	
   3.4300000e+00	  -4.9244981e+01	  -4.1613298e+01	   7.6904297e+01	   7.4144821e-01	
   3.4400000e+00	  -4.9127681e+01	  -4.1660732e+01	   7.8640137e+01	   1.2239326e+00	
   3.4500000e+00	  -4.9782607e+01	  -4.1709553e+01	   7.4245605e+01	   1.6950686e+00	
   3.4600000e+00	  -4.9274306e+01	  -4.1758527e+01	   6.8796387e+01	   2.1324253e+00	
   3.4700000e+00	  -4.9127681e+01	  -4.1805143e+01	   6.6071777e+01	   2.5414440e+00	
   3.4800000e+00	  -5.0173607e+01	  -4.1854283e+01	   6.0710449e+01	   2.9225777e+00	
   3.4900000e+00	  -4.9274306e+01	  -4.1903575e+01	   5.7304688e+01	   3.2738676e+00	
   3.5000000e+00	  -4.9020156e+01	  -4.1948946e+01	   5.3261719e+01	   3.5996296e+00	
   3.5100000e+00	  -4.9489357e+01	  -4.1994706e+01	   5.2426758e+01	   3.9080746e+00	
   3.5200000e+00	  -4.9538232e+01	  -4.2041802e+01	   4.9680176e+01	   4.2033711e+00	
   3.5300000e+00	  -4.9186331e+01	  -4.2087654e+01	   4.9592285e+01	   4.4879411e+00	
   3.5400000e+00	  -4.9665307e+01	  -4.2133617e+01	   4.2934570e+01	   4.7496030e+00	
   3.5500000e+00	  -4.9186331e+01	  -4.2179292e+01	   4.2758789e+01	   4.9882252e+00	
   3.5600000e+00	  -4.9274306e+01	  -4.2223456e+01	   3.7990723e+01	   5.2098697e+00	
   3.5700000e+00	  -4.9127681e+01	  -4.2267160e+01	   3.2827148e+01	   5.3990224e+00	
   3.5800000e+00	  -4.9332957e+01	  -4.2310774e+01	   3.0410156e+01	   5.5632498e+00	
   3.5900000e+00	  -4.8902856e+01	  -4.2353411e+01	   2.5422363e+01	   5.7032585e+00	
   3.6000000e+00	  -4.9538232e+01	  -4.2396423e+01	   2.6103516e+01	   5.8289029e+00	
   3.6100000e+00	  -4.8990831e+01	  -4.2439442e+01	   2.5510254e+01	   5.9540356e+00	
   3.6200000e+00	  -4.8853981e+01	  -4.2480048e+01	   1.6435547e+01	   6.0481067e+00	
   3.6300000e+00	  -4.9372057e+01	  -4.2521594e+01	   1.4985352e+01	   6.1086270e+00	
   3.6400000e+00	  -4.9274306e+01	  -4.2564196e+01	   1.3645020e+01	   6.1600290e+00	
   3.6500000e+00	  -4.9108131e+01	  -4.2605704e+01	   1.0700684e+01	   6.1976905e+00	
   3.6600000e+00	  -4.8834431e+01	  -4.2645575e+01	   1.1206055e+01	   6.2274778e+00	
   3.6700000e+00	  -4.8873531e+01	  -4.2684462e+01	   3.8671875e+00	   6.2356777e+00	
   3.6800000e+00	  -4.9313406e+01	  -4.2724605e+01	   2.3510742e+00	   6.2160945e+00	
   3.6900000e+00	  -4.8599831e+01	  -4.2763639e+01	  -4.8339844e-01	   6.1830089e+00	
   3.7000000e+00	  -4.9606657e+01	  -4.2803348e+01	  -5.7128906e+00	   6.1248761e+00	
   3.7100000e+00	  -4.9000606e+01	  -4.2844062e+01	  -7.7563477e+00	   6.0443303e+00	
   3.7200000e+00	  -4.8756231e+01	  -4.2881859e+01	  -9.8876953e+00	   5.9512145e+00	
   3.7300000e+00	  -4.8590056e+01	  -4.2918133e+01	  -1.3293457e+01	   5.8413410e+00	
   3.7400000e+00	  -4.8834431e+01	  -4.2954424e+01	  -1.7534180e+01	   5.7082087e+00	
   3.7500000e+00	  -4.8766006e+01	  -4.2991039e+01	  -2.0236816e+01	   5.5541653e+00	
   3.7600000e+00	  -4.8678031e+01	  -4.3026936e+01	  -2.1203613e+01	   5.3895950e+00	
   3.7700000e+00	  -4.8678031e+01	  -4.3062331e+01	  -2.2807617e+01	   5.2180043e+00	
   3.7800000e+00	  -4.9244981e+01	  -4.3099281e+01	  -2.8081055e+01	   5.0259499e+00	
   3.7900000e+00	  -4.9274306e+01	  -4.3137867e+01	  -2.9992676e+01	   4.8125965e+00	
   3.8000000e+00	  -4.9088581e+01	  -4.3175721e+01	  -3.4035645e+01	   4.5819310e+00	
   3.8100000e+00	  -4.9020156e+01	  -4.3212542e+01	  -3.8298340e+01	   4.3266990e+00	
   3.8200000e+00	  -4.9205881e+01	  -4.3249500e+01	  -4.0253906e+01	   4.0535915e+00	
   3.8300000e+00	  -4.9088581e+01	  -4.3286440e+01	  -4.3088379e+01	   3.7671933e+00	
   3.8400000e+00	  -4.9753282e+01	  -4.3324864e+01	  -4.5505371e+01	   3.4661426e+00	
   3.8500000e+00	  -4.9274306e+01	  -4.3363628e+01	  -4.9614258e+01	   3.1465401e+00	
   3.8600000e+00	  -4.9293856e+01	  -4.3400711e+01	  -5.1328125e+01	   2.8107039e+00	
   3.8700000e+00	  -4.9635982e+01	  -4.3438695e+01	  -5.5942383e+01	   2.4571531e+00	
   3.8800000e+00	  -4.8922406e+01	  -4.3475277e+01	  -5.7963867e+01	   2.0850351e+00	
   3.8900000e+00	  -4.8775781e+01	  -4.3508936e+01	  -6.0402832e+01	   1.7012788e+00	
   3.9000000e+00	  -4.9430707e+01	  -4.3543976e+01	  -6.4445801e+01	   1.2996263e+00	
   3.9100000e+00	  -4.8971281e+01	  -4.3579409e+01	  -6.6665039e+01	   8.8087785e-01	
   3.9200000e+00	  -4.9000606e+01	  -4.3613273e+01	  -6.9257813e+01	   4.4968212e-01	
   3.9300000e+00	  -4.9635982e+01	  -4.3649006e+01	  -7.3278809e+01	   4.7443124e-04	
   3.9400000e+00	  -4.9196106e+01	  -4.3685128e+01	  -7.5344238e+01	  -4.6498088e-01	
   3.9500000e+00	  -4.9323182e+01	  -4.3720045e+01	  -7.9101563e+01	  -9.4575630e-01	
   3.9600000e+00	  -4.9039706e+01	  -4.3754252e+01	  -8.1452637e+01	  -1.4426504e+00	
   3.9700000e+00	  -4.9821707e+01	  -4.3789807e+01	  -8.4990234e+01	  -1.9548742e+00	
   3.9800000e+00	  -4.9958557e+01	  -4.3828016e+01	  -8.7692871e+01	  -2.4834325e+00	
   3.9900000e+00	  -4.9372057e+01	  -4.3864578e+01	  -9.0197754e+01	  -3.0249890e+00	
   4.0000000e+00	  -4.8990831e+01	  -4.3897881e+01	  -9.3581543e+01	  -3.5815953e+00	
   4.0100000e+00	  -4.9108131e+01	  -4.3930148e+01	  -9.6240234e+01	  -4.1536389e+00	
   4.0200000e+00	  -4.9059256e+01	  -4.3962427e+01	  -9.9228516e+01	  -4.7397845e+00	
   4.0300000e+00	  -4.9069031e+01	  -4.3994382e+01	  -1.0089844e+02	  -5.3368472e+00	
   4.0400000e+00	  -4.9499132e+01	  -4.4027514e+01	  -1.0597412e+02	  -5.9512958e+00	
   4.0500000e+00	  -4.8766006e+01	  -4.4059490e+01	  -1.0841309e+02	  -6.5854299e+00	
   4.0600000e+00	  -4.9743507e+01	  -4.4092031e+01	  -1.1063232e+02	  -7.2301804e+00	
   4.0700000e+00	  -4.9401382e+01	  -4.4126357e+01	  -1.1423584e+02	  -7.8891280e+00	
   4.0800000e+00	  -4.9616432e+01	  -4.4160071e+01	  -1.1687256e+02	  -8.5634913e+00	
   4.0900000e+00	  -4.9244981e+01	  -4.4193084e+01	  -1.2052002e+02	  -9.2533112e+00	
   4.1000000e+00	  -4.9029931e+01	  -4.4224053e+01	  -1.2392578e+02	  -9.9608994e+00	
   4.1100000e+00	  -4.9117906e+01	  -4.4254430e+01	  -1.2994629e+02	  -1.0693577e+01	
   4.1200000e+00	  -4.9890132e+01	  -4.4287311e+01	  -1.2860596e+02	  -1.1436322e+01	
   4.1300000e+00	  -4.9137456e+01	  -4.4320048e+01	  -1.3306641e+02	  -1.2184186e+01	
   4.1400000e+00	  -4.8824656e+01	  -4.4349242e+01	  -1.3684570e+02	  -1.2953171e+01	
   4.1500000e+00	  -4.9078806e+01	  -4.4378070e+01	  -1.3996582e+02	  -1.3738947e+01	
   4.1600000e+00	  -4.8912631e+01	  -4.4406992e+01	  -1.3963623e+02	  -1.4528540e+01	
   4.1700000e+00	  -4.8550956e+01	  -4.4434081e+01	  -1.4378906e+02	  -1.5325162e+01	
   4.1800000e+00	  -4.8902856e+01	  -4.4460969e+01	  -1.4712891e+02	  -1.6140259e+01	
   4.1900000e+00	  -4.9000606e+01	  -4.4489097e+01	  -1.5049072e+02	  -1.6971238e+01	
   4.2000000e+00	  -4.8902856e+01	  -4.4517049e+01	  -1.5442383e+02	  -1.7819859e+01	
   4.2100000e+00	  -4.9460032e+01	  -4.4546265e+01	  -1.5528076e+02	  -1.8678165e+01	
   4.2200000e+00	  -4.9362282e+01	  -4.4576736e+01	  -1.6116943e+02	  -1.9552222e+01	
   4.2300000e+00	  -4.8951731e+01	  -4.4605425e+01	  -1.6514648e+02	  -2.0451700e+01	
   4.2400000e+00	  -4.9557782e+01	  -4.4634546e+01	  -1.6903564e+02	  -2.1370180e+01	
   4.2500000e+00	  -4.9538232e+01	  -4.4665321e+01	  -1.6734375e+02	  -2.2289788e+01	
   4.2600000e+00	  -4.9626207e+01	  -4.4696119e+01	  -1.7474854e+02	  -2.3221528e+01	
   4.2700000e+00	  -4.9420932e+01	  -4.4726356e+01	  -1.7604492e+02	  -2.4174682e+01	
   4.2800000e+00	  -4.8883306e+01	  -4.4754076e+01	  -1.8000000e+02	  -2.5138312e+01	
   4.2900000e+00	  -4.8668256e+01	  -4.4779266e+01	  -1.8000000e+02	  -2.6108292e+01	
   4.3000000e+00	  -4.8678031e+01	  -4.4803656e+01	  -1.8000000e+02	  -2.7072197e+01	
   4.3100000e+00	  -4.9059256e+01	  -4.4829117e+01	  -1.8000000e+02	  -2.8030065e+01	
   4.3200000e+00	  -4.9528457e+01	  -4.4857082e+01	  -1.2700195e+01	  -2.8457989e+01	
   4.3300000e+00	  -4.8941956e+01	  -4.4884505e+01	  -1.2392578e+01	  -2.8358327e+01	
   4.3400000e+00	  -4.9274306e+01	  -4.4910959e+01	   1.7534180e+02	  -2.7670385e+01	
   4.3500000e+00	  -4.8834431e+01	  -4.4936912e+01	   1.7369385e+02	  -2.6403973e+01	
   4.3600000e+00	  -5.0026982e+01	  -4.4965059e+01	   1.7679199e+02	  -2.5140952e+01	
   4.3700000e+00	  -4.9225431e+01	  -4.4994254e+01	   1.7338623e+02	  -2.3886806e+01	
   4.3800000e+00	  -4.9538232e+01	  -4.5021736e+01	   1.7059570e+02	  -2.2659920e+01	
   4.3900000e+00	  -4.9137456e+01	  -4.5048770e+01	   1.6635498e+02	  -2.1462738e+01	
   4.4000000e+00	  -4.9548007e+01	  -4.5075665e+01	   1.6437744e+02	  -2.0292530e+01	
   4.4100000e+00	  -4.9381832e+01	  -4.5103157e+01	   1.6002686e+02	  -1.9149469e+01	
   4.4200000e+00	  -4.9362282e+01	  -4.5129896e+01	   1.5376465e+02	  -1.8046805e+01	
   4.4300000e+00	  -4.9284081e+01	  -4.5156160e+01	   1.4967773e+02	  -1.6983458e+01	
   4.4400000e+00	  -4.9284081e+01	  -4.5182016e+01	   1.5060059e+02	  -1.5936681e+01	
   4.4500000e+00	  -4.9811932e+01	  -4.5209362e+01	   1.4868896e+02	  -1.4899557e+01	
   4.4600000e+00	  -4.9235206e+01	  -4.5236384e+01	   1.4262451e+02	  -1.3893908e+01	
   4.4700000e+00	  -4.9391607e+01	  -4.5261921e+01	   1.4011963e+02	  -1.2921395e+01	
   4.4800000e+00	  -4.9372057e+01	  -4.5287726e+01	   1.3726318e+02	  -1.1971764e+01	
   4.4900000e+00	  -4.9196106e+01	  -4.5312757e+01	   1.3209961e+02	  -1.1053198e+01	
   4.5000000e+00	  -4.9987882e+01	  -4.5339561e+01	   1.3130859e+02	  -1.0159033e+01	
   4.5100000e+00	  -4.9166781e+01	  -4.5366104e+01	   1.2930908e+02	  -9.2792089e+00	
   4.5200000e+00	  -4.9645757e+01	  -4.5391410e+01	   1.2344238e+02	  -8.4295303e+00	
   4.5300000e+00	  -4.9606657e+01	  -4.5417934e+01	   1.2120117e+02	  -7.6105658e+00	
   4.5400000e+00	  -4.9196106e+01	  -4.5442885e+01	   1.1476318e+02	  -6.8239120e+00	
   4.5500000e+00	  -4.9587107e+01	  -4.5467618e+01	   1.1533447e+02	  -6.0605587e+00	
   4.5600000e+00	  -4.9372057e+01	  -4.5492747e+01	   1.1091797e+02	  -5.3140289e+00	
   4.5700000e+00	  -4.9069031e+01	  -4.5516096e+01	   1.0639160e+02	  -4.6001820e+00	
   4.5800000e+00	  -5.0202932e+01	  -4.5541901e+01	   1.0324951e+02	  -3.9148221e+00	
   4.5900000e+00	  -4.9098356e+01	  -4.5567636e+01	   1.0215088e+02	  -3.2470359e+00	
   4.6000000e+00	  -4.9880357e+01	  -4.5592200e+01	   9.7690430e+01	  -2.6008421e+00	
   4.6100000e+00	  -4.8619381e+01	  -4.5615110e+01	   9.7272949e+01	  -1.9739723e+00	
   4.6200000e+00	  -4.8834431e+01	  -4.5634601e+01	   9.3669434e+01	  -1.3636218e+00	
   4.6300000e+00	  -4.8599831e+01	  -4.5653908e+01	   9.1076660e+01	  -7.7649946e-01	
   4.6400000e+00	  -4.9254756e+01	  -4.5674411e+01	   8.7451172e+01	  -2.1252876e-01	
   4.6500000e+00	  -4.9352507e+01	  -4.5697143e+01	   8.0881348e+01	   3.1598018e-01	
   4.6600000e+00	  -4.9176556e+01	  -4.5719487e+01	   7.9431152e+01	   8.1606199e-01	
   4.6700000e+00	  -4.9753282e+01	  -4.5742947e+01	   7.8200684e+01	   1.3046163e+00	
   4.6800000e+00	  -4.9763057e+01	  -4.5768097e+01	   7.2971191e+01	   1.7698795e+00	
   4.6900000e+00	  -4.9528457e+01	  -4.5792384e+01	   7.1081543e+01	   2.2099330e+00	
   4.7000000e+00	  -4.9440482e+01	  -4.5815510e+01	   6.6796875e+01	   2.6278937e+00	
   4.7100000e+00	  -4.9157006e+01	  -4.5837327e+01	   6.4313965e+01	   3.0220421e+00	
   4.7200000e+00	  -4.9274306e+01	  -4.5858487e+01	   5.8161621e+01	   3.3866781e+00	
   4.7300000e+00	  -5.0427758e+01	  -4.5883495e+01	   5.6623535e+01	   3.7249456e+00	
   4.7400000e+00	  -4.9948782e+01	  -4.5910458e+01	   5.5019531e+01	   4.0512540e+00	
   4.7500000e+00	  -4.9137456e+01	  -4.5933211e+01	   5.2075195e+01	   4.3612743e+00	
   4.7600000e+00	  -4.8981056e+01	  -4.5952791e+01	   4.9921875e+01	   4.6533881e+00	
   4.7700000e+00	  -4.8775781e+01	  -4.5971116e+01	   4.6340332e+01	   4.9257120e+00	
   4.7800000e+00	  -4.9372057e+01	  -4.5990551e+01	   4.2648926e+01	   5.1735531e+00	
   4.7900000e+00	  -4.8560731e+01	  -4.6009190e+01	   3.8562012e+01	   5.3954819e+00	
   4.8000000e+00	  -4.8922406e+01	  -4.6026304e+01	   3.7573242e+01	   5.6001248e+00	
   4.8100000e+00	  -4.8756231e+01	  -4.6043924e+01	   3.7287598e+01	   5.7994947e+00	
   4.8200000e+00	  -4.9196106e+01	  -4.6062290e+01	   2.8740234e+01	   5.9699530e+00	
   4.8300000e+00	  -5.0105182e+01	  -4.6084766e+01	   2.8432617e+01	   6.1116120e+00	
   4.8400000e+00	  -4.9381832e+01	  -4.6107682e+01	   2.3049316e+01	   6.2345610e+00	
   4.8500000e+00	  -4.9997657e+01	  -4.6130118e+01	   2.0390625e+01	   6.3315543e+00	
   4.8600000e+00	  -4.9029931e+01	  -4.6151312e+01	   2.0412598e+01	   6.4196825e+00	
   4.8700000e+00	  -4.8707356e+01	  -4.6168332e+01	   1.7072754e+01	   6.4968679e+00	
   4.8800000e+00	  -4.8824656e+01	  -4.6184603e+01	   1.4260254e+01	   6.5543022e+00	
   4.8900000e+00	  -4.9645757e+01	  -4.6203710e+01	   9.6459961e+00	   6.5881179e+00	
   4.9000000e+00	  -4.8941956e+01	  -4.6223066e+01	   5.3393555e+00	   6.5937836e+00	
   4.9100000e+00	  -4.9166781e+01	  -4.6240800e+01	   1.8457031e+00	   6.5749852e+00	
   4.9200000e+00	  -4.9254756e+01	  -4.6259402e+01	  -6.5917969e-02	   6.5393764e+00	
   4.9300000e+00	  -4.8922406e+01	  -4.6277123e+01	  -4.1528320e+00	   6.4852047e+00	
   4.9400000e+00	  -4.8277256e+01	  -4.6291671e+01	  -4.8559570e+00	   6.4163710e+00	
   4.9500000e+00	  -4.8550956e+01	  -4.6304965e+01	  -8.2617188e+00	   6.3351005e+00	
   4.9600000e+00	  -4.9381832e+01	  -4.6321635e+01	  -1.0349121e+01	   6.2371356e+00	
   4.9700000e+00	  -4.8228380e+01	  -4.6337190e+01	  -1.6457520e+01	   6.1141171e+00	
   4.9800000e+00	  -4.8736681e+01	  -4.6350628e+01	  -1.6391602e+01	   5.9729454e+00	
   4.9900000e+00	  -4.9010381e+01	  -4.6366430e+01	  -2.0654297e+01	   5.8195147e+00	
   5.0000000e+00	  -4.8805106e+01	  -4.6382348e+01	  -2.3181152e+01	   5.6457817e+00	
   5.0100000e+00	  -4.8482531e+01	  -4.6396512e+01	  -2.5488281e+01	   5.4579980e+00	
   5.0200000e+00	  -4.8150180e+01	  -4.6408537e+01	  -3.0146484e+01	   5.2495767e+00	
   5.0300000e+00	  -4.6400454e+01	  -4.6413966e+01	  -3.2255859e+01	   5.0212664e+00	
   5.0400000e+00	  -4.5002628e+01	  -4.6409504e+01	  -3.5749512e+01	   4.7768388e+00	
   5.0500000e+00	  -4.2549100e+01	  -4.6393008e+01	  -3.5815430e+01	   4.5227944e+00	
   5.0600000e+00	  -4.2021250e+01	  -4.6367279e+01	  -3.8913574e+01	   4.2604321e+00	
   5.0700000e+00	  -4.0379048e+01	  -4.6334914e+01	  -3.9770508e+01	   3.9873268e+00	
   5.0800000e+00	  -3.8756397e+01	  -4.6292528e+01	  -4.2692871e+01	   3.7040962e+00	
   5.0900000e+00	  -3.6136694e+01	  -4.6237121e+01	  -4.5000000e+01	   3.4062621e+00	
   5.1000000e+00	  -3.4895268e+01	  -4.6169969e+01	  -4.9218750e+01	   3.0898559e+00	
   5.1100000e+00	  -3.3350817e+01	  -4.6094512e+01	  -4.9987793e+01	   2.7598110e+00	
   5.1200000e+00	  -3.2490616e+01	  -4.6011998e+01	  -4.9108887e+01	   2.4321774e+00	
   5.1300000e+00	  -2.9675413e+01	  -4.5918490e+01	  -5.4689941e+01	   2.0918700e+00	
   5.1400000e+00	  -2.9235538e+01	  -4.5815373e+01	  -5.4667969e+01	   1.7362843e+00	
   5.1500000e+00	  -2.7085036e+01	  -4.5704790e+01	  -5.6359863e+01	   1.3776960e+00	
   5.1600000e+00	  -2.4787909e+01	  -4.5580971e+01	  -5.7062988e+01	   1.0138532e+00	
   5.1700000e+00	  -2.1073405e+01	  -4.5439100e+01	  -5.9370117e+01	   6.4286182e-01	
   5.1800000e+00	  -2.0242530e+01	  -4.5283882e+01	  -6.0029297e+01	   2.6490443e-01	
   5.1900000e+00	  -1.9235704e+01	  -4.5123882e+01	  -6.0952148e+01	  -1.1564017e-01	
   5.2000000e+00	  -1.6977677e+01	  -4.4954659e+01	  -6.1325684e+01	  -4.9786120e-01	
   5.2100000e+00	  -1.4387299e+01	  -4.4771312e+01	  -6.1501465e+01	  -8.7940850e-01	
   5.2200000e+00	  -1.2530048e+01	  -4.4575184e+01	  -6.2951660e+01	  -1.2636581e+00	
   5.2300000e+00	  -1.1484122e+01	  -4.4371193e+01	  -6.3522949e+01	  -1.6518318e+00	
   5.2400000e+00	  -9.2945196e+00	  -4.4158347e+01	  -6.4226074e+01	  -2.0415654e+00	
   5.2500000e+00	  -7.8184933e+00	  -4.3935354e+01	  -6.4775391e+01	  -2.4327801e+00	
   5.2600000e+00	  -6.5281921e+00	  -4.3705094e+01	  -6.3676758e+01	  -2.8198242e+00	
   5.2700000e+00	  -6.5379671e+00	  -4.3472266e+01	  -6.5214844e+01	  -3.2058203e+00	
   5.2800000e+00	  -3.9671397e+00	  -4.3232875e+01	  -6.5368652e+01	  -3.5946972e+00	
   5.2900000e+00	  -1.4060873e+00	  -4.2978913e+01	  -6.5061035e+01	  -3.9806568e+00	
   5.3000000e+00	   7.1508961e-01	  -4.2711877e+01	  -6.5588379e+01	  -4.3648870e+00	
   5.3100000e+00	   4.3161435e-01	  -4.2440759e+01	  -6.5039063e+01	  -4.7466417e+00	
   5.3200000e+00	   2.0678914e-01	  -4.2172931e+01	  -6.3061523e+01	  -5.1180918e+00	
   5.3300000e+00	   2.2399910e+00	  -4.1901117e+01	  -6.4951172e+01	  -5.4869401e+00	
   5.3400000e+00	   2.9828917e+00	  -4.1622311e+01	  -6.5961914e+01	  -5.8625614e+00	
   5.3500000e+00	   4.2340929e+00	  -4.1339007e+01	  -6.4006348e+01	  -6.2328710e+00	
   5.3600000e+00	   3.4520921e+00	  -4.1056007e+01	  -6.5478516e+01	  -6.5993473e+00	
   5.3700000e+00	   5.3288939e+00	  -4.0771352e+01	  -6.5610352e+01	  -6.9685516e+00	
   5.3800000e+00	   6.1108946e+00	  -4.0480152e+01	  -6.4204102e+01	  -7.3314521e+00	
   5.3900000e+00	   6.5409950e+00	  -4.0186981e+01	  -6.2907715e+01	  -7.6836156e+00	
   5.4000000e+00	   7.7824211e+00	  -3.9890411e+01	  -6.3017578e+01	  -8.0298574e+00	
   5.4100000e+00	   9.4637227e+00	  -3.9586546e+01	  -6.0996094e+01	  -8.3679437e+00	
   5.4200000e+00	   9.4441727e+00	  -3.9279379e+01	  -5.8930664e+01	  -8.6911132e+00	
   5.4300000e+00	   1.0382574e+01	  -3.8971259e+01	  -5.9414063e+01	  -9.0073039e+00	
   5.4400000e+00	   1.0587849e+01	  -3.8661487e+01	  -6.0139160e+01	  -9.3252989e+00	
   5.4500000e+00	   1.3119576e+01	  -3.8345084e+01	  -5.7568359e+01	  -9.6355219e+00	
   5.4600000e+00	   1.4175277e+01	  -3.8019427e+01	  -5.4755859e+01	  -9.9269425e+00	
   5.4700000e+00	   1.5534003e+01	  -3.7688249e+01	  -5.6030273e+01	  -1.0211721e+01	
   5.4800000e+00	   1.4771553e+01	  -3.7357278e+01	  -5.6293945e+01	  -1.0499532e+01	
   5.4900000e+00	   1.6892730e+01	  -3.7024124e+01	  -5.4052734e+01	  -1.0779348e+01	
   5.5000000e+00	   1.7088230e+01	  -3.6685802e+01	  -5.3745117e+01	  -1.1049429e+01	
   5.5100000e+00	   1.7508555e+01	  -3.6347671e+01	  -5.1745605e+01	  -1.1310592e+01	
   5.5200000e+00	   1.9170307e+01	  -3.6005136e+01	  -5.0185547e+01	  -1.1558973e+01	
   5.5300000e+00	   1.9414682e+01	  -3.5658778e+01	  -4.6757813e+01	  -1.1790176e+01	
   5.5400000e+00	   2.2014834e+01	  -3.5305681e+01	  -4.8208008e+01	  -1.2013739e+01	
   5.5500000e+00	   2.2542685e+01	  -3.4944999e+01	  -4.5373535e+01	  -1.2231566e+01	
   5.5600000e+00	   2.0724533e+01	  -3.4590617e+01	  -4.4868164e+01	  -1.2437569e+01	
   5.5700000e+00	   2.3500636e+01	  -3.4235455e+01	  -4.4736328e+01	  -1.2640286e+01	
   5.5800000e+00	   2.3432211e+01	  -3.3874038e+01	  -4.3417969e+01	  -1.2837191e+01	
   5.5900000e+00	   2.3168285e+01	  -3.3515925e+01	  -4.0144043e+01	  -1.3018482e+01	
   5.6000000e+00	   2.2757735e+01	  -3.3162168e+01	  -4.1638184e+01	  -1.3193063e+01	
   5.6100000e+00	   2.5045087e+01	  -3.2804748e+01	  -3.7067871e+01	  -1.3356917e+01	
   5.6200000e+00	   2.6315838e+01	  -3.2438424e+01	  -3.4936523e+01	  -1.3498756e+01	
   5.6300000e+00	   2.7185814e+01	  -3.2067691e+01	  -3.5419922e+01	  -1.3634546e+01	
   5.6400000e+00	   2.5162387e+01	  -3.1702892e+01	  -3.4804688e+01	  -1.3769072e+01	
   5.6500000e+00	   2.6755714e+01	  -3.1341725e+01	  -3.2167969e+01	  -1.3892572e+01	
   5.6600000e+00	   2.9981467e+01	  -3.0967727e+01	  -2.9729004e+01	  -1.3999402e+01	
   5.6700000e+00	   2.8319715e+01	  -3.0591175e+01	  -2.8872070e+01	  -1.4095241e+01	
   5.6800000e+00	   2.8505440e+01	  -3.0221603e+01	  -2.2983398e+01	  -1.4169354e+01	
   5.6900000e+00	   2.9179916e+01	  -2.9851652e+01	  -2.6894531e+01	  -1.4236810e+01	
   5.7000000e+00	   2.8652065e+01	  -2.9483559e+01	  -2.3994141e+01	  -1.4307009e+01	
   5.7100000e+00	   3.0636392e+01	  -2.9113211e+01	  -2.2543945e+01	  -1.4363143e+01	
   5.7200000e+00	   3.0655942e+01	  -2.8738906e+01	  -1.8984375e+01	  -1.4403236e+01	
   5.7300000e+00	   3.1486818e+01	  -2.8364283e+01	  -1.7797852e+01	  -1.4428214e+01	
   5.7400000e+00	   3.0548417e+01	  -2.7992342e+01	  -1.5292969e+01	  -1.4441475e+01	
   5.7500000e+00	   3.1281543e+01	  -2.7623375e+01	  -1.3469238e+01	  -1.4441097e+01	
   5.7600000e+00	   3.2708694e+01	  -2.7249953e+01	  -1.1140137e+01	  -1.4427716e+01	
   5.7700000e+00	   3.3187670e+01	  -2.6872900e+01	  -5.1855469e+00	  -1.4388475e+01	
   5.7800000e+00	   3.3334295e+01	  -2.6496250e+01	  -5.3613281e+00	  -1.4331383e+01	
   5.7900000e+00	   3.4135845e+01	  -2.6118989e+01	  -7.6464844e+00	  -1.4282355e+01	
   5.8000000e+00	   3.4712571e+01	  -2.5739775e+01	  -2.8784180e+00	  -1.4225859e+01	
   5.8100000e+00	   3.4976496e+01	  -2.5360303e+01	   1.7358398e+00	  -1.4140333e+01	
   5.8200000e+00	   3.5416372e+01	  -2.4981005e+01	  -4.3945313e-02	  -1.4046466e+01	
   5.8300000e+00	   3.5455472e+01	  -2.4602581e+01	   7.5146484e+00	  -1.3935089e+01	
   5.8400000e+00	   3.5885572e+01	  -2.4225059e+01	   7.1411133e+00	  -1.3801908e+01	
   5.8500000e+00	   3.5553222e+01	  -2.3849595e+01	   8.3276367e+00	  -1.3667015e+01	
   5.8600000e+00	   3.6569823e+01	  -2.3474340e+01	   1.2392578e+01	  -1.3516520e+01	
   5.8700000e+00	   3.7938324e+01	  -2.3093966e+01	   1.3007813e+01	  -1.3352311e+01	
   5.8800000e+00	   3.7146548e+01	  -2.2714168e+01	   1.8632813e+01	  -1.3169588e+01	
   5.8900000e+00	   3.6696898e+01	  -2.2340637e+01	   1.9819336e+01	  -1.2966676e+01	
   5.9000000e+00	   3.8563924e+01	  -2.1965007e+01	   2.0983887e+01	  -1.2757673e+01	
   5.9100000e+00	   3.8212024e+01	  -2.1586984e+01	   2.4477539e+01	  -1.2535391e+01	
   5.9200000e+00	   3.7850349e+01	  -2.1213564e+01	   2.3049316e+01	  -1.2308032e+01	
   5.9300000e+00	   3.9033125e+01	  -2.0839912e+01	   2.9860840e+01	  -1.2065238e+01	
   5.9400000e+00	   3.7781924e+01	  -2.0468814e+01	   2.9201660e+01	  -1.1804697e+01	
   5.9500000e+00	   3.8397749e+01	  -2.0102030e+01	   3.1728516e+01	  -1.1539939e+01	
   5.9600000e+00	   4.0821952e+01	  -1.9728023e+01	   3.8759766e+01	  -1.1246906e+01	
   5.9700000e+00	   3.8065399e+01	  -1.9357399e+01	   3.6782227e+01	  -1.0939881e+01	
   5.9800000e+00	   3.9805351e+01	  -1.8992281e+01	   4.1000977e+01	  -1.0627760e+01	
   5.9900000e+00	   4.0558026e+01	  -1.8621643e+01	   4.6076660e+01	  -1.0288486e+01	
   6.0000000e+00	   4.0411401e+01	  -1.8251428e+01	   4.6296387e+01	  -9.9347533e+00	
   6.0100000e+00	   4.0558026e+01	  -1.7883533e+01	   4.5087891e+01	  -9.5863327e+00	
   6.0200000e+00	   4.1467102e+01	  -1.7514636e+01	   4.9284668e+01	  -9.2307358e+00	
   6.0300000e+00	   3.9717376e+01	  -1.7150682e+01	   5.2734375e+01	  -8.8534193e+00	
   6.0400000e+00	   4.2063378e+01	  -1.6787140e+01	   5.5041504e+01	  -8.4604370e+00	
   6.0500000e+00	   4.1740802e+01	  -1.6419538e+01	   5.8864746e+01	  -8.0507173e+00	
   6.0600000e+00	   4.1877653e+01	  -1.6054821e+01	   6.4643555e+01	  -7.6134925e+00	
   6.0700000e+00	   4.2337078e+01	  -1.5690520e+01	   6.4819336e+01	  -7.1603579e+00	
   6.0800000e+00	   4.2210003e+01	  -1.5327460e+01	   6.6357422e+01	  -6.7046942e+00	
   6.0900000e+00	   4.3187504e+01	  -1.4964012e+01	   7.2553711e+01	  -6.2276622e+00	
   6.1000000e+00	   4.2278428e+01	  -1.4602625e+01	   7.1872559e+01	  -5.7363460e+00	
   6.1100000e+00	   4.1545302e+01	  -1.4248645e+01	   7.6135254e+01	  -5.2368907e+00	
   6.1200000e+00	   4.3861979e+01	  -1.3891923e+01	   7.7475586e+01	  -4.7230163e+00	
   6.1300000e+00	   4.4057480e+01	  -1.3529567e+01	   8.1254883e+01	  -4.1963272e+00	
   6.1400000e+00	   4.3998830e+01	  -1.3169053e+01	   8.3496094e+01	  -3.6540822e+00	
   6.1500000e+00	   4.3998830e+01	  -1.2810980e+01	   8.7802734e+01	  -3.0947272e+00	
   6.1600000e+00	   4.4771055e+01	  -1.2452732e+01	   9.1494141e+01	  -2.5138277e+00	
   6.1700000e+00	   4.4409380e+01	  -1.2095442e+01	   9.5361328e+01	  -1.9128950e+00	
   6.1800000e+00	   4.4380055e+01	  -1.1741614e+01	   9.7470703e+01	  -1.2970091e+00	
   6.1900000e+00	   4.5005655e+01	  -1.1388135e+01	   1.0085449e+02	  -6.6777748e-01	
   6.2000000e+00	   4.4868805e+01	  -1.1035339e+01	   1.0138184e+02	  -3.0238340e-02	
   6.2100000e+00	   4.5181606e+01	  -1.0684203e+01	   1.0544678e+02	   6.1768951e-01	
   6.2200000e+00	   4.4634205e+01	  -1.0336000e+01	   1.0911621e+02	   1.2857813e+00	
   6.2300000e+00	   4.5611706e+01	  -9.9886311e+00	   1.1364258e+02	   1.9753558e+00	
   6.2400000e+00	   4.4898130e+01	  -9.6426116e+00	   1.1315918e+02	   2.6732727e+00	
   6.2500000e+00	   4.4125905e+01	  -9.3034125e+00	   1.1649902e+02	   3.3757639e+00	
   6.2600000e+00	   4.4497355e+01	  -8.9675932e+00	   1.1750977e+02	   4.0874801e+00	
   6.2700000e+00	   4.6002706e+01	  -8.6279996e+00	   1.2331055e+02	   4.8160705e+00	
   6.2800000e+00	   4.4878580e+01	  -8.2893391e+00	   1.2854004e+02	   5.5746415e+00	
   6.2900000e+00	   4.4751505e+01	  -7.9567183e+00	   1.2930908e+02	   6.3472473e+00	
   6.3000000e+00	   4.6814032e+01	  -7.6201195e+00	   1.3317627e+02	   7.1295333e+00	
   6.3100000e+00	   4.4731955e+01	  -7.2856902e+00	   1.3546143e+02	   7.9261872e+00	
   6.3200000e+00	   4.6178657e+01	  -6.9553455e+00	   1.3686768e+02	   8.7294119e+00	
   6.3300000e+00	   4.6217757e+01	  -6.6224167e+00	   1.3904297e+02	   9.5388220e+00	
   6.3400000e+00	   4.6902007e+01	  -6.2893078e+00	   1.4473389e+02	   1.0367798e+01	
   6.3500000e+00	   4.7488508e+01	  -5.9543057e+00	   1.4726074e+02	   1.1217317e+01	
   6.3600000e+00	   4.7781758e+01	  -5.6186468e+00	   1.4809570e+02	   1.2072044e+01	
   6.3700000e+00	   4.4204105e+01	  -5.2953762e+00	   1.5422607e+02	   1.2943231e+01	
   6.3800000e+00	   4.5064305e+01	  -4.9826408e+00	   1.5739014e+02	   1.3838069e+01	
   6.3900000e+00	   4.6041806e+01	  -4.6661090e+00	   1.5914795e+02	   1.4742716e+01	
   6.4000000e+00	   4.6657632e+01	  -4.3465699e+00	   1.6207031e+02	   1.5656355e+01	
   6.4100000e+00	   4.6677182e+01	  -4.0270425e+00	   1.6272949e+02	   1.6575487e+01	
   6.4200000e+00	   4.7224582e+01	  -3.7077408e+00	   1.6991455e+02	   1.7513429e+01	
   6.4300000e+00	   4.6276407e+01	  -3.3916942e+00	   1.7006836e+02	   1.8468479e+01	
   6.4400000e+00	   4.6432807e+01	  -3.0801068e+00	   1.7132080e+02	   1.9421952e+01	
   6.4500000e+00	   4.7244132e+01	  -2.7674404e+00	   1.7725342e+02	   2.0391954e+01	
   6.4600000e+00	   4.6989982e+01	  -2.4549874e+00	   1.7553955e+02	   2.1369093e+01	
   6.4700000e+00	   4.5816981e+01	  -2.1489610e+00	   1.7681396e+02	   2.2338735e+01	
   6.4800000e+00	   4.6804257e+01	  -1.8454330e+00	  -1.2634277e+01	   2.2712988e+01	
   6.4900000e+00	   4.8084783e+01	  -1.5367040e+00	  -1.8000000e+02	   2.1967439e+01	
   6.5000000e+00	   4.7899058e+01	  -1.2264801e+00	  -1.8000000e+02	   2.0702411e+01	
   6.5100000e+00	   4.7537383e+01	  -9.1991354e-01	  -1.8000000e+02	   1.9445305e+01	
   6.5200000e+00	   4.8837459e+01	  -6.1232835e-01	  -1.8000000e+02	   1.8196074e+01	
   6.5300000e+00	   4.8309608e+01	  -3.0425131e-01	  -1.7720947e+02	   1.6963406e+01	
   6.5400000e+00	   4.7684008e+01	  -1.7162457e-03	  -1.7648438e+02	   1.5749470e+01	
   6.5500000e+00	   4.6638082e+01	   2.9368905e-01	  -1.7270508e+02	   1.4557244e+01	
   6.5600000e+00	   4.6902007e+01	   5.8479503e-01	  -1.6905762e+02	   1.3395744e+01	
   6.5700000e+00	   4.8436684e+01	   8.7971045e-01	  -1.6595947e+02	   1.2262645e+01	
   6.5800000e+00	   4.8426909e+01	   1.1775543e+00	  -1.6310303e+02	   1.1155291e+01	
   6.5900000e+00	   4.7449408e+01	   1.4704407e+00	  -1.5809326e+02	   1.0079508e+01	
   6.6000000e+00	   4.6188432e+01	   1.7544822e+00	  -1.5736816e+02	   9.0284244e+00	
   6.6100000e+00	   4.8358484e+01	   2.0395915e+00	  -1.5453369e+02	   7.9950715e+00	
   6.6200000e+00	   4.8055458e+01	   2.3287622e+00	  -1.4994141e+02	   6.9914499e+00	
   6.6300000e+00	   4.8338934e+01	   2.6160605e+00	  -1.4719482e+02	   6.0170982e+00	
   6.6400000e+00	   4.7811083e+01	   2.9007939e+00	  -1.4400879e+02	   5.0674288e+00	
   6.6500000e+00	   4.7771983e+01	   3.1819683e+00	  -1.4225098e+02	   4.1391908e+00	
   6.6600000e+00	   4.7205032e+01	   3.4594836e+00	  -1.3842773e+02	   3.2342453e+00	
   6.6700000e+00	   4.9560810e+01	   3.7408628e+00	  -1.3495605e+02	   2.3578139e+00	
   6.6800000e+00	   4.8309608e+01	   4.0239389e+00	  -1.3245117e+02	   1.5055893e+00	
   6.6900000e+00	   4.8720159e+01	   4.3026092e+00	  -1.2990234e+02	   6.7452964e-01	
   6.7000000e+00	   4.7312558e+01	   4.5764115e+00	  -1.2640869e+02	  -1.3240103e-01	
   6.7100000e+00	   4.8407359e+01	   4.8475192e+00	  -1.2539795e+02	  -9.2017076e-01	
   6.7200000e+00	   4.9101384e+01	   5.1225310e+00	  -1.1981689e+02	  -1.6823623e+00	
   6.7300000e+00	   4.6950882e+01	   5.3912590e+00	  -1.1882813e+02	  -2.4192047e+00	
   6.7400000e+00	   4.8162983e+01	   5.6553649e+00	  -1.1478516e+02	  -3.1356737e+00	
   6.7500000e+00	   4.8925434e+01	   5.9240004e+00	  -1.1126953e+02	  -3.8239833e+00	
   6.7600000e+00	   4.7038857e+01	   6.1874328e+00	  -1.0986328e+02	  -4.4925675e+00	
   6.7700000e+00	   4.8035908e+01	   6.4464293e+00	  -1.0784180e+02	  -5.1462292e+00	
   6.7800000e+00	   4.7400533e+01	   6.7049364e+00	  -1.0423828e+02	  -5.7781804e+00	
   6.7900000e+00	   4.8505109e+01	   6.9632937e+00	  -1.0087646e+02	  -6.3843596e+00	
   6.8000000e+00	   4.9619460e+01	   7.2269819e+00	  -9.6723633e+01	  -6.9632079e+00	
   6.8100000e+00	   4.7302783e+01	   7.4852531e+00	  -9.4746094e+01	  -7.5192317e+00	
   6.8200000e+00	   4.8211858e+01	   7.7374984e+00	  -9.2373047e+01	  -8.0581478e+00	
   6.8300000e+00	   4.7556933e+01	   7.9889596e+00	  -8.9890137e+01	  -8.5784807e+00	
   6.8400000e+00	   4.7938158e+01	   8.2379886e+00	  -8.7077637e+01	  -9.0789705e+00	
   6.8500000e+00	   4.7420083e+01	   8.4850293e+00	  -8.2661133e+01	  -9.5536859e+00	
   6.8600000e+00	   4.8006583e+01	   8.7307369e+00	  -7.9321289e+01	  -1.0001137e+01	
   6.8700000e+00	   4.7293008e+01	   8.9745075e+00	  -7.7058105e+01	  -1.0428238e+01	
   6.8800000e+00	   4.8270508e+01	   9.2175778e+00	  -7.5234375e+01	  -1.0839864e+01	
   6.8900000e+00	   4.7684008e+01	   9.4603502e+00	  -7.2268066e+01	  -1.1233912e+01	
   6.9000000e+00	   4.8309608e+01	   9.7017244e+00	  -6.9433594e+01	  -1.1607324e+01	
   6.9100000e+00	   4.9599910e+01	   9.9475869e+00	  -6.6137695e+01	  -1.1959198e+01	
   6.9200000e+00	   4.8202083e+01	   1.0191573e+01	  -6.4445801e+01	  -1.2293248e+01	
   6.9300000e+00	   4.9032959e+01	   1.0432255e+01	  -5.9897461e+01	  -1.2605663e+01	
   6.9400000e+00	   4.8358484e+01	   1.0671919e+01	  -5.7458496e+01	  -1.2894238e+01	
   6.9500000e+00	   4.7596033e+01	   1.0905582e+01	  -5.3811035e+01	  -1.3161945e+01	
   6.9600000e+00	   4.9834510e+01	   1.1142404e+01	  -5.1503906e+01	  -1.3409326e+01	
   6.9700000e+00	   4.8984084e+01	   1.1382090e+01	  -4.8076172e+01	  -1.3637198e+01	
   6.9800000e+00	   4.7400533e+01	   1.1612652e+01	  -4.6362305e+01	  -1.3847540e+01	
   6.9900000e+00	   4.9277334e+01	   1.1842688e+01	  -4.2912598e+01	  -1.4040393e+01	
   7.0000000e+00	   4.7967483e+01	   1.2073059e+01	  -3.7902832e+01	  -1.4205546e+01	
   7.0100000e+00	   4.7253908e+01	   1.2295650e+01	  -3.5859375e+01	  -1.4347575e+01	
   7.0200000e+00	   4.8827684e+01	   1.2519540e+01	  -3.6145020e+01	  -1.4483209e+01	
   7.0300000e+00	   4.8114108e+01	   1.2744723e+01	  -3.3552246e+01	  -1.4610768e+01	
   7.0400000e+00	   4.6178657e+01	   1.2960199e+01	  -2.8344727e+01	  -1.4713100e+01	
   7.0500000e+00	   4.7889283e+01	   1.3173621e+01	  -2.5949707e+01	  -1.4790982e+01	
   7.0600000e+00	   4.7146382e+01	   1.3388737e+01	  -2.2258301e+01	  -1.4849314e+01	
   7.0700000e+00	   4.8290058e+01	   1.3603760e+01	  -2.2170410e+01	  -1.4895445e+01	
   7.0800000e+00	   4.7889283e+01	   1.3819764e+01	  -1.7622070e+01	  -1.4926768e+01	
   7.0900000e+00	   5.0157085e+01	   1.4040261e+01	  -1.2656250e+01	  -1.4928098e+01	
   7.1000000e+00	   4.8123883e+01	   1.4260113e+01	  -7.9541016e+00	  -1.4899142e+01	
   7.1100000e+00	   4.8720159e+01	   1.4474087e+01	  -9.7778320e+00	  -1.4861353e+01	
   7.1200000e+00	   4.7508058e+01	   1.4684792e+01	  -4.0869141e+00	  -1.4811690e+01	
   7.1300000e+00	   4.9355534e+01	   1.4896167e+01	  -1.8676758e+00	  -1.4737565e+01	
   7.1400000e+00	   4.8446459e+01	   1.5109157e+01	  -1.1645508e+00	  -1.4654752e+01	
   7.1500000e+00	   4.7830633e+01	   1.5316038e+01	   1.8237305e+00	  -1.4560897e+01	
   7.1600000e+00	   4.6178657e+01	   1.5514520e+01	   8.1518555e+00	  -1.4438453e+01	
   7.1700000e+00	   4.7811083e+01	   1.5711698e+01	   1.0437012e+01	  -1.4289802e+01	
   7.1800000e+00	   4.8006583e+01	   1.5913366e+01	   1.2282715e+01	  -1.4129144e+01	
   7.1900000e+00	   4.8632184e+01	   1.6116342e+01	   1.4853516e+01	  -1.3955662e+01	
   7.2000000e+00	   4.8162983e+01	   1.6318537e+01	   1.9731445e+01	  -1.3759938e+01	
   7.2100000e+00	   4.9746535e+01	   1.6522955e+01	   2.2390137e+01	  -1.3541837e+01	
   7.2200000e+00	   4.7791533e+01	   1.6724929e+01	   2.6169434e+01	  -1.3304941e+01	
   7.2300000e+00	   4.6902007e+01	   1.6916730e+01	   2.8850098e+01	  -1.3049297e+01	
   7.2400000e+00	   4.6941107e+01	   1.7104666e+01	   2.9663086e+01	  -1.2784312e+01	
   7.2500000e+00	   4.8769034e+01	   1.7297272e+01	   3.5375977e+01	  -1.2500551e+01	
   7.2600000e+00	   4.8847234e+01	   1.7494641e+01	   3.4079590e+01	  -1.2204735e+01	
   7.2700000e+00	   4.8583309e+01	   1.7690192e+01	   3.9506836e+01	  -1.1897834e+01	
   7.2800000e+00	   4.7058407e+01	   1.7878916e+01	   4.3132324e+01	  -1.1564506e+01	
   7.2900000e+00	   4.9384859e+01	   1.8068969e+01	   4.9196777e+01	  -1.1202918e+01	
   7.3000000e+00	   4.6335057e+01	   1.8255566e+01	   4.8186035e+01	  -1.0827768e+01	
   7.3100000e+00	   4.8397584e+01	   1.8437902e+01	   5.2888184e+01	  -1.0443408e+01	
   7.3200000e+00	   4.7899058e+01	   1.8623994e+01	   5.5327148e+01	  -1.0039090e+01	
   7.3300000e+00	   4.9169809e+01	   1.8811339e+01	   5.7414551e+01	  -9.6231296e+00	
   7.3400000e+00	   4.7879508e+01	   1.8997449e+01	   6.4160156e+01	  -9.1821115e+00	
   7.3500000e+00	   5.0274385e+01	   1.9185853e+01	   6.5830078e+01	  -8.7175004e+00	
   7.3600000e+00	   4.8681059e+01	   1.9375587e+01	   6.9543457e+01	  -8.2389401e+00	
   7.3700000e+00	   4.7859958e+01	   1.9556571e+01	   6.8532715e+01	  -7.7549132e+00	
   7.3800000e+00	   4.8573534e+01	   1.9736085e+01	   7.4948730e+01	  -7.2569900e+00	
   7.3900000e+00	   4.7586258e+01	   1.9913617e+01	   8.0573730e+01	  -6.7244760e+00	
   7.4000000e+00	   4.7615583e+01	   2.0087037e+01	   8.1188965e+01	  -6.1757544e+00	
   7.4100000e+00	   4.8378034e+01	   2.0261851e+01	   8.7539063e+01	  -5.6086560e+00	
   7.4200000e+00	   4.8964534e+01	   2.0439794e+01	   9.2351074e+01	  -5.0101525e+00	
   7.4300000e+00	   4.7840408e+01	   2.0614939e+01	   9.3339844e+01	  -4.3972311e+00	
   7.4400000e+00	   4.8866784e+01	   2.0788681e+01	   9.6459961e+01	  -3.7752807e+00	
   7.4500000e+00	   4.8974309e+01	   2.0964886e+01	   9.8195801e+01	  -3.1420182e+00	
   7.4600000e+00	   4.9541260e+01	   2.1142099e+01	   1.0206299e+02	  -2.4951747e+00	
   7.4700000e+00	   4.8055458e+01	   2.1315325e+01	   1.0421631e+02	  -1.8335280e+00	
   7.4800000e+00	   4.6559882e+01	   2.1478129e+01	   1.0542480e+02	  -1.1654971e+00	
   7.4900000e+00	   4.8534434e+01	   2.1641413e+01	   1.1034668e+02	  -4.8245158e-01	
   7.5000000e+00	   4.8407359e+01	   2.1809460e+01	   1.1513672e+02	   2.2673111e-01	
   7.5100000e+00	   4.8397584e+01	   2.1976026e+01	   1.1737793e+02	   9.5349203e-01	
   7.5200000e+00	   4.7077957e+01	   2.2137385e+01	   1.1889404e+02	   1.6874679e+00	
   7.5300000e+00	   4.9150259e+01	   2.2300091e+01	   1.2216797e+02	   2.4318478e+00	
   7.5400000e+00	   4.8231408e+01	   2.2465391e+01	   1.2882568e+02	   3.2026688e+00	
   7.5500000e+00	   4.8798359e+01	   2.2628552e+01	   1.3238525e+02	   4.0006599e+00	
   7.5600000e+00	   4.7938158e+01	   2.2789774e+01	   1.3372559e+02	   4.8089980e+00	
   7.5700000e+00	   4.9785635e+01	   2.2953077e+01	   1.3515381e+02	   5.6209436e+00	
   7.5800000e+00	   4.8475784e+01	   2.3117042e+01	   1.4398682e+02	   6.4599393e+00	
   7.5900000e+00	   4.8553984e+01	   2.3276122e+01	   1.4403076e+02	   7.3214804e+00	
   7.6000000e+00	   4.6853132e+01	   2.3429124e+01	   1.4633789e+02	   8.1849883e+00	
   7.6100000e+00	   4.7605808e+01	   2.3578198e+01	   1.4855713e+02	   9.0572630e+00	
   7.6200000e+00	   4.8739709e+01	   2.3732246e+01	   1.5308350e+02	   9.9451999e+00	
   7.6300000e+00	   4.8485559e+01	   2.3888085e+01	   1.5319336e+02	   1.0842095e+01	
   7.6400000e+00	   4.8602859e+01	   2.4042520e+01	   1.5956543e+02	   1.1753672e+01	
   7.6500000e+00	   4.8915659e+01	   2.4197334e+01	   1.6119141e+02	   1.2684587e+01	
   7.6600000e+00	   4.9492385e+01	   2.4353964e+01	   1.6347656e+02	   1.3621920e+01	
   7.6700000e+00	   4.9834510e+01	   2.4512491e+01	   1.7039795e+02	   1.4582215e+01	
   7.6800000e+00	   4.7938158e+01	   2.4665157e+01	   1.7259521e+02	   1.5565053e+01	
   7.6900000e+00	   5.0675161e+01	   2.4819500e+01	   1.7731934e+02	   1.6563411e+01	
   7.7000000e+00	   4.8505109e+01	   2.4974651e+01	   1.7758301e+02	   1.7571136e+01	
   7.7100000e+00	   4.9873610e+01	   2.5126321e+01	   1.7797852e+02	   1.8574613e+01	
   7.7200000e+00	   5.0245060e+01	   2.5282489e+01	   1.7617676e+02	   1.9567402e+01	
   7.7300000e+00	   4.9179584e+01	   2.5435506e+01	  -1.3579102e+01	   1.9954058e+01	
   7.7400000e+00	   4.8612634e+01	   2.5582452e+01	  -1.8000000e+02	   1.9222831e+01	
   7.7500000e+00	   4.9023184e+01	   2.5727988e+01	  -1.8000000e+02	   1.7974993e+01	
   7.7600000e+00	   4.8798359e+01	   2.5873194e+01	  -1.8000000e+02	   1.6734971e+01	
   7.7700000e+00	   4.8827684e+01	   2.6016879e+01	  -1.8000000e+02	   1.5502716e+01	
   7.7800000e+00	   4.7908833e+01	   2.6156877e+01	  -1.7813232e+02	   1.4284028e+01	
   7.7900000e+00	   4.8905884e+01	   2.6296244e+01	  -1.7318848e+02	   1.3094306e+01	
   7.8000000e+00	   5.0020235e+01	   2.6441350e+01	  -1.7215576e+02	   1.1930753e+01	
   7.8100000e+00	   4.8876559e+01	   2.6585455e+01	  -1.6848633e+02	   1.0789214e+01	
   7.8200000e+00	   4.8583309e+01	   2.6724158e+01	  -1.6483887e+02	   9.6777390e+00	
   7.8300000e+00	   5.0372135e+01	   2.6866675e+01	  -1.6310303e+02	   8.5900856e+00	
   7.8400000e+00	   4.8769034e+01	   2.7008882e+01	  -1.5958740e+02	   7.5256910e+00	
   7.8500000e+00	   4.7175707e+01	   2.7140187e+01	  -1.5446777e+02	   6.4950068e+00	
   7.8600000e+00	   4.9375084e+01	   2.7272568e+01	  -1.5231445e+02	   5.4935556e+00	
   7.8700000e+00	   4.9590135e+01	   2.7411681e+01	  -1.4963379e+02	   4.5135158e+00	
   7.8800000e+00	   5.0254835e+01	   2.7552678e+01	  -1.4341553e+02	   3.5674839e+00	
   7.8900000e+00	   4.8788584e+01	   2.7690282e+01	  -1.4451416e+02	   2.6434110e+00	
   7.9000000e+00	   4.9355534e+01	   2.7824207e+01	  -1.4086670e+02	   1.7331083e+00	
   7.9100000e+00	   4.7918608e+01	   2.7954569e+01	  -1.3772461e+02	   8.4977066e-01	
   7.9200000e+00	   4.8299833e+01	   2.8080809e+01	  -1.3442871e+02	  -7.8719322e-03	
   7.9300000e+00	   4.8026133e+01	   2.8206594e+01	  -1.3177002e+02	  -8.4149429e-01	
   7.9400000e+00	   4.8407359e+01	   2.8331928e+01	  -1.2990234e+02	  -1.6557197e+00	
   7.9500000e+00	   4.8436684e+01	   2.8457763e+01	  -1.2456299e+02	  -2.4422745e+00	
   7.9600000e+00	   4.8065233e+01	   2.8581738e+01	  -1.2137695e+02	  -3.1972031e+00	
   7.9700000e+00	   4.9345759e+01	   2.8707784e+01	  -1.1889404e+02	  -3.9296495e+00	
   7.9800000e+00	   5.0401460e+01	   2.8840357e+01	  -1.1434570e+02	  -4.6354879e+00	
   7.9900000e+00	   5.0821786e+01	   2.8976722e+01	  -1.1164307e+02	  -5.3141969e+00	
   8.0000000e+00	   4.9111159e+01	   2.9108192e+01	  -1.0795166e+02	  -5.9686302e+00	
   8.0100000e+00	   4.8426909e+01	   2.9231338e+01	  -1.0588623e+02	  -6.6009354e+00	
   8.0200000e+00	   4.9111159e+01	   2.9353713e+01	  -1.0276611e+02	  -7.2130402e+00	
   8.0300000e+00	   4.7859958e+01	   2.9473546e+01	  -1.0043701e+02	  -7.8042454e+00	
   8.0400000e+00	   4.8866784e+01	   2.9591862e+01	  -9.7976074e+01	  -8.3767463e+00	
   8.0500000e+00	   4.7938158e+01	   2.9709683e+01	  -9.4746094e+01	  -8.9278387e+00	
   8.0600000e+00	   4.9942035e+01	   2.9830134e+01	  -9.1252441e+01	  -9.4544225e+00	
   8.0700000e+00	   4.8720159e+01	   2.9952278e+01	  -8.8923340e+01	  -9.9594725e+00	
   8.0800000e+00	   4.7351658e+01	   3.0065546e+01	  -8.6572266e+01	  -1.0446702e+01	
   8.0900000e+00	   4.8720159e+01	   3.0178104e+01	  -8.4111328e+01	  -1.0915809e+01	
   8.1000000e+00	   4.8338934e+01	   3.0293048e+01	  -8.0573730e+01	  -1.1363193e+01	
   8.1100000e+00	   4.7293008e+01	   3.0402804e+01	  -7.7893066e+01	  -1.1788300e+01	
   8.1200000e+00	   4.7957708e+01	   3.0510678e+01	  -7.4091797e+01	  -1.2190444e+01	
   8.1300000e+00	   5.0049560e+01	   3.0626509e+01	  -7.2224121e+01	  -1.2572316e+01	
   8.1400000e+00	   4.8387809e+01	   3.0742961e+01	  -6.9016113e+01	  -1.2935900e+01	
   8.1500000e+00	   5.0147310e+01	   3.0858991e+01	  -6.5654297e+01	  -1.3276632e+01	
   8.1600000e+00	   4.8358484e+01	   3.0974201e+01	  -6.2929688e+01	  -1.3596168e+01	
   8.1700000e+00	   4.7566708e+01	   3.1080609e+01	  -5.9963379e+01	  -1.3895880e+01	
   8.1800000e+00	   4.9248009e+01	   3.1189135e+01	  -5.7370605e+01	  -1.4176305e+01	
   8.1900000e+00	   4.6677182e+01	   3.1294196e+01	  -5.4580078e+01	  -1.4438114e+01	
   8.2000000e+00	   4.7742658e+01	   3.1393885e+01	  -5.0361328e+01	  -1.4676333e+01	
   8.2100000e+00	   4.8612634e+01	   3.1499011e+01	  -4.6362305e+01	  -1.4887323e+01	
   8.2200000e+00	   4.8837459e+01	   3.1606906e+01	  -4.4912109e+01	  -1.5079925e+01	
   8.2300000e+00	   4.7576483e+01	   3.1710881e+01	  -4.3593750e+01	  -1.5262651e+01	
   8.2400000e+00	   4.9658560e+01	   3.1816777e+01	  -3.9484863e+01	  -1.5427236e+01	
   8.2500000e+00	   4.6628307e+01	   3.1919039e+01	  -3.5485840e+01	  -1.5565398e+01	
   8.2600000e+00	   4.7928383e+01	   3.2015242e+01	  -3.2893066e+01	  -1.5682050e+01	
   8.2700000e+00	   4.9120934e+01	   3.2118650e+01	  -3.1354980e+01	  -1.5785035e+01	
   8.2800000e+00	   4.8993859e+01	   3.2224746e+01	  -2.6257324e+01	  -1.5866593e+01	
   8.2900000e+00	   4.7723108e+01	   3.2325800e+01	  -2.4851074e+01	  -1.5927271e+01	
   8.3000000e+00	   4.7351658e+01	   3.2421078e+01	  -2.0346680e+01	  -1.5969059e+01	
   8.3100000e+00	   4.8417134e+01	   3.2517933e+01	  -1.9116211e+01	  -1.5992625e+01	
   8.3200000e+00	   4.7899058e+01	   3.2615896e+01	  -1.5908203e+01	  -1.6002143e+01	
   8.3300000e+00	   4.7117057e+01	   3.2709173e+01	  -1.1359863e+01	  -1.5987310e+01	
   8.3400000e+00	   4.9189359e+01	   3.2805907e+01	  -9.6459961e+00	  -1.5952959e+01	
   8.3500000e+00	   4.8739709e+01	   3.2907117e+01	  -5.9545898e+00	  -1.5901894e+01	
   8.3600000e+00	   4.9150259e+01	   3.3007571e+01	  -3.9111328e+00	  -1.5833189e+01	
   8.3700000e+00	   4.9423960e+01	   3.3109538e+01	  -8.7890625e-02	  -1.5746542e+01	
   8.3800000e+00	   4.9169809e+01	   3.3210928e+01	   3.6694336e+00	  -1.5636696e+01	
   8.3900000e+00	   4.8065233e+01	   3.3307428e+01	   3.6474609e+00	  -1.5515841e+01	
   8.4000000e+00	   4.9042734e+01	   3.3402925e+01	   5.8227539e+00	  -1.5388998e+01	
   8.4100000e+00	   4.8847234e+01	   3.3500273e+01	   1.1140137e+01	  -1.5239485e+01	
   8.4200000e+00	   4.7263683e+01	   3.3591440e+01	   1.4128418e+01	  -1.5064897e+01	
   8.4300000e+00	   4.8514884e+01	   3.3680995e+01	   1.8786621e+01	  -1.4867455e+01	
   8.4400000e+00	   4.8387809e+01	   3.3773510e+01	   2.4060059e+01	  -1.4640147e+01	
   8.4500000e+00	   4.8612634e+01	   3.3865751e+01	   2.4499512e+01	  -1.4396371e+01	
   8.4600000e+00	   4.7635133e+01	   3.3955057e+01	   2.5620117e+01	  -1.4149236e+01	
   8.4700000e+00	   4.8202083e+01	   3.4042518e+01	   3.1992188e+01	  -1.3880184e+01	
   8.4800000e+00	   5.0078885e+01	   3.4137085e+01	   3.0278320e+01	  -1.3598228e+01	
   8.4900000e+00	   4.8808134e+01	   3.4232957e+01	   3.7045898e+01	  -1.3302212e+01	
   8.5000000e+00	   4.7302783e+01	   3.4319535e+01	   3.8144531e+01	  -1.2983414e+01	
   8.5100000e+00	   4.8456234e+01	   3.4404468e+01	   4.4868164e+01	  -1.2642116e+01	
   8.5200000e+00	   4.8045683e+01	   3.4491196e+01	   4.4055176e+01	  -1.2284445e+01	
   8.5300000e+00	   4.8954759e+01	   3.4578942e+01	   4.6647949e+01	  -1.1923440e+01	
   8.5400000e+00	   4.8446459e+01	   3.4667393e+01	   5.1591797e+01	  -1.1541093e+01	
   8.5500000e+00	   4.8114108e+01	   3.4752658e+01	   5.5305176e+01	  -1.1134029e+01	
   8.5600000e+00	   4.5856081e+01	   3.4829276e+01	   5.8029785e+01	  -1.0709353e+01	
   8.5700000e+00	   4.9189359e+01	   3.4908782e+01	   5.9326172e+01	  -1.0274743e+01	
   8.5800000e+00	   4.8094558e+01	   3.4994800e+01	   6.3940430e+01	  -9.8243451e+00	
   8.5900000e+00	   4.7019307e+01	   3.5073483e+01	   6.8862305e+01	  -9.3469032e+00	
   8.6000000e+00	   4.7117057e+01	   3.5148612e+01	   6.8752441e+01	  -8.8573816e+00	
   8.6100000e+00	   4.9629235e+01	   3.5231445e+01	   7.3608398e+01	  -8.3560626e+00	
   8.6200000e+00	   4.7615583e+01	   3.5315319e+01	   7.7761230e+01	  -7.8296702e+00	
   8.6300000e+00	   4.8661509e+01	   3.5395638e+01	   8.0925293e+01	  -7.2836600e+00	
   8.6400000e+00	   4.6931332e+01	   3.5473311e+01	   8.0573730e+01	  -6.7322617e+00	
   8.6500000e+00	   4.9844285e+01	   3.5554201e+01	   8.5495605e+01	  -6.1700040e+00	
   8.6600000e+00	   4.8700609e+01	   3.5640126e+01	   8.6550293e+01	  -5.5925508e+00	
   8.6700000e+00	   4.7947933e+01	   3.5719573e+01	   8.9934082e+01	  -5.0048143e+00	
   8.6800000e+00	   4.8162983e+01	   3.5796839e+01	   9.3999023e+01	  -4.3974314e+00	
   8.6900000e+00	   4.9834510e+01	   3.5879530e+01	   9.9536133e+01	  -3.7637814e+00	
   8.7000000e+00	   4.7850183e+01	   3.5960723e+01	   1.0098633e+02	  -3.1122178e+00	
   8.7100000e+00	   4.9365309e+01	   3.6039938e+01	   1.0419434e+02	  -2.4501469e+00	
   8.7200000e+00	   4.9296884e+01	   3.6123187e+01	   1.0872070e+02	  -1.7680006e+00	
   8.7300000e+00	   4.8553984e+01	   3.6203374e+01	   1.0869873e+02	  -1.0760203e+00	
   8.7400000e+00	   4.9590135e+01	   3.6283978e+01	   1.1491699e+02	  -3.6896890e-01	
   8.7500000e+00	   4.8876559e+01	   3.6365087e+01	   1.1674072e+02	   3.5883950e-01	
   8.7600000e+00	   4.7117057e+01	   3.6437942e+01	   1.2282715e+02	   1.1068620e+00	
   8.7700000e+00	   4.7947933e+01	   3.6507433e+01	   1.2298096e+02	   1.8697422e+00	
   8.7800000e+00	   4.8671284e+01	   3.6581357e+01	   1.3027588e+02	   2.6511717e+00	
   8.7900000e+00	   4.8778809e+01	   3.6657419e+01	   1.2585938e+02	   3.4367212e+00	
   8.8000000e+00	   4.6677182e+01	   3.6726760e+01	   1.3398926e+02	   4.2289799e+00	
   8.8100000e+00	   4.9795410e+01	   3.6798850e+01	   1.3671387e+02	   5.0502699e+00	
   8.8200000e+00	   4.9160034e+01	   3.6878265e+01	   1.3891113e+02	   5.8818299e+00	
   8.8300000e+00	   4.7664458e+01	   3.6950508e+01	   1.4011963e+02	   6.7188474e+00	
   8.8400000e+00	   4.7449408e+01	   3.7016942e+01	   1.4414063e+02	   7.5669998e+00	
   8.8500000e+00	   4.7664458e+01	   3.7082959e+01	   1.5246826e+02	   8.4485128e+00	
   8.8600000e+00	   4.8700609e+01	   3.7152482e+01	   1.5242432e+02	   9.3504470e+00	
   8.8700000e+00	   4.8250958e+01	   3.7223405e+01	   1.5561035e+02	   1.0256572e+01	
   8.8800000e+00	   4.8065233e+01	   3.7291895e+01	   1.6072998e+02	   1.1183033e+01	
   8.8900000e+00	   4.8035908e+01	   3.7359282e+01	   1.6554199e+02	   1.2134795e+01	
   8.9000000e+00	   4.8778809e+01	   3.7428482e+01	   1.6642090e+02	   1.3098418e+01	
   8.9100000e+00	   4.8964534e+01	   3.7500157e+01	   1.7096924e+02	   1.4073002e+01	
   8.9200000e+00	   4.7459183e+01	   3.7567250e+01	   1.7176025e+02	   1.5058203e+01	
   8.9300000e+00	   4.8632184e+01	   3.7632882e+01	   1.7666016e+02	   1.6055056e+01	
   8.9400000e+00	   4.9042734e+01	   3.7703062e+01	   1.7584717e+02	   1.7058465e+01	
   8.9500000e+00	   4.8612634e+01	   3.7772742e+01	   1.7865967e+02	   1.8061850e+01	
   8.9600000e+00	   4.8358484e+01	   3.7839842e+01	   1.7369385e+02	   1.9052208e+01	
   8.9700000e+00	   4.7693783e+01	   3.7903644e+01	  -1.1250000e+01	   1.9441609e+01	
   8.9800000e+00	   4.8026133e+01	   3.7966006e+01	  -1.8000000e+02	   1.8720886e+01	
   8.9900000e+00	   4.8319383e+01	   3.8029936e+01	  -1.8000000e+02	   1.7476192e+01	
   9.0000000e+00	   4.9482610e+01	   3.8098027e+01	  -1.8000000e+02	   1.6239295e+01	
   9.0100000e+00	   5.0430785e+01	   3.8172304e+01	  -1.8000000e+02	   1.5010144e+01	
   9.0200000e+00	   4.9707435e+01	   3.8246820e+01	  -1.7698975e+02	   1.3798120e+01	
   9.0300000e+00	   4.7987033e+01	   3.8313216e+01	  -1.7477051e+02	   1.2610065e+01	
   9.0400000e+00	   4.9140484e+01	   3.8377421e+01	  -1.7154053e+02	   1.1446517e+01	
   9.0500000e+00	   4.8925434e+01	   3.8444162e+01	  -1.6670654e+02	   1.0315511e+01	
   9.0600000e+00	   4.8798359e+01	   3.8509414e+01	  -1.6385010e+02	   9.2156744e+00	
   9.0700000e+00	   4.8319383e+01	   3.8572359e+01	  -1.6051025e+02	   8.1421316e+00	
   9.0800000e+00	   4.8456234e+01	   3.8633838e+01	  -1.5793945e+02	   7.0938237e+00	
   9.0900000e+00	   4.9961585e+01	   3.8700075e+01	  -1.5640137e+02	   6.0649500e+00	
   9.1000000e+00	   4.7068182e+01	   3.8761551e+01	  -1.5275391e+02	   5.0587606e+00	
   9.1100000e+00	   4.7674233e+01	   3.8815478e+01	  -1.4998535e+02	   4.0789669e+00	
   9.1200000e+00	   4.9277334e+01	   3.8875985e+01	  -1.4653564e+02	   3.1247843e+00	
   9.1300000e+00	   4.7664458e+01	   3.8936083e+01	  -1.4187744e+02	   2.2019704e+00	
   9.1400000e+00	   4.8485559e+01	   3.8993325e+01	  -1.4130615e+02	   1.3013140e+00	
   9.1500000e+00	   4.9394634e+01	   3.9055627e+01	  -1.3662598e+02	   4.2274530e-01	
   9.1600000e+00	   4.8466009e+01	   3.9117477e+01	  -1.3502197e+02	  -4.3063991e-01	
   9.1700000e+00	   4.8426909e+01	   3.9175910e+01	  -1.3194580e+02	  -1.2640227e+00	
   9.1800000e+00	   4.7038857e+01	   3.9229507e+01	  -1.2623291e+02	  -2.0646603e+00	
   9.1900000e+00	   4.8720159e+01	   3.9283686e+01	  -1.2465088e+02	  -2.8374371e+00	
   9.2000000e+00	   4.9081834e+01	   3.9343924e+01	  -1.2115723e+02	  -3.5894778e+00	
   9.2100000e+00	   4.8466009e+01	   3.9402989e+01	  -1.1898193e+02	  -4.3190542e+00	
   9.2200000e+00	   4.8016358e+01	   3.9458348e+01	  -1.1375244e+02	  -5.0208709e+00	
   9.2300000e+00	   4.9687885e+01	   3.9517186e+01	  -1.1271973e+02	  -5.6986800e+00	
   9.2400000e+00	   4.7781758e+01	   3.9574921e+01	  -1.0944580e+02	  -6.3587562e+00	
   9.2500000e+00	   4.8857009e+01	   3.9629692e+01	  -1.0630371e+02	  -6.9946045e+00	
   9.2600000e+00	   4.8250958e+01	   3.9685590e+01	  -1.0476563e+02	  -7.6118130e+00	
   9.2700000e+00	   4.6833582e+01	   3.9734800e+01	  -1.0056885e+02	  -8.2071954e+00	
   9.2800000e+00	   4.8896109e+01	   3.9785723e+01	  -9.7141113e+01	  -8.7749704e+00	
   9.2900000e+00	   4.9277334e+01	   3.9843980e+01	  -9.5515137e+01	  -9.3233620e+00	
   9.3000000e+00	   4.9531485e+01	   3.9903862e+01	  -9.2482910e+01	  -9.8537304e+00	
   9.3100000e+00	   4.9189359e+01	   3.9963093e+01	  -8.8703613e+01	  -1.0359445e+01	
   9.3200000e+00	   4.8798359e+01	   4.0019658e+01	  -8.6791992e+01	  -1.0844169e+01	
   9.3300000e+00	   4.8221633e+01	   4.0072837e+01	  -8.4199219e+01	  -1.1311750e+01	
   9.3400000e+00	   4.8886334e+01	   4.0125959e+01	  -7.9541016e+01	  -1.1753695e+01	
   9.3500000e+00	   4.8739709e+01	   4.0180371e+01	  -7.7607422e+01	  -1.2172227e+01	
   9.3600000e+00	   4.8720159e+01	   4.0233921e+01	  -7.4794922e+01	  -1.2573274e+01	
   9.3700000e+00	   4.8827684e+01	   4.0287412e+01	  -7.1762695e+01	  -1.2953505e+01	
   9.3800000e+00	   4.7947933e+01	   4.0338149e+01	  -6.8159180e+01	  -1.3310573e+01	
   9.3900000e+00	   4.9316434e+01	   4.0390099e+01	  -6.6489258e+01	  -1.3648889e+01	
   9.4000000e+00	   4.8290058e+01	   4.0442795e+01	  -6.2995605e+01	  -1.3968914e+01	
   9.4100000e+00	   4.8114108e+01	   4.0491395e+01	  -5.8139648e+01	  -1.4260787e+01	
   9.4200000e+00	   4.8759259e+01	   4.0541161e+01	  -5.7150879e+01	  -1.4532527e+01	
   9.4300000e+00	   4.7996808e+01	   4.0590247e+01	  -5.5041504e+01	  -1.4792862e+01	
   9.4400000e+00	   4.8720159e+01	   4.0638904e+01	  -4.9064941e+01	  -1.5026243e+01	
   9.4500000e+00	   4.8710384e+01	   4.0689491e+01	  -4.8735352e+01	  -1.5238413e+01	
   9.4600000e+00	   4.9658560e+01	   4.0742699e+01	  -4.5021973e+01	  -1.5436593e+01	
   9.4700000e+00	   4.9169809e+01	   4.0797013e+01	  -4.2033691e+01	  -1.5612543e+01	
   9.4800000e+00	   4.7869733e+01	   4.0845385e+01	  -4.1154785e+01	  -1.5775280e+01	
   9.4900000e+00	   4.7850183e+01	   4.0889321e+01	  -3.7353516e+01	  -1.5922341e+01	
   9.5000000e+00	   4.8250958e+01	   4.0934176e+01	  -3.2497559e+01	  -1.6041368e+01	
   9.5100000e+00	   4.8426909e+01	   4.0980555e+01	  -3.2541504e+01	  -1.6144579e+01	
   9.5200000e+00	   4.6794482e+01	   4.1022084e+01	  -2.9443359e+01	  -1.6237579e+01	
   9.5300000e+00	   4.8221633e+01	   4.1062709e+01	  -2.5927734e+01	  -1.6309284e+01	
   9.5400000e+00	   4.8739709e+01	   4.1109171e+01	  -1.9687500e+01	  -1.6349987e+01	
   9.5500000e+00	   4.8309608e+01	   4.1155618e+01	  -1.9160156e+01	  -1.6369240e+01	
   9.5600000e+00	   4.9541260e+01	   4.1204285e+01	  -1.7490234e+01	  -1.6381491e+01	
   9.5700000e+00	   4.7175707e+01	   4.1249095e+01	  -1.2963867e+01	  -1.6374260e+01	
   9.5800000e+00	   4.8876559e+01	   4.1291544e+01	  -1.2656250e+01	  -1.6351936e+01	
   9.5900000e+00	   4.8338934e+01	   4.1337369e+01	  -4.7900391e+00	  -1.6304152e+01	
   9.6000000e+00	   4.9932260e+01	   4.1386213e+01	  -5.5371094e+00	  -1.6234373e+01	
   9.6100000e+00	   4.7165932e+01	   4.1431078e+01	  -7.0312500e-01	  -1.6152232e+01	
   9.6200000e+00	   4.8055458e+01	   4.1469784e+01	   8.3496094e-01	  -1.6050649e+01	
   9.6300000e+00	   4.8378034e+01	   4.1512044e+01	   3.4277344e+00	  -1.5936765e+01	
   9.6400000e+00	   4.8123883e+01	   4.1554253e+01	   5.8447266e+00	  -1.5807906e+01	
   9.6500000e+00	   4.6530557e+01	   4.1590413e+01	   1.1931152e+01	  -1.5653223e+01	
   9.6600000e+00	   4.7165932e+01	   4.1623345e+01	   1.2546387e+01	  -1.5478520e+01	
   9.6700000e+00	   4.9042734e+01	   4.1663939e+01	   1.8017578e+01	  -1.5285851e+01	
   9.6800000e+00	   4.7889283e+01	   4.1706544e+01	   1.9599609e+01	  -1.5072299e+01	
   9.6900000e+00	   4.8436684e+01	   4.1746984e+01	   2.2126465e+01	  -1.4847217e+01	
   9.7000000e+00	   4.7644908e+01	   4.1786406e+01	   2.4653320e+01	  -1.4607718e+01	
   9.7100000e+00	   4.7429858e+01	   4.1822427e+01	   2.6652832e+01	  -1.4355544e+01	
   9.7200000e+00	   4.8084783e+01	   4.1859600e+01	   3.3464355e+01	  -1.4077354e+01	
   9.7300000e+00	   4.7332108e+01	   4.1896235e+01	   3.6386719e+01	  -1.3770423e+01	
   9.7400000e+00	   4.9160034e+01	   4.1936007e+01	   3.8583984e+01	  -1.3449381e+01	
   9.7500000e+00	   4.8544209e+01	   4.1979326e+01	   4.0979004e+01	  -1.3115968e+01	
   9.7600000e+00	   4.9335984e+01	   4.2022925e+01	   4.2846680e+01	  -1.2771294e+01	
   9.7700000e+00	   4.8055458e+01	   4.2064721e+01	   4.6010742e+01	  -1.2413020e+01	
   9.7800000e+00	   4.8778809e+01	   4.2104509e+01	   4.9460449e+01	  -1.2036277e+01	
   9.7900000e+00	   4.7341883e+01	   4.2141814e+01	   5.5217285e+01	  -1.1633062e+01	
   9.8000000e+00	   4.8993859e+01	   4.2179558e+01	   5.7194824e+01	  -1.1208150e+01	
   9.8100000e+00	   4.7429858e+01	   4.2217342e+01	   5.9985352e+01	  -1.0770966e+01	
   9.8200000e+00	   5.0088660e+01	   4.2258317e+01	   6.3632813e+01	  -1.0316359e+01	
   9.8300000e+00	   4.6569657e+01	   4.2296342e+01	   6.5742188e+01	  -9.8465703e+00	
   9.8400000e+00	   4.8505109e+01	   4.2329169e+01	   6.8972168e+01	  -9.3630024e+00	
   9.8500000e+00	   4.7048632e+01	   4.2363291e+01	   6.9345703e+01	  -8.8711780e+00	
   9.8600000e+00	   4.7068182e+01	   4.2392699e+01	   7.0312500e+01	  -8.3782366e+00	
   9.8700000e+00	   4.7928383e+01	   4.2424678e+01	   7.7827148e+01	  -7.8618208e+00	
   9.8800000e+00	   4.7791533e+01	   4.2458722e+01	   8.4287109e+01	  -7.3048744e+00	
   9.8900000e+00	   4.8338934e+01	   4.2493839e+01	   8.3671875e+01	  -6.7331122e+00	
   9.9000000e+00	   4.9287109e+01	   4.2533419e+01	   8.8483887e+01	  -6.1517879e+00	
   9.9100000e+00	   4.8553984e+01	   4.2573425e+01	   9.0681152e+01	  -5.5521533e+00	
   9.9200000e+00	   4.9023184e+01	   4.2612354e+01	   9.4482422e+01	  -4.9374886e+00	
   9.9300000e+00	   4.8661509e+01	   4.2651376e+01	   9.5075684e+01	  -4.3129112e+00	
   9.9400000e+00	   4.8661509e+01	   4.2689020e+01	   1.0274414e+02	  -3.6663721e+00	
   9.9500000e+00	   4.8778809e+01	   4.2726796e+01	   1.0410645e+02	  -2.9956004e+00	
   9.9600000e+00	   4.6559882e+01	   4.2757754e+01	   1.0740234e+02	  -2.3144418e+00	
   9.9700000e+00	   4.8759259e+01	   4.2788457e+01	   1.0562256e+02	  -1.6328014e+00	
   9.9800000e+00	   4.8133658e+01	   4.2823896e+01	   1.1434570e+02	  -9.3368558e-01	
   9.9900000e+00	   4.7889283e+01	   4.2856389e+01	   1.1331299e+02	  -2.1486407e-01	
   1.0000000e+01	   4.6921557e+01	   4.2884881e+01	   1.1852051e+02	   5.1252959e-01	
