   0.0000000e+00	  -5.0000000e+00	  -1.2301372e+00	  -1.3812012e+02	
   1.0000000e-02	  -5.0000000e+00	  -1.0150870e+00	  -1.3801025e+02	
   2.0000000e-02	  -5.0000000e+00	  -1.3572123e+00	  -1.3921875e+02	
   3.0000000e-02	  -5.0000000e+00	  -2.7061635e+00	  -1.4066895e+02	
   4.0000000e-02	  -5.0000000e+00	  -3.5663643e+00	  -1.3965820e+02	
   5.0000000e-02	  -5.0000000e+00	  -3.5761393e+00	  -1.4058105e+02	
   6.0000000e-02	  -5.0000000e+00	  -5.0130657e+00	  -1.4165771e+02	
   7.0000000e-02	  -5.0000000e+00	  -6.0687666e+00	  -1.4036133e+02	
   8.0000000e-02	  -5.0000000e+00	  -6.0687666e+00	  -1.4016357e+02	
   9.0000000e-02	  -5.0000000e+00	  -7.1733427e+00	  -1.3985596e+02	
   1.0000000e-01	  -5.0000000e+00	  -8.2192686e+00	  -1.4042725e+02	
   1.1000000e-01	  -5.0000000e+00	  -7.1831177e+00	  -1.4128418e+02	
   1.2000000e-01	  -5.0000000e+00	  -7.5936680e+00	  -1.4227295e+02	
   1.3000000e-01	  -5.0000000e+00	  -9.4704698e+00	  -1.4233887e+02	
   1.4000000e-01	  -5.0000000e+00	  -1.0438196e+01	  -1.4082275e+02	
   1.5000000e-01	  -5.0000000e+00	  -1.2080397e+01	  -1.4543701e+02	
   1.6000000e-01	  -5.0000000e+00	  -1.1425472e+01	  -1.4363525e+02	
   1.7000000e-01	  -5.0000000e+00	  -1.2051072e+01	  -1.4501953e+02	
   1.8000000e-01	  -5.0000000e+00	  -1.3341373e+01	  -1.4798584e+02	
   1.9000000e-01	  -5.0000000e+00	  -1.5452775e+01	  -1.4824951e+02	
   2.0000000e-01	  -5.0000000e+00	  -1.6156576e+01	  -1.4844727e+02	
   2.1000000e-01	  -5.0000000e+00	  -1.4954250e+01	  -1.4789795e+02	
   2.2000000e-01	  -5.0000000e+00	  -1.5951301e+01	  -1.4980957e+02	
   2.3000000e-01	  -5.0000000e+00	  -1.6870152e+01	  -1.5150146e+02	
   2.4000000e-01	  -5.0000000e+00	  -1.8004053e+01	  -1.5543457e+02	
   2.5000000e-01	  -5.0000000e+00	  -1.9177054e+01	  -1.5378662e+02	
   2.6000000e-01	  -5.0000000e+00	  -1.8854478e+01	  -1.5314941e+02	
   2.7000000e-01	  -5.0000000e+00	  -2.0565105e+01	  -1.5809326e+02	
   2.8000000e-01	  -5.0000000e+00	  -2.0741055e+01	  -1.6090576e+02	
   2.9000000e-01	  -5.0000000e+00	  -2.1513281e+01	  -1.6244385e+02	
   3.0000000e-01	  -5.0000000e+00	  -2.1962931e+01	  -1.6338867e+02	
   3.1000000e-01	  -5.0000000e+00	  -2.3888608e+01	  -1.6492676e+02	
   3.2000000e-01	  -5.0000000e+00	  -2.3732208e+01	  -1.6617920e+02	
   3.3000000e-01	  -5.0000000e+00	  -2.2881782e+01	  -1.6444336e+02	
   3.4000000e-01	  -5.0000000e+00	  -2.4827009e+01	  -1.6828857e+02	
   3.5000000e-01	  -5.0000000e+00	  -2.5012734e+01	  -1.6978271e+02	
   3.6000000e-01	  -5.0000000e+00	  -2.3487833e+01	  -1.7180420e+02	
   3.7000000e-01	  -5.0000000e+00	  -2.5609010e+01	  -1.7046387e+02	
   3.8000000e-01	  -5.0000000e+00	  -2.6000010e+01	  -1.7367188e+02	
   3.9000000e-01	  -5.0000000e+00	  -2.7397836e+01	  -1.7663818e+02	
   4.0000000e-01	  -5.0000000e+00	  -2.7720412e+01	  -1.7771484e+02	
   4.1000000e-01	  -5.0000000e+00	  -2.6381235e+01	  -1.7837402e+02	
   4.2000000e-01	  -5.0000000e+00	  -2.8258037e+01	  -1.8000000e+02	
   4.3000000e-01	  -5.0000000e+00	  -2.9157338e+01	  -1.8000000e+02	
   4.4000000e-01	  -5.0000000e+00	  -2.7505361e+01	  -1.8000000e+02	
   4.5000000e-01	  -5.0000000e+00	  -3.0555164e+01	  -1.8000000e+02	
   4.6000000e-01	  -5.0000000e+00	  -3.0183714e+01	  -1.8000000e+02	
   4.7000000e-01	  -5.0000000e+00	  -3.0662689e+01	  -1.2062988e+01	
   4.8000000e-01	  -5.0000000e+00	  -3.1288290e+01	  -1.3754883e+01	
   4.9000000e-01	  -5.0000000e+00	  -3.1757490e+01	  -1.1096191e+01	
   5.0000000e-01	  -5.0000000e+00	  -3.1962766e+01	   1.7452881e+02	
   5.1000000e-01	  -5.0000000e+00	  -3.2832741e+01	   1.7896729e+02	
   5.2000000e-01	  -5.0000000e+00	  -3.3634292e+01	   1.7567139e+02	
   5.3000000e-01	  -5.0000000e+00	  -3.3008691e+01	   1.7718750e+02	
   5.4000000e-01	  -5.0000000e+00	  -3.3800467e+01	   1.7191406e+02	
   5.5000000e-01	  -5.0000000e+00	  -3.4523818e+01	   1.7037598e+02	
   5.6000000e-01	  -5.0000000e+00	  -3.4944143e+01	   1.7070557e+02	
   5.7000000e-01	  -5.0000000e+00	  -3.4328318e+01	   1.6943115e+02	
   5.8000000e-01	  -5.0000000e+00	  -3.5374244e+01	   1.7020020e+02	
   5.9000000e-01	  -5.0000000e+00	  -3.5696819e+01	   1.6582764e+02	
   6.0000000e-01	  -5.0000000e+00	  -3.5687044e+01	   1.6376221e+02	
   6.1000000e-01	  -5.0000000e+00	  -3.6908920e+01	   1.5879639e+02	
   6.2000000e-01	  -5.0000000e+00	  -3.7026220e+01	   1.5437988e+02	
   6.3000000e-01	  -5.0000000e+00	  -3.7466096e+01	   1.5413818e+02	
   6.4000000e-01	  -5.0000000e+00	  -3.7837546e+01	   1.4662354e+02	
   6.5000000e-01	  -5.0000000e+00	  -3.7299920e+01	   1.4822754e+02	
   6.6000000e-01	  -5.0000000e+00	  -3.8502247e+01	   1.4334961e+02	
   6.7000000e-01	  -5.0000000e+00	  -3.8453371e+01	   1.4607422e+02	
   6.8000000e-01	  -5.0000000e+00	  -3.9078972e+01	   1.3954834e+02	
   6.9000000e-01	  -5.0000000e+00	  -3.9645923e+01	   1.3754883e+02	
   7.0000000e-01	  -5.0000000e+00	  -3.9460197e+01	   1.3161621e+02	
   7.1000000e-01	  -5.0000000e+00	  -3.9421097e+01	   1.3337402e+02	
   7.2000000e-01	  -5.0000000e+00	  -3.9391772e+01	   1.3047363e+02	
   7.3000000e-01	  -5.0000000e+00	  -4.0144448e+01	   1.2691406e+02	
   7.4000000e-01	  -5.0000000e+00	  -4.0975324e+01	   1.2533203e+02	
   7.5000000e-01	  -5.0000000e+00	  -4.0867799e+01	   1.2339844e+02	
   7.6000000e-01	  -5.0000000e+00	  -4.1591149e+01	   1.2027832e+02	
   7.7000000e-01	  -5.0000000e+00	  -4.0985099e+01	   1.1348877e+02	
   7.8000000e-01	  -5.0000000e+00	  -4.1600924e+01	   1.1373047e+02	
   7.9000000e-01	  -5.0000000e+00	  -4.1864850e+01	   1.1184082e+02	
   8.0000000e-01	  -5.0000000e+00	  -4.1503174e+01	   1.0933594e+02	
   8.1000000e-01	  -5.0000000e+00	  -4.1688899e+01	   1.0694092e+02	
   8.2000000e-01	  -5.0000000e+00	  -4.1952825e+01	   1.0557861e+02	
   8.3000000e-01	  -5.0000000e+00	  -4.1894175e+01	   9.8833008e+01	
   8.4000000e-01	  -5.0000000e+00	  -4.2861901e+01	   9.7734375e+01	
   8.5000000e-01	  -5.0000000e+00	  -4.3125826e+01	   9.8613281e+01	
   8.6000000e-01	  -5.0000000e+00	  -4.2480675e+01	   9.2592773e+01	
   8.7000000e-01	  -5.0000000e+00	  -4.2861901e+01	   8.9890137e+01	
   8.8000000e-01	  -5.0000000e+00	  -4.3155151e+01	   8.6374512e+01	
   8.9000000e-01	  -5.0000000e+00	  -4.3761201e+01	   8.5122070e+01	
   9.0000000e-01	  -5.0000000e+00	  -4.4298827e+01	   8.2749023e+01	
   9.1000000e-01	  -5.0000000e+00	  -4.3741651e+01	   7.9057617e+01	
   9.2000000e-01	  -5.0000000e+00	  -4.4249952e+01	   7.4597168e+01	
   9.3000000e-01	  -5.0000000e+00	  -4.4474777e+01	   7.4245605e+01	
   9.4000000e-01	  -5.0000000e+00	  -4.3751426e+01	   7.0136719e+01	
   9.5000000e-01	  -5.0000000e+00	  -4.4465002e+01	   6.7412109e+01	
   9.6000000e-01	  -5.0000000e+00	  -4.4680052e+01	   6.2314453e+01	
   9.7000000e-01	  -5.0000000e+00	  -4.5276328e+01	   6.1040039e+01	
   9.8000000e-01	  -5.0000000e+00	  -4.5471828e+01	   6.1325684e+01	
   9.9000000e-01	  -5.0000000e+00	  -4.4836452e+01	   5.6689453e+01	
   1.0000000e+00	  -5.0000000e+00	  -4.5031953e+01	   5.3942871e+01	
   1.0100000e+00	  -5.0000000e+00	  -4.5315428e+01	   5.4316406e+01	
   1.0200000e+00	  -5.0000000e+00	  -4.5002628e+01	   4.8142090e+01	
   1.0300000e+00	  -5.0000000e+00	  -4.5559803e+01	   4.5703125e+01	
   1.0400000e+00	  -5.0000000e+00	  -4.5168803e+01	   4.2890625e+01	
   1.0500000e+00	  -5.0000000e+00	  -4.6175629e+01	   3.7727051e+01	
   1.0600000e+00	  -5.0000000e+00	  -4.5843278e+01	   3.4826660e+01	
   1.0700000e+00	  -5.0000000e+00	  -4.5941028e+01	   3.2651367e+01	
   1.0800000e+00	  -5.0000000e+00	  -4.6214729e+01	   2.8828125e+01	
   1.0900000e+00	  -5.0000000e+00	  -4.6097429e+01	   2.5576172e+01	
   1.1000000e+00	  -5.0000000e+00	  -4.6312479e+01	   2.5664063e+01	
   1.1100000e+00	  -5.0000000e+00	  -4.6292929e+01	   1.9709473e+01	
   1.1200000e+00	  -5.0000000e+00	  -4.6136529e+01	   1.7204590e+01	
   1.1300000e+00	  -5.0000000e+00	  -4.6292929e+01	   1.3623047e+01	
   1.1400000e+00	  -5.0000000e+00	  -4.6214729e+01	   1.5051270e+01	
   1.1500000e+00	  -5.0000000e+00	  -4.6439554e+01	   8.4155273e+00	
   1.1600000e+00	  -5.0000000e+00	  -4.6537304e+01	   7.5585938e+00	
   1.1700000e+00	  -5.0000000e+00	  -4.6850104e+01	   6.6577148e+00	
   1.1800000e+00	  -5.0000000e+00	  -4.6635054e+01	   1.3183594e+00	
   1.1900000e+00	  -5.0000000e+00	  -4.6938079e+01	  -3.2299805e+00	
   1.2000000e+00	  -5.0000000e+00	  -4.6713254e+01	  -3.6035156e+00	
   1.2100000e+00	  -5.0000000e+00	  -4.6898979e+01	  -5.4492188e+00	
   1.2200000e+00	  -5.0000000e+00	  -4.6762129e+01	  -7.8881836e+00	
   1.2300000e+00	  -5.0000000e+00	  -4.7065154e+01	  -1.4919434e+01	
   1.2400000e+00	  -5.0000000e+00	  -4.6850104e+01	  -1.6787109e+01	
   1.2500000e+00	  -5.0000000e+00	  -4.7602780e+01	  -1.7160645e+01	
   1.2600000e+00	  -5.0000000e+00	  -4.7211780e+01	  -2.1599121e+01	
   1.2700000e+00	  -5.0000000e+00	  -4.7387730e+01	  -2.2719727e+01	
   1.2800000e+00	  -5.0000000e+00	  -4.7329080e+01	  -2.5686035e+01	
   1.2900000e+00	  -5.0000000e+00	  -4.7612555e+01	  -2.6125488e+01	
   1.3000000e+00	  -5.0000000e+00	  -4.7417055e+01	  -3.0234375e+01	
   1.3100000e+00	  -5.0000000e+00	  -4.7622330e+01	  -3.5463867e+01	
   1.3200000e+00	  -5.0000000e+00	  -4.7505030e+01	  -3.8605957e+01	
   1.3300000e+00	  -5.0000000e+00	  -4.7817830e+01	  -4.2165527e+01	
   1.3400000e+00	  -5.0000000e+00	  -4.7729855e+01	  -4.4692383e+01	
   1.3500000e+00	  -5.0000000e+00	  -4.7573455e+01	  -4.6186523e+01	
   1.3600000e+00	  -5.0000000e+00	  -4.7475705e+01	  -4.8317871e+01	
   1.3700000e+00	  -5.0000000e+00	  -4.7651655e+01	  -5.1328125e+01	
   1.3800000e+00	  -5.0000000e+00	  -4.7856930e+01	  -5.4755859e+01	
   1.3900000e+00	  -5.0000000e+00	  -4.7739630e+01	  -5.6140137e+01	
   1.4000000e+00	  -5.0000000e+00	  -4.7710305e+01	  -6.0974121e+01	
   1.4100000e+00	  -5.0000000e+00	  -4.7847155e+01	  -6.3215332e+01	
   1.4200000e+00	  -5.0000000e+00	  -4.8492306e+01	  -6.6467285e+01	
   1.4300000e+00	  -5.0000000e+00	  -4.8091530e+01	  -6.9038086e+01	
   1.4400000e+00	  -5.0000000e+00	  -4.8071980e+01	  -7.2377930e+01	
   1.4500000e+00	  -5.0000000e+00	  -4.8257706e+01	  -7.4860840e+01	
   1.4600000e+00	  -5.0000000e+00	  -4.7739630e+01	  -7.6662598e+01	
   1.4700000e+00	  -5.0000000e+00	  -4.8023105e+01	  -8.1123047e+01	
   1.4800000e+00	  -5.0000000e+00	  -4.8071980e+01	  -8.2705078e+01	
   1.4900000e+00	  -5.0000000e+00	  -4.8941956e+01	  -8.6550293e+01	
   1.5000000e+00	  -5.0000000e+00	  -4.7817830e+01	  -8.8330078e+01	
   1.5100000e+00	  -5.0000000e+00	  -4.8091530e+01	  -9.2329102e+01	
   1.5200000e+00	  -5.0000000e+00	  -4.8189280e+01	  -9.5888672e+01	
   1.5300000e+00	  -5.0000000e+00	  -4.8404331e+01	  -9.6547852e+01	
   1.5400000e+00	  -5.0000000e+00	  -4.8081755e+01	  -1.0074463e+02	
   1.5500000e+00	  -5.0000000e+00	  -4.8150180e+01	  -1.0265625e+02	
   1.5600000e+00	  -5.0000000e+00	  -4.8335906e+01	  -1.0608398e+02	
   1.5700000e+00	  -5.0000000e+00	  -4.8492306e+01	  -1.1087402e+02	
   1.5800000e+00	  -5.0000000e+00	  -4.8189280e+01	  -1.1109375e+02	
   1.5900000e+00	  -5.0000000e+00	  -4.8159955e+01	  -1.1460938e+02	
   1.6000000e+00	  -5.0000000e+00	  -4.8150180e+01	  -1.1911377e+02	
   1.6100000e+00	  -5.0000000e+00	  -4.7944905e+01	  -1.2144287e+02	
   1.6200000e+00	  -5.0000000e+00	  -4.8130630e+01	  -1.2443115e+02	
   1.6300000e+00	  -5.0000000e+00	  -4.8619381e+01	  -1.2645264e+02	
   1.6400000e+00	  -5.0000000e+00	  -4.8414106e+01	  -1.2981445e+02	
   1.6500000e+00	  -5.0000000e+00	  -4.8775781e+01	  -1.3302246e+02	
   1.6600000e+00	  -5.0000000e+00	  -4.8277256e+01	  -1.3502197e+02	
   1.6700000e+00	  -5.0000000e+00	  -4.8208830e+01	  -1.3825195e+02	
   1.6800000e+00	  -5.0000000e+00	  -4.7993780e+01	  -1.4163574e+02	
   1.6900000e+00	  -5.0000000e+00	  -4.7817830e+01	  -1.4359131e+02	
   1.7000000e+00	  -5.0000000e+00	  -4.7817830e+01	  -1.4978760e+02	
   1.7100000e+00	  -5.0000000e+00	  -4.8570506e+01	  -1.4910645e+02	
   1.7200000e+00	  -5.0000000e+00	  -4.8150180e+01	  -1.5479736e+02	
   1.7300000e+00	  -5.0000000e+00	  -4.8159955e+01	  -1.6103760e+02	
   1.7400000e+00	  -5.0000000e+00	  -4.7876480e+01	  -1.5967529e+02	
   1.7500000e+00	  -5.0000000e+00	  -4.8423881e+01	  -1.6593750e+02	
   1.7600000e+00	  -5.0000000e+00	  -4.8590056e+01	  -1.6573975e+02	
   1.7700000e+00	  -5.0000000e+00	  -4.7944905e+01	  -1.6927734e+02	
   1.7800000e+00	  -5.0000000e+00	  -4.7935130e+01	  -1.7294678e+02	
   1.7900000e+00	  -5.0000000e+00	  -4.8531406e+01	  -1.7865967e+02	
   1.8000000e+00	  -5.0000000e+00	  -4.8433656e+01	  -1.8000000e+02	
   1.8100000e+00	  -5.0000000e+00	  -4.8326131e+01	  -1.8000000e+02	
   1.8200000e+00	  -5.0000000e+00	  -4.8472756e+01	  -1.8000000e+02	
   1.8300000e+00	  -5.0000000e+00	  -4.8189280e+01	  -1.8000000e+02	
   1.8400000e+00	  -5.0000000e+00	  -4.8111080e+01	  -1.1645508e+01	
   1.8500000e+00	  -5.0000000e+00	  -4.8013330e+01	  -1.2458496e+01	
   1.8600000e+00	  -5.0000000e+00	  -4.8550956e+01	   1.7452881e+02	
   1.8700000e+00	  -5.0000000e+00	  -4.8766006e+01	   1.7417725e+02	
   1.8800000e+00	  -5.0000000e+00	  -4.8296806e+01	   1.7542969e+02	
   1.8900000e+00	  -5.0000000e+00	  -4.8375006e+01	   1.7791260e+02	
   1.9000000e+00	  -5.0000000e+00	  -4.8345681e+01	   1.7400146e+02	
   1.9100000e+00	  -5.0000000e+00	  -4.9215656e+01	   1.6615723e+02	
   1.9200000e+00	  -5.0000000e+00	  -4.8130630e+01	   1.6584961e+02	
   1.9300000e+00	  -5.0000000e+00	  -4.8961506e+01	   1.6048828e+02	
   1.9400000e+00	  -5.0000000e+00	  -4.8629156e+01	   1.5780762e+02	
   1.9500000e+00	  -5.0000000e+00	  -4.8365231e+01	   1.5409424e+02	
   1.9600000e+00	  -5.0000000e+00	  -4.8531406e+01	   1.5244629e+02	
   1.9700000e+00	  -5.0000000e+00	  -4.8023105e+01	   1.4807373e+02	
   1.9800000e+00	  -5.0000000e+00	  -4.8687806e+01	   1.4556885e+02	
   1.9900000e+00	  -5.0000000e+00	  -4.7837380e+01	   1.4321777e+02	
   2.0000000e+00	   5.0000000e+00	  -4.8844206e+01	   1.3820801e+02	
   2.0100000e+00	   5.0000000e+00	  -4.8111080e+01	   1.3601074e+02	
   2.0200000e+00	   5.0000000e+00	  -4.7583230e+01	   1.2825439e+02	
   2.0300000e+00	   5.0000000e+00	  -4.5823728e+01	   1.3089111e+02	
   2.0400000e+00	   5.0000000e+00	  -4.4865777e+01	   1.2638672e+02	
   2.0500000e+00	   5.0000000e+00	  -4.3712326e+01	   1.2792480e+02	
   2.0600000e+00	   5.0000000e+00	  -4.1864850e+01	   1.2148682e+02	
   2.0700000e+00	   5.0000000e+00	  -4.0535448e+01	   1.2328857e+02	
   2.0800000e+00	   5.0000000e+00	  -3.8599997e+01	   1.1434570e+02	
   2.0900000e+00	   5.0000000e+00	  -3.7730021e+01	   1.1568604e+02	
   2.1000000e+00	   5.0000000e+00	  -3.5638169e+01	   1.1140137e+02	
   2.1100000e+00	   5.0000000e+00	  -3.3683167e+01	   1.1096191e+02	
   2.1200000e+00	   5.0000000e+00	  -3.1659740e+01	   1.0898438e+02	
   2.1300000e+00	   5.0000000e+00	  -3.0301014e+01	   1.0711670e+02	
   2.1400000e+00	   5.0000000e+00	  -2.8737013e+01	   1.0329346e+02	
   2.1500000e+00	   5.0000000e+00	  -2.6185735e+01	   1.0313965e+02	
   2.1600000e+00	   5.0000000e+00	  -2.4357808e+01	   1.0212891e+02	
   2.1700000e+00	   5.0000000e+00	  -2.2265957e+01	   1.0140381e+02	
   2.1800000e+00	   5.0000000e+00	  -2.0408705e+01	   9.7580566e+01	
   2.1900000e+00	   5.0000000e+00	  -1.8668753e+01	   9.9602051e+01	
   2.2000000e+00	   5.0000000e+00	  -1.6449826e+01	   9.8041992e+01	
   2.2100000e+00	   5.0000000e+00	  -1.4582799e+01	   9.6789551e+01	
   2.2200000e+00	   5.0000000e+00	  -1.4133149e+01	   9.2658691e+01	
   2.2300000e+00	   5.0000000e+00	  -1.1044246e+01	   9.4987793e+01	
   2.2400000e+00	   5.0000000e+00	  -8.8350942e+00	   9.2922363e+01	
   2.2500000e+00	   5.0000000e+00	  -7.6620931e+00	   9.2988281e+01	
   2.2600000e+00	   5.0000000e+00	  -6.0785416e+00	   9.2285156e+01	
   2.2700000e+00	   5.0000000e+00	  -3.0873889e+00	   9.5207520e+01	
   2.2800000e+00	   5.0000000e+00	  -4.1528649e+00	   9.1340332e+01	
   2.2900000e+00	   5.0000000e+00	  -1.8850628e+00	   9.3713379e+01	
   2.3000000e+00	   5.0000000e+00	  -7.2183671e-01	   9.3647461e+01	
   2.3100000e+00	   5.0000000e+00	   1.7746412e-01	   9.5405273e+01	
   2.3200000e+00	   5.0000000e+00	   2.0053908e+00	   9.3383789e+01	
   2.3300000e+00	   5.0000000e+00	   1.8098906e+00	   9.6064453e+01	
   2.3400000e+00	   5.0000000e+00	   2.8753666e+00	   9.2636719e+01	
   2.3500000e+00	   5.0000000e+00	   2.7287415e+00	   9.3186035e+01	
   2.3600000e+00	   5.0000000e+00	   4.7130683e+00	   9.8898926e+01	
   2.3700000e+00	   5.0000000e+00	   6.1499946e+00	   9.6503906e+01	
   2.3800000e+00	   5.0000000e+00	   5.7198942e+00	   9.4592285e+01	
   2.3900000e+00	   5.0000000e+00	   6.9319953e+00	   9.1494141e+01	
   2.4000000e+00	   5.0000000e+00	   9.0336223e+00	   9.6547852e+01	
   2.4100000e+00	   5.0000000e+00	   8.8478971e+00	   9.8151855e+01	
   2.4200000e+00	   5.0000000e+00	   9.6396728e+00	   9.6130371e+01	
   2.4300000e+00	   5.0000000e+00	   1.1350299e+01	   9.9030762e+01	
   2.4400000e+00	   5.0000000e+00	   1.1848825e+01	   1.0182129e+02	
   2.4500000e+00	   5.0000000e+00	   1.1878150e+01	   1.0021729e+02	
   2.4600000e+00	   5.0000000e+00	   1.3129351e+01	   1.0052490e+02	
   2.4700000e+00	   5.0000000e+00	   1.2836101e+01	   1.0067871e+02	
   2.4800000e+00	   5.0000000e+00	   1.5201653e+01	   1.0085449e+02	
   2.4900000e+00	   5.0000000e+00	   1.6149829e+01	   1.0687500e+02	
   2.5000000e+00	   5.0000000e+00	   1.5827254e+01	   1.0366699e+02	
   2.5100000e+00	   5.0000000e+00	   1.8095056e+01	   1.1093994e+02	
   2.5200000e+00	   5.0000000e+00	   1.7723605e+01	   1.0907227e+02	
   2.5300000e+00	   5.0000000e+00	   1.9531982e+01	   1.0889648e+02	
   2.5400000e+00	   5.0000000e+00	   1.8525156e+01	   1.0922607e+02	
   2.5500000e+00	   5.0000000e+00	   2.0871158e+01	   1.1335693e+02	
   2.5600000e+00	   5.0000000e+00	   2.1799784e+01	   1.1526855e+02	
   2.5700000e+00	   5.0000000e+00	   2.2053934e+01	   1.1731201e+02	
   2.5800000e+00	   5.0000000e+00	   2.3510411e+01	   1.1999268e+02	
   2.5900000e+00	   5.0000000e+00	   2.4048036e+01	   1.1726807e+02	
   2.6000000e+00	   5.0000000e+00	   2.3060760e+01	   1.1882813e+02	
   2.6100000e+00	   5.0000000e+00	   2.4067586e+01	   1.2462891e+02	
   2.6200000e+00	   5.0000000e+00	   2.7293339e+01	   1.2618896e+02	
   2.6300000e+00	   5.0000000e+00	   2.5084187e+01	   1.2610107e+02	
   2.6400000e+00	   5.0000000e+00	   2.6833914e+01	   1.2913330e+02	
   2.6500000e+00	   5.0000000e+00	   2.6569988e+01	   1.2856201e+02	
   2.6600000e+00	   5.0000000e+00	   2.7449739e+01	   1.3311035e+02	
   2.6700000e+00	   5.0000000e+00	   2.7967815e+01	   1.3350586e+02	
   2.6800000e+00	   5.0000000e+00	   2.8534765e+01	   1.3570313e+02	
   2.6900000e+00	   5.0000000e+00	   2.9717541e+01	   1.3739502e+02	
   2.7000000e+00	   5.0000000e+00	   2.8485890e+01	   1.3902100e+02	
   2.7100000e+00	   5.0000000e+00	   3.0304042e+01	   1.4038330e+02	
   2.7200000e+00	   5.0000000e+00	   2.9033291e+01	   1.4418457e+02	
   2.7300000e+00	   5.0000000e+00	   3.0646167e+01	   1.4343750e+02	
   2.7400000e+00	   5.0000000e+00	   3.3236545e+01	   1.4838135e+02	
   2.7500000e+00	   5.0000000e+00	   3.3441820e+01	   1.5139160e+02	
   2.7600000e+00	   5.0000000e+00	   3.3598220e+01	   1.5174316e+02	
   2.7700000e+00	   5.0000000e+00	   3.2610944e+01	   1.5235840e+02	
   2.7800000e+00	   5.0000000e+00	   3.4810321e+01	   1.5954346e+02	
   2.7900000e+00	   5.0000000e+00	   3.4429096e+01	   1.6044434e+02	
   2.8000000e+00	   5.0000000e+00	   3.4722346e+01	   1.5908203e+02	
   2.8100000e+00	   5.0000000e+00	   3.5220871e+01	   1.6371826e+02	
   2.8200000e+00	   5.0000000e+00	   3.6041972e+01	   1.6993652e+02	
   2.8300000e+00	   5.0000000e+00	   3.4370446e+01	   1.6712402e+02	
   2.8400000e+00	   5.0000000e+00	   3.6511173e+01	   1.7294678e+02	
   2.8500000e+00	   5.0000000e+00	   3.6696898e+01	   1.7694580e+02	
   2.8600000e+00	   5.0000000e+00	   3.4908071e+01	   1.7716553e+02	
   2.8700000e+00	   5.0000000e+00	   3.7821024e+01	   1.7593506e+02	
   2.8800000e+00	   5.0000000e+00	   3.9531650e+01	   1.7762695e+02	
   2.8900000e+00	   5.0000000e+00	   3.6784873e+01	   1.7648438e+02	
   2.9000000e+00	   5.0000000e+00	   3.8710550e+01	  -1.3271484e+01	
   2.9100000e+00	   5.0000000e+00	   3.8788750e+01	  -1.0502930e+01	
   2.9200000e+00	   5.0000000e+00	   3.7996974e+01	  -1.8000000e+02	
   2.9300000e+00	   5.0000000e+00	   4.0978352e+01	  -1.8000000e+02	
   2.9400000e+00	   5.0000000e+00	   3.8241349e+01	  -1.8000000e+02	
   2.9500000e+00	   5.0000000e+00	   4.0215901e+01	  -1.8000000e+02	
   2.9600000e+00	   5.0000000e+00	   4.0264776e+01	  -1.7808838e+02	
   2.9700000e+00	   5.0000000e+00	   4.1115202e+01	  -1.7874756e+02	
   2.9800000e+00	   5.0000000e+00	   4.0841502e+01	  -1.7312256e+02	
   2.9900000e+00	   5.0000000e+00	   3.9091775e+01	  -1.7255127e+02	
   3.0000000e+00	   5.0000000e+00	   3.9473000e+01	  -1.6914551e+02	
   3.0100000e+00	   5.0000000e+00	   4.2395728e+01	  -1.6464111e+02	
   3.0200000e+00	   5.0000000e+00	   4.0147476e+01	  -1.6369629e+02	
   3.0300000e+00	   5.0000000e+00	   4.1242277e+01	  -1.6165283e+02	
   3.0400000e+00	   5.0000000e+00	   4.2239328e+01	  -1.5699463e+02	
   3.0500000e+00	   5.0000000e+00	   4.3285254e+01	  -1.5374268e+02	
   3.0600000e+00	   5.0000000e+00	   4.2552128e+01	  -1.5374268e+02	
   3.0700000e+00	   5.0000000e+00	   4.2845378e+01	  -1.5064453e+02	
   3.0800000e+00	   5.0000000e+00	   4.1672377e+01	  -1.4778809e+02	
   3.0900000e+00	   5.0000000e+00	   4.2806278e+01	  -1.4706299e+02	
   3.1000000e+00	   5.0000000e+00	   4.2415278e+01	  -1.4124023e+02	
   3.1100000e+00	   5.0000000e+00	   4.3021329e+01	  -1.3770264e+02	
   3.1200000e+00	   5.0000000e+00	   4.2102478e+01	  -1.3732910e+02	
   3.1300000e+00	   5.0000000e+00	   4.3236379e+01	  -1.3322021e+02	
   3.1400000e+00	   5.0000000e+00	   4.3060429e+01	  -1.3146240e+02	
   3.1500000e+00	   5.0000000e+00	   4.3060429e+01	  -1.2979248e+02	
   3.1600000e+00	   5.0000000e+00	   4.3265704e+01	  -1.2541992e+02	
   3.1700000e+00	   5.0000000e+00	   4.2327303e+01	  -1.2269531e+02	
   3.1800000e+00	   5.0000000e+00	   4.4995880e+01	  -1.2065186e+02	
   3.1900000e+00	   5.0000000e+00	   4.3998830e+01	  -1.1520264e+02	
   3.2000000e+00	   5.0000000e+00	   4.5435756e+01	  -1.1324707e+02	
   3.2100000e+00	   5.0000000e+00	   4.4556005e+01	  -1.1188477e+02	
   3.2200000e+00	   5.0000000e+00	   4.3734904e+01	  -1.1014893e+02	
   3.2300000e+00	   5.0000000e+00	   4.3451429e+01	  -1.0650146e+02	
   3.2400000e+00	   5.0000000e+00	   4.3998830e+01	  -1.0368896e+02	
   3.2500000e+00	   5.0000000e+00	   4.5709456e+01	  -1.0012939e+02	
   3.2600000e+00	   5.0000000e+00	   4.4829705e+01	  -9.7097168e+01	
   3.2700000e+00	   5.0000000e+00	   4.4819930e+01	  -9.5273438e+01	
   3.2800000e+00	   5.0000000e+00	   4.4477805e+01	  -9.1911621e+01	
   3.2900000e+00	   5.0000000e+00	   4.6247082e+01	  -8.9406738e+01	
   3.3000000e+00	   5.0000000e+00	   4.5504181e+01	  -8.7956543e+01	
   3.3100000e+00	   5.0000000e+00	   4.5259806e+01	  -8.4418945e+01	
   3.3200000e+00	   5.0000000e+00	   4.5396656e+01	  -8.1430664e+01	
   3.3300000e+00	   5.0000000e+00	   4.6149331e+01	  -7.8552246e+01	
   3.3400000e+00	   5.0000000e+00	   4.6071131e+01	  -7.6596680e+01	
   3.3500000e+00	   5.0000000e+00	   4.4927455e+01	  -7.2751465e+01	
   3.3600000e+00	   5.0000000e+00	   4.5093631e+01	  -7.1301270e+01	
   3.3700000e+00	   5.0000000e+00	   4.5425981e+01	  -6.7412109e+01	
   3.3800000e+00	   5.0000000e+00	   4.6051581e+01	  -6.3786621e+01	
   3.3900000e+00	   5.0000000e+00	   4.6315507e+01	  -6.2050781e+01	
   3.4000000e+00	   5.0000000e+00	   4.6247082e+01	  -6.0666504e+01	
   3.4100000e+00	   5.0000000e+00	   4.5689906e+01	  -5.7348633e+01	
   3.4200000e+00	   5.0000000e+00	   4.6364382e+01	  -5.4272461e+01	
   3.4300000e+00	   5.0000000e+00	   4.6364382e+01	  -5.2426758e+01	
   3.4400000e+00	   5.0000000e+00	   4.6305732e+01	  -4.7614746e+01	
   3.4500000e+00	   5.0000000e+00	   4.6090681e+01	  -4.6450195e+01	
   3.4600000e+00	   5.0000000e+00	   4.6862907e+01	  -4.2187500e+01	
   3.4700000e+00	   5.0000000e+00	   4.6589207e+01	  -3.9309082e+01	
   3.4800000e+00	   5.0000000e+00	   4.6862907e+01	  -3.6914063e+01	
   3.4900000e+00	   5.0000000e+00	   4.7732883e+01	  -3.4299316e+01	
   3.5000000e+00	   5.0000000e+00	   4.6237307e+01	  -3.0695801e+01	
   3.5100000e+00	   5.0000000e+00	   4.6462132e+01	  -2.8959961e+01	
   3.5200000e+00	   5.0000000e+00	   4.8114108e+01	  -2.2983398e+01	
   3.5300000e+00	   5.0000000e+00	   4.5308681e+01	  -2.4719238e+01	
   3.5400000e+00	   5.0000000e+00	   4.7987033e+01	  -1.6303711e+01	
   3.5500000e+00	   5.0000000e+00	   4.8133658e+01	  -1.6853027e+01	
   3.5600000e+00	   5.0000000e+00	   4.7723108e+01	  -1.6347656e+01	
   3.5700000e+00	   5.0000000e+00	   4.7361433e+01	  -9.2285156e+00	
   3.5800000e+00	   5.0000000e+00	   4.6540332e+01	  -8.8110352e+00	
   3.5900000e+00	   5.0000000e+00	   4.8905884e+01	  -5.2514648e+00	
   3.6000000e+00	   5.0000000e+00	   4.7263683e+01	  -3.2299805e+00	
   3.6100000e+00	   5.0000000e+00	   4.6110231e+01	  -4.3945313e-01	
   3.6200000e+00	   5.0000000e+00	   4.7547158e+01	   6.6796875e+00	
   3.6300000e+00	   5.0000000e+00	   4.6100456e+01	   4.1748047e+00	
   3.6400000e+00	   5.0000000e+00	   4.7332108e+01	   9.5581055e+00	
   3.6500000e+00	   5.0000000e+00	   4.7400533e+01	   1.0656738e+01	
   3.6600000e+00	   5.0000000e+00	   4.7654683e+01	   1.2788086e+01	
   3.6700000e+00	   5.0000000e+00	   4.7429858e+01	   1.6215820e+01	
   3.6800000e+00	   5.0000000e+00	   4.8378034e+01	   1.9577637e+01	
   3.6900000e+00	   5.0000000e+00	   4.9590135e+01	   2.5092773e+01	
   3.7000000e+00	   5.0000000e+00	   4.7126832e+01	   2.5444336e+01	
   3.7100000e+00	   5.0000000e+00	   4.7341883e+01	   3.1530762e+01	
   3.7200000e+00	   5.0000000e+00	   4.7332108e+01	   3.3728027e+01	
   3.7300000e+00	   5.0000000e+00	   4.7957708e+01	   3.6958008e+01	
   3.7400000e+00	   5.0000000e+00	   4.8944984e+01	   4.1088867e+01	
   3.7500000e+00	   5.0000000e+00	   4.6559882e+01	   3.8847656e+01	
   3.7600000e+00	   5.0000000e+00	   4.7918608e+01	   4.2978516e+01	
   3.7700000e+00	   5.0000000e+00	   4.7117057e+01	   4.6362305e+01	
   3.7800000e+00	   5.0000000e+00	   4.7752433e+01	   5.2250977e+01	
   3.7900000e+00	   5.0000000e+00	   4.7273458e+01	   5.3942871e+01	
   3.8000000e+00	   5.0000000e+00	   4.7009532e+01	   5.8557129e+01	
   3.8100000e+00	   5.0000000e+00	   4.7429858e+01	   5.9282227e+01	
   3.8200000e+00	   5.0000000e+00	   4.7918608e+01	   6.3237305e+01	
   3.8300000e+00	   5.0000000e+00	   4.7908833e+01	   6.6313477e+01	
   3.8400000e+00	   5.0000000e+00	   4.8387809e+01	   6.9147949e+01	
   3.8500000e+00	   5.0000000e+00	   4.8309608e+01	   7.2597656e+01	
   3.8600000e+00	   5.0000000e+00	   4.7048632e+01	   7.3388672e+01	
   3.8700000e+00	   5.0000000e+00	   4.7664458e+01	   7.7761230e+01	
   3.8800000e+00	   5.0000000e+00	   4.7820858e+01	   7.8354492e+01	
   3.8900000e+00	   5.0000000e+00	   4.7214807e+01	   8.4704590e+01	
   3.9000000e+00	   5.0000000e+00	   4.9717210e+01	   8.9560547e+01	
   3.9100000e+00	   5.0000000e+00	   4.7723108e+01	   9.1274414e+01	
   3.9200000e+00	   5.0000000e+00	   4.7820858e+01	   9.6987305e+01	
   3.9300000e+00	   5.0000000e+00	   4.7859958e+01	   9.6701660e+01	
   3.9400000e+00	   5.0000000e+00	   4.8290058e+01	   1.0309570e+02	
   3.9500000e+00	   5.0000000e+00	   4.6432807e+01	   1.0122803e+02	
   3.9600000e+00	   5.0000000e+00	   4.6471907e+01	   1.0417236e+02	
   3.9700000e+00	   5.0000000e+00	   4.8905884e+01	   1.0566650e+02	
   3.9800000e+00	   5.0000000e+00	   4.9345759e+01	   1.1493896e+02	
   3.9900000e+00	   5.0000000e+00	   4.7283233e+01	   1.1285156e+02	
   4.0000000e+00	   5.0000000e+00	   4.7596033e+01	   1.1812500e+02	
   4.0100000e+00	   5.0000000e+00	   4.7117057e+01	   1.2008057e+02	
   4.0200000e+00	   5.0000000e+00	   4.7459183e+01	   1.2427734e+02	
   4.0300000e+00	   5.0000000e+00	   4.7615583e+01	   1.2552979e+02	
   4.0400000e+00	   5.0000000e+00	   4.6628307e+01	   1.2847412e+02	
   4.0500000e+00	   5.0000000e+00	   4.7635133e+01	   1.3431885e+02	
   4.0600000e+00	   5.0000000e+00	   4.9736760e+01	   1.3697754e+02	
   4.0700000e+00	   5.0000000e+00	   4.9375084e+01	   1.4163574e+02	
   4.0800000e+00	   5.0000000e+00	   4.8632184e+01	   1.4451416e+02	
   4.0900000e+00	   5.0000000e+00	   4.8514884e+01	   1.4917236e+02	
   4.1000000e+00	   5.0000000e+00	   4.6735832e+01	   1.4972168e+02	
   4.1100000e+00	   5.0000000e+00	   4.7635133e+01	   1.5884033e+02	
   4.1200000e+00	   5.0000000e+00	   4.7566708e+01	   1.5607178e+02	
   4.1300000e+00	   5.0000000e+00	   4.8006583e+01	   1.6090576e+02	
   4.1400000e+00	   5.0000000e+00	   5.0039785e+01	   1.6604736e+02	
   4.1500000e+00	   5.0000000e+00	   4.8368259e+01	   1.6297119e+02	
   4.1600000e+00	   5.0000000e+00	   4.7009532e+01	   1.6940918e+02	
   4.1700000e+00	   5.0000000e+00	   4.8876559e+01	   1.7549561e+02	
   4.1800000e+00	   5.0000000e+00	   4.9961585e+01	   1.7564941e+02	
   4.1900000e+00	   5.0000000e+00	   4.8847234e+01	   1.7259521e+02	
   4.2000000e+00	   5.0000000e+00	   4.9179584e+01	   1.7608887e+02	
   4.2100000e+00	   5.0000000e+00	   4.8690834e+01	  -1.0349121e+01	
   4.2200000e+00	   5.0000000e+00	   5.0812011e+01	  -1.8000000e+02	
   4.2300000e+00	   5.0000000e+00	   4.9140484e+01	  -1.8000000e+02	
   4.2400000e+00	   5.0000000e+00	   4.8006583e+01	  -1.8000000e+02	
   4.2500000e+00	   5.0000000e+00	   4.8710384e+01	  -1.8000000e+02	
   4.2600000e+00	   5.0000000e+00	   4.7635133e+01	  -1.7991211e+02	
   4.2700000e+00	   5.0000000e+00	   4.8837459e+01	  -1.7435303e+02	
   4.2800000e+00	   5.0000000e+00	   5.0508986e+01	  -1.7066162e+02	
   4.2900000e+00	   5.0000000e+00	   4.9531485e+01	  -1.7079346e+02	
   4.3000000e+00	   5.0000000e+00	   4.9199134e+01	  -1.6771729e+02	
   4.3100000e+00	   5.0000000e+00	   4.8710384e+01	  -1.6530029e+02	
   4.3200000e+00	   5.0000000e+00	   4.7850183e+01	  -1.6040039e+02	
   4.3300000e+00	   5.0000000e+00	   4.8857009e+01	  -1.5402832e+02	
   4.3400000e+00	   5.0000000e+00	   4.6950882e+01	  -1.5468750e+02	
   4.3500000e+00	   5.0000000e+00	   4.8827684e+01	  -1.4794189e+02	
   4.3600000e+00	   5.0000000e+00	   4.9805185e+01	  -1.4800781e+02	
   4.3700000e+00	   5.0000000e+00	   5.0069110e+01	  -1.4403076e+02	
   4.3800000e+00	   5.0000000e+00	   4.8182533e+01	  -1.4211914e+02	
   4.3900000e+00	   5.0000000e+00	   4.9179584e+01	  -1.3880127e+02	
   4.4000000e+00	   5.0000000e+00	   4.6921557e+01	  -1.3563721e+02	
   4.4100000e+00	   5.0000000e+00	   4.8514884e+01	  -1.3249512e+02	
   4.4200000e+00	   5.0000000e+00	   4.9130709e+01	  -1.3060547e+02	
   4.4300000e+00	   5.0000000e+00	   4.8935209e+01	  -1.2873779e+02	
   4.4400000e+00	   5.0000000e+00	   4.8866784e+01	  -1.2344238e+02	
   4.4500000e+00	   5.0000000e+00	   4.9502160e+01	  -1.1876221e+02	
   4.4600000e+00	   5.0000000e+00	   4.9990910e+01	  -1.1698242e+02	
   4.4700000e+00	   5.0000000e+00	   4.8387809e+01	  -1.1401611e+02	
   4.4800000e+00	   5.0000000e+00	   4.8534434e+01	  -1.0948975e+02	
   4.4900000e+00	   5.0000000e+00	   4.8329158e+01	  -1.0812744e+02	
   4.5000000e+00	   5.0000000e+00	   4.7811083e+01	  -1.0494141e+02	
   4.5100000e+00	   5.0000000e+00	   4.8749484e+01	  -1.0089844e+02	
   4.5200000e+00	   5.0000000e+00	   4.9560810e+01	  -9.8964844e+01	
   4.5300000e+00	   5.0000000e+00	   4.9120934e+01	  -9.7207031e+01	
   4.5400000e+00	   5.0000000e+00	   4.8290058e+01	  -9.3229980e+01	
   4.5500000e+00	   5.0000000e+00	   5.0176635e+01	  -8.9582520e+01	
   4.5600000e+00	   5.0000000e+00	   4.7596033e+01	  -8.6989746e+01	
   4.5700000e+00	   5.0000000e+00	   4.8456234e+01	  -8.4704590e+01	
   4.5800000e+00	   5.0000000e+00	   4.6980207e+01	  -8.2001953e+01	
   4.5900000e+00	   5.0000000e+00	   4.8808134e+01	  -7.7673340e+01	
   4.6000000e+00	   5.0000000e+00	   4.8602859e+01	  -7.5717773e+01	
   4.6100000e+00	   5.0000000e+00	   4.7185482e+01	  -7.2883301e+01	
   4.6200000e+00	   5.0000000e+00	   4.8446459e+01	  -7.0048828e+01	
   4.6300000e+00	   5.0000000e+00	   4.9111159e+01	  -6.5500488e+01	
   4.6400000e+00	   5.0000000e+00	   4.8593084e+01	  -6.2973633e+01	
   4.6500000e+00	   5.0000000e+00	   4.7038857e+01	  -6.0073242e+01	
   4.6600000e+00	   5.0000000e+00	   4.7674233e+01	  -5.9260254e+01	
   4.6700000e+00	   5.0000000e+00	   4.9140484e+01	  -5.5876465e+01	
   4.6800000e+00	   5.0000000e+00	   4.8944984e+01	  -5.1328125e+01	
   4.6900000e+00	   5.0000000e+00	   4.8798359e+01	  -4.9746094e+01	
   4.7000000e+00	   5.0000000e+00	   4.8739709e+01	  -4.4494629e+01	
   4.7100000e+00	   5.0000000e+00	   4.9639010e+01	  -4.3813477e+01	
   4.7200000e+00	   5.0000000e+00	   4.9296884e+01	  -4.0166016e+01	
   4.7300000e+00	   5.0000000e+00	   4.9961585e+01	  -3.7749023e+01	
   4.7400000e+00	   5.0000000e+00	   4.8935209e+01	  -3.3859863e+01	
   4.7500000e+00	   5.0000000e+00	   4.9335984e+01	  -3.1596680e+01	
   4.7600000e+00	   5.0000000e+00	   4.9961585e+01	  -2.8300781e+01	
   4.7700000e+00	   5.0000000e+00	   4.9375084e+01	  -2.3005371e+01	
   4.7800000e+00	   5.0000000e+00	   4.9062284e+01	  -2.4873047e+01	
   4.7900000e+00	   5.0000000e+00	   4.9013409e+01	  -2.1467285e+01	
   4.8000000e+00	   5.0000000e+00	   4.7938158e+01	  -1.5908203e+01	
   4.8100000e+00	   5.0000000e+00	   4.8788584e+01	  -1.2722168e+01	
   4.8200000e+00	   5.0000000e+00	   4.6921557e+01	  -1.1425781e+01	
   4.8300000e+00	   5.0000000e+00	   4.8436684e+01	  -1.0437012e+01	
   4.8400000e+00	   5.0000000e+00	   4.6794482e+01	  -3.5595703e+00	
   4.8500000e+00	   5.0000000e+00	   4.7498283e+01	  -2.6367188e+00	
   4.8600000e+00	   5.0000000e+00	   4.7459183e+01	   3.2958984e-01	
   4.8700000e+00	   5.0000000e+00	   4.8925434e+01	   3.7573242e+00	
   4.8800000e+00	   5.0000000e+00	   4.9492385e+01	   7.5366211e+00	
   4.8900000e+00	   5.0000000e+00	   4.9990910e+01	   1.1337891e+01	
   4.9000000e+00	   5.0000000e+00	   4.9189359e+01	   1.4655762e+01	
   4.9100000e+00	   5.0000000e+00	   4.8016358e+01	   1.3666992e+01	
   4.9200000e+00	   5.0000000e+00	   4.8935209e+01	   1.9489746e+01	
   4.9300000e+00	   5.0000000e+00	   4.8192308e+01	   1.8083496e+01	
   4.9400000e+00	   5.0000000e+00	   4.7820858e+01	   2.4147949e+01	
   4.9500000e+00	   5.0000000e+00	   4.8749484e+01	   2.7685547e+01	
   4.9600000e+00	   5.0000000e+00	   4.8876559e+01	   3.2497559e+01	
   4.9700000e+00	   5.0000000e+00	   4.7185482e+01	   3.1992188e+01	
   4.9800000e+00	   5.0000000e+00	   4.8935209e+01	   3.8034668e+01	
   4.9900000e+00	   5.0000000e+00	   4.7977258e+01	   3.8518066e+01	
   5.0000000e+00	   5.0000000e+00	   4.9296884e+01	   4.4736328e+01	
   5.0100000e+00	   5.0000000e+00	   4.8368259e+01	   4.7526855e+01	
   5.0200000e+00	   5.0000000e+00	   4.9433735e+01	   5.0844727e+01	
   5.0300000e+00	   5.0000000e+00	   4.9072059e+01	   5.5437012e+01	
   5.0400000e+00	   5.0000000e+00	   4.7664458e+01	   5.6162109e+01	
   5.0500000e+00	   5.0000000e+00	   4.8290058e+01	   5.9919434e+01	
   5.0600000e+00	   5.0000000e+00	   5.0684936e+01	   6.0117188e+01	
   5.0700000e+00	   5.0000000e+00	   4.6941107e+01	   6.5742188e+01	
   5.0800000e+00	   5.0000000e+00	   4.9023184e+01	   6.7697754e+01	
   5.0900000e+00	   5.0000000e+00	   4.6931332e+01	   7.0312500e+01	
   5.1000000e+00	   5.0000000e+00	   4.8231408e+01	   7.4619141e+01	
   5.1100000e+00	   5.0000000e+00	   4.8397584e+01	   7.9057617e+01	
   5.1200000e+00	   5.0000000e+00	   4.9316434e+01	   8.2485352e+01	
   5.1300000e+00	   5.0000000e+00	   4.7107282e+01	   8.3210449e+01	
   5.1400000e+00	   5.0000000e+00	   4.8407359e+01	   8.4440918e+01	
   5.1500000e+00	   5.0000000e+00	   4.7996808e+01	   8.8945313e+01	
   5.1600000e+00	   5.0000000e+00	   4.7508058e+01	   9.3515625e+01	
   5.1700000e+00	   5.0000000e+00	   4.9648785e+01	   9.7844238e+01	
   5.1800000e+00	   5.0000000e+00	   4.8583309e+01	   1.0083252e+02	
   5.1900000e+00	   5.0000000e+00	   4.8231408e+01	   1.0164551e+02	
   5.2000000e+00	   5.0000000e+00	   4.8172758e+01	   1.1080811e+02	
   5.2100000e+00	   5.0000000e+00	   4.8280283e+01	   1.1045654e+02	
   5.2200000e+00	   5.0000000e+00	   4.9326209e+01	   1.1342285e+02	
   5.2300000e+00	   5.0000000e+00	   4.8231408e+01	   1.1463135e+02	
   5.2400000e+00	   5.0000000e+00	   4.7830633e+01	   1.1601563e+02	
   5.2500000e+00	   5.0000000e+00	   4.8319383e+01	   1.1843262e+02	
   5.2600000e+00	   5.0000000e+00	   4.9032959e+01	   1.2605713e+02	
   5.2700000e+00	   5.0000000e+00	   4.8299833e+01	   1.2827637e+02	
   5.2800000e+00	   5.0000000e+00	   4.8466009e+01	   1.3108887e+02	
   5.2900000e+00	   5.0000000e+00	   4.8524659e+01	   1.3888916e+02	
   5.3000000e+00	   5.0000000e+00	   4.9834510e+01	   1.3864746e+02	
   5.3100000e+00	   5.0000000e+00	   4.8250958e+01	   1.4095459e+02	
   5.3200000e+00	   5.0000000e+00	   4.9775860e+01	   1.4556885e+02	
   5.3300000e+00	   5.0000000e+00	   4.9492385e+01	   1.4829346e+02	
   5.3400000e+00	   5.0000000e+00	   4.7899058e+01	   1.4820557e+02	
   5.3500000e+00	   5.0000000e+00	   5.0528536e+01	   1.5249023e+02	
   5.3600000e+00	   5.0000000e+00	   4.8847234e+01	   1.5985107e+02	
   5.3700000e+00	   5.0000000e+00	   4.8827684e+01	   1.6255371e+02	
   5.3800000e+00	   5.0000000e+00	   4.8387809e+01	   1.6325684e+02	
   5.3900000e+00	   5.0000000e+00	   4.8553984e+01	   1.6982666e+02	
   5.4000000e+00	   5.0000000e+00	   4.8182533e+01	   1.7371582e+02	
   5.4100000e+00	   5.0000000e+00	   4.7332108e+01	   1.7578125e+02	
   5.4200000e+00	   5.0000000e+00	   4.8915659e+01	   1.7597900e+02	
   5.4300000e+00	   5.0000000e+00	   4.9248009e+01	   1.7551758e+02	
   5.4400000e+00	   5.0000000e+00	   4.9824735e+01	   1.7749512e+02	
   5.4500000e+00	   5.0000000e+00	   4.6941107e+01	  -1.4040527e+01	
   5.4600000e+00	   5.0000000e+00	   4.8211858e+01	  -1.8000000e+02	
   5.4700000e+00	   5.0000000e+00	   4.9678110e+01	  -1.8000000e+02	
   5.4800000e+00	   5.0000000e+00	   4.8974309e+01	  -1.8000000e+02	
   5.4900000e+00	   5.0000000e+00	   5.0078885e+01	  -1.8000000e+02	
   5.5000000e+00	   5.0000000e+00	   4.9951810e+01	  -1.7529785e+02	
   5.5100000e+00	   5.0000000e+00	   4.7351658e+01	  -1.7606689e+02	
   5.5200000e+00	   5.0000000e+00	   4.9316434e+01	  -1.7149658e+02	
   5.5300000e+00	   5.0000000e+00	   4.9248009e+01	  -1.6749756e+02	
   5.5400000e+00	   5.0000000e+00	   4.9257784e+01	  -1.6523438e+02	
   5.5500000e+00	   5.0000000e+00	   4.8876559e+01	  -1.6158691e+02	
   5.5600000e+00	   5.0000000e+00	   5.0137535e+01	  -1.5842285e+02	
   5.5700000e+00	   5.0000000e+00	   4.8925434e+01	  -1.5481934e+02	
   5.5800000e+00	   5.0000000e+00	   4.8993859e+01	  -1.5143555e+02	
   5.5900000e+00	   5.0000000e+00	   4.8153208e+01	  -1.5097412e+02	
   5.6000000e+00	   5.0000000e+00	   4.7420083e+01	  -1.4789795e+02	
   5.6100000e+00	   5.0000000e+00	   4.8857009e+01	  -1.4570068e+02	
   5.6200000e+00	   5.0000000e+00	   5.0205960e+01	  -1.3921875e+02	
   5.6300000e+00	   5.0000000e+00	   4.8387809e+01	  -1.3787842e+02	
   5.6400000e+00	   5.0000000e+00	   4.8690834e+01	  -1.3666992e+02	
   5.6500000e+00	   5.0000000e+00	   4.7410308e+01	  -1.3126465e+02	
   5.6600000e+00	   5.0000000e+00	   4.8436684e+01	  -1.2864990e+02	
   5.6700000e+00	   5.0000000e+00	   4.8729934e+01	  -1.2368408e+02	
   5.6800000e+00	   5.0000000e+00	   4.7136607e+01	  -1.2355225e+02	
   5.6900000e+00	   5.0000000e+00	   4.9599910e+01	  -1.1970703e+02	
   5.7000000e+00	   5.0000000e+00	   4.9433735e+01	  -1.1496094e+02	
   5.7100000e+00	   5.0000000e+00	   4.9052509e+01	  -1.1443359e+02	
   5.7200000e+00	   5.0000000e+00	   4.9032959e+01	  -1.1175293e+02	
   5.7300000e+00	   5.0000000e+00	   5.0030010e+01	  -1.0716064e+02	
   5.7400000e+00	   5.0000000e+00	   4.9472835e+01	  -1.0316162e+02	
   5.7500000e+00	   5.0000000e+00	   4.8798359e+01	  -1.0144775e+02	
   5.7600000e+00	   5.0000000e+00	   4.8905884e+01	  -9.7119141e+01	
   5.7700000e+00	   5.0000000e+00	   4.7830633e+01	  -9.5910645e+01	
   5.7800000e+00	   5.0000000e+00	   4.8211858e+01	  -9.2746582e+01	
   5.7900000e+00	   5.0000000e+00	   4.8788584e+01	  -9.0175781e+01	
   5.8000000e+00	   5.0000000e+00	   4.7420083e+01	  -8.6572266e+01	
   5.8100000e+00	   5.0000000e+00	   4.8739709e+01	  -8.4309082e+01	
   5.8200000e+00	   5.0000000e+00	   5.0362360e+01	  -7.9716797e+01	
   5.8300000e+00	   5.0000000e+00	   5.0108210e+01	  -7.7915039e+01	
   5.8400000e+00	   5.0000000e+00	   5.0127760e+01	  -7.4025879e+01	
   5.8500000e+00	   5.0000000e+00	   4.8944984e+01	  -7.0708008e+01	
   5.8600000e+00	   5.0000000e+00	   5.0508986e+01	  -7.0114746e+01	
   5.8700000e+00	   5.0000000e+00	   4.7517833e+01	  -6.6291504e+01	
   5.8800000e+00	   5.0000000e+00	   4.8808134e+01	  -6.3105469e+01	
   5.8900000e+00	   5.0000000e+00	   4.9873610e+01	  -5.8491211e+01	
   5.9000000e+00	   5.0000000e+00	   4.8749484e+01	  -5.7326660e+01	
   5.9100000e+00	   5.0000000e+00	   4.8378034e+01	  -5.4316406e+01	
   5.9200000e+00	   5.0000000e+00	   4.9863835e+01	  -5.1306152e+01	
   5.9300000e+00	   5.0000000e+00	   4.8505109e+01	  -4.7680664e+01	
   5.9400000e+00	   5.0000000e+00	   4.8671284e+01	  -4.5549316e+01	
   5.9500000e+00	   5.0000000e+00	   4.7478733e+01	  -4.3615723e+01	
   5.9600000e+00	   5.0000000e+00	   4.8769034e+01	  -3.9001465e+01	
   5.9700000e+00	   5.0000000e+00	   4.7117057e+01	  -3.6298828e+01	
   5.9800000e+00	   5.0000000e+00	   4.8827684e+01	  -3.3376465e+01	
   5.9900000e+00	   5.0000000e+00	   5.0000685e+01	  -2.9948730e+01	
   6.0000000e+00	   5.0000000e+00	   4.9492385e+01	  -2.6323242e+01	
