   0.0000000e+00	  -1.1714871e+00	  -3.6688215e-03	  -6.8400879e+01	  -2.1421543e-01	
   1.0000000e-02	  -1.6309126e+00	  -1.2422297e-02	  -6.8928223e+01	  -6.4295605e-01	
   2.0000000e-02	  -1.6602376e+00	  -2.2651596e-02	  -6.8554688e+01	  -1.0694929e+00	
   3.0000000e-02	  -2.5790884e+00	  -3.5786286e-02	  -6.7280273e+01	  -1.4881972e+00	
   4.0000000e-02	  -3.1851390e+00	  -5.3614339e-02	  -6.9982910e+01	  -1.9087518e+00	
   5.0000000e-02	  -3.7032145e+00	  -7.4851223e-02	  -6.9016113e+01	  -2.3321084e+00	
   6.0000000e-02	  -5.2867659e+00	  -1.0253689e-01	  -7.1147461e+01	  -2.7564605e+00	
   7.0000000e-02	  -5.8146164e+00	  -1.3666156e-01	  -6.9719238e+01	  -3.1803566e+00	
   8.0000000e-02	  -5.5409162e+00	  -1.7136843e-01	  -6.9982910e+01	  -3.5979505e+00	
   9.0000000e-02	  -7.1146926e+00	  -2.0992944e-01	  -6.8400879e+01	  -4.0088001e+00	
   1.0000000e-01	  -7.1342426e+00	  -2.5323884e-01	  -7.2487793e+01	  -4.4249209e+00	
   1.1000000e-01	  -8.0824185e+00	  -2.9930767e-01	  -7.2092285e+01	  -4.8499960e+00	
   1.2000000e-01	  -7.5741180e+00	  -3.4646553e-01	  -7.2421875e+01	  -5.2722022e+00	
   1.3000000e-01	  -1.0125395e+01	  -3.9972614e-01	  -7.2707520e+01	  -5.6936907e+00	
   1.4000000e-01	  -1.0907396e+01	  -4.6309218e-01	  -7.3981934e+01	  -6.1174249e+00	
   1.5000000e-01	  -1.1601422e+01	  -5.3068390e-01	  -7.4465332e+01	  -6.5440100e+00	
   1.6000000e-01	  -1.2549598e+01	  -6.0299525e-01	  -7.5893555e+01	  -6.9739100e+00	
   1.7000000e-01	  -1.2598473e+01	  -6.7797620e-01	  -7.5607910e+01	  -7.4046956e+00	
   1.8000000e-01	  -1.2852623e+01	  -7.5343650e-01	  -7.6223145e+01	  -7.8338151e+00	
   1.9000000e-01	  -1.4885825e+01	  -8.3558761e-01	  -7.7145996e+01	  -8.2650638e+00	
   2.0000000e-01	  -1.4357974e+01	  -9.2193857e-01	  -7.8266602e+01	  -8.7000110e+00	
   2.1000000e-01	  -1.4973800e+01	  -1.0080242e+00	  -7.9606934e+01	  -9.1399409e+00	
   2.2000000e-01	  -1.6723526e+01	  -1.1009789e+00	  -8.0266113e+01	  -9.5833773e+00	
   2.3000000e-01	  -1.7163402e+01	  -1.2002088e+00	  -7.9848633e+01	  -1.0024793e+01	
   2.4000000e-01	  -1.6743076e+01	  -1.2988784e+00	  -8.1782227e+01	  -1.0468192e+01	
   2.5000000e-01	  -1.9059754e+01	  -1.4028688e+00	  -8.4177246e+01	  -1.0922370e+01	
   2.6000000e-01	  -1.9744004e+01	  -1.5156061e+00	  -8.5056152e+01	  -1.1383957e+01	
   2.7000000e-01	  -1.9098854e+01	  -1.6277598e+00	  -8.6220703e+01	  -1.1849052e+01	
   2.8000000e-01	  -2.0438030e+01	  -1.7413844e+00	  -8.7451172e+01	  -1.2318734e+01	
   2.9000000e-01	  -2.0672630e+01	  -1.8592261e+00	  -8.8220215e+01	  -1.2791737e+01	
   3.0000000e-01	  -2.2383257e+01	  -1.9824217e+00	  -9.0417480e+01	  -1.3271067e+01	
   3.1000000e-01	  -2.3243457e+01	  -2.1128968e+00	  -9.0878906e+01	  -1.3755721e+01	
   3.2000000e-01	  -2.2696057e+01	  -2.2435344e+00	  -9.1889648e+01	  -1.4241949e+01	
   3.3000000e-01	  -2.3575808e+01	  -2.3743945e+00	  -9.4680176e+01	  -1.4737037e+01	
   3.4000000e-01	  -2.4269833e+01	  -2.5093637e+00	  -9.5317383e+01	  -1.5239759e+01	
   3.5000000e-01	  -2.4778134e+01	  -2.6472529e+00	  -9.5712891e+01	  -1.5742566e+01	
   3.6000000e-01	  -2.4651059e+01	  -2.7854723e+00	  -9.8107910e+01	  -1.6250963e+01	
   3.7000000e-01	  -2.5706760e+01	  -2.9257343e+00	  -1.0021729e+02	  -1.6770282e+01	
   3.8000000e-01	  -2.6117310e+01	  -3.0697096e+00	  -9.9602051e+01	  -1.7291028e+01	
   3.9000000e-01	  -2.6635386e+01	  -3.2156914e+00	  -1.0395264e+02	  -1.7820211e+01	
   4.0000000e-01	  -2.7348961e+01	  -3.3646161e+00	  -1.0527100e+02	  -1.8363832e+01	
   4.1000000e-01	  -2.6019560e+01	  -3.5106793e+00	  -1.0518311e+02	  -1.8907903e+01	
   4.2000000e-01	  -2.8502412e+01	  -3.6594401e+00	  -1.0768799e+02	  -1.9456135e+01	
   4.3000000e-01	  -2.8737013e+01	  -3.8157794e+00	  -1.0986328e+02	  -2.0015590e+01	
   4.4000000e-01	  -2.9831814e+01	  -3.9753029e+00	  -1.1206055e+02	  -2.0585235e+01	
   4.5000000e-01	  -2.9665638e+01	  -4.1367355e+00	  -1.1366455e+02	  -2.1163216e+01	
   4.6000000e-01	  -2.9880689e+01	  -4.2973100e+00	  -1.1474121e+02	  -2.1745973e+01	
   4.7000000e-01	  -3.0770214e+01	  -4.4603380e+00	  -1.1707031e+02	  -2.2335745e+01	
   4.8000000e-01	  -3.1474015e+01	  -4.6273348e+00	  -1.1975098e+02	  -2.2937513e+01	
   4.9000000e-01	  -3.2128941e+01	  -4.7975408e+00	  -1.2243164e+02	  -2.3552302e+01	
   5.0000000e-01	  -3.2686116e+01	  -4.9704768e+00	  -1.2407959e+02	  -2.4176797e+01	
   5.1000000e-01	  -3.3301942e+01	  -5.1460031e+00	  -1.2533203e+02	  -2.4806463e+01	
   5.2000000e-01	  -3.3595192e+01	  -5.3232770e+00	  -1.2746338e+02	  -2.5442783e+01	
   5.3000000e-01	  -3.3174867e+01	  -5.4990426e+00	  -1.3135254e+02	  -2.6093972e+01	
   5.4000000e-01	  -3.4142593e+01	  -5.6754216e+00	  -1.3183594e+02	  -2.6754776e+01	
   5.5000000e-01	  -3.4699768e+01	  -5.8554715e+00	  -1.3583496e+02	  -2.7425478e+01	
   5.6000000e-01	  -3.4484718e+01	  -6.0354650e+00	  -1.3702148e+02	  -2.8108220e+01	
   5.7000000e-01	  -3.5305819e+01	  -6.2162292e+00	  -1.3932861e+02	  -2.8797627e+01	
   5.8000000e-01	  -3.4817068e+01	  -6.3969021e+00	  -1.4152588e+02	  -2.9496822e+01	
   5.9000000e-01	  -3.5667494e+01	  -6.5775759e+00	  -1.4449219e+02	  -3.0207809e+01	
   6.0000000e-01	  -3.5882544e+01	  -6.7604549e+00	  -1.4490967e+02	  -3.0924940e+01	
   6.1000000e-01	  -3.5921644e+01	  -6.9429844e+00	  -1.4750244e+02	  -3.1647007e+01	
   6.2000000e-01	  -3.6469045e+01	  -7.1262074e+00	  -1.5174316e+02	  -3.2385951e+01	
   6.3000000e-01	  -3.7084870e+01	  -7.3119257e+00	  -1.5314941e+02	  -3.3137953e+01	
   6.4000000e-01	  -3.7466096e+01	  -7.4996033e+00	  -1.5664307e+02	  -3.3900589e+01	
   6.5000000e-01	  -3.8345846e+01	  -7.6900545e+00	  -1.5697266e+02	  -3.4670422e+01	
   6.6000000e-01	  -3.8512022e+01	  -7.8825883e+00	  -1.6202637e+02	  -3.5452293e+01	
   6.7000000e-01	  -3.8551122e+01	  -8.0745591e+00	  -1.6378418e+02	  -3.6250598e+01	
   6.8000000e-01	  -3.8404496e+01	  -8.2649907e+00	  -1.6628906e+02	  -3.7057253e+01	
   6.9000000e-01	  -3.8062371e+01	  -8.4526989e+00	  -1.6844238e+02	  -3.7873444e+01	
   7.0000000e-01	  -3.9000772e+01	  -8.6410988e+00	  -1.6655273e+02	  -3.8685348e+01	
   7.1000000e-01	  -3.9372222e+01	  -8.8324208e+00	  -1.7182617e+02	  -3.9502765e+01	
   7.2000000e-01	  -3.8815047e+01	  -9.0219627e+00	  -1.7195801e+02	  -4.0331989e+01	
   7.3000000e-01	  -3.9157172e+01	  -9.2096440e+00	  -1.7518799e+02	  -4.1166548e+01	
   7.4000000e-01	  -4.0770049e+01	  -9.4022724e+00	  -1.8000000e+02	  -4.2021065e+01	
   7.5000000e-01	  -4.0261748e+01	  -9.5971534e+00	  -1.8000000e+02	  -4.2885300e+01	
   7.6000000e-01	  -4.1219699e+01	  -9.7922221e+00	  -1.8000000e+02	  -4.3744122e+01	
   7.7000000e-01	  -4.0750499e+01	  -9.9875995e+00	  -1.8000000e+02	  -4.4597564e+01	
   7.8000000e-01	  -4.1063299e+01	  -1.0181263e+01	  -1.8000000e+02	  -4.5445661e+01	
   7.9000000e-01	  -4.1776875e+01	  -1.0376929e+01	  -1.4062500e+01	  -4.5768769e+01	
   8.0000000e-01	  -4.1307674e+01	  -1.0572134e+01	   1.7499023e+02	  -4.4978107e+01	
   8.1000000e-01	  -4.1952825e+01	  -1.0766667e+01	   1.7613281e+02	  -4.3596751e+01	
   8.2000000e-01	  -4.2597975e+01	  -1.0964023e+01	   1.7804443e+02	  -4.2214482e+01	
   8.3000000e-01	  -4.2334050e+01	  -1.1161337e+01	   1.7918701e+02	  -4.0831306e+01	
   8.4000000e-01	  -4.3116051e+01	  -1.1359037e+01	   1.7571533e+02	  -3.9464087e+01	
   8.5000000e-01	  -4.3145376e+01	  -1.1558040e+01	   1.7112305e+02	  -3.8130687e+01	
   8.6000000e-01	  -4.2656625e+01	  -1.1754357e+01	   1.6982666e+02	  -3.6824080e+01	
   8.7000000e-01	  -4.3409301e+01	  -1.1950272e+01	   1.6448730e+02	  -3.5546439e+01	
   8.8000000e-01	  -4.3546151e+01	  -1.2147745e+01	   1.6325684e+02	  -3.4297375e+01	
   8.9000000e-01	  -4.3497276e+01	  -1.2344256e+01	   1.6114746e+02	  -3.3066595e+01	
   9.0000000e-01	  -4.3692776e+01	  -1.2539997e+01	   1.5699463e+02	  -3.1863135e+01	
   9.1000000e-01	  -4.3487501e+01	  -1.2734480e+01	   1.5057861e+02	  -3.0700313e+01	
   9.2000000e-01	  -4.4552977e+01	  -1.2930439e+01	   1.5082031e+02	  -2.9564110e+01	
   9.3000000e-01	  -4.4074002e+01	  -1.3127008e+01	   1.4893066e+02	  -2.8440185e+01	
   9.4000000e-01	  -4.4660502e+01	  -1.3322682e+01	   1.4813965e+02	  -2.7331695e+01	
   9.5000000e-01	  -4.4562752e+01	  -1.3518661e+01	   1.4266846e+02	  -2.6249760e+01	
   9.6000000e-01	  -4.4885327e+01	  -1.3714117e+01	   1.3981201e+02	  -2.5200682e+01	
   9.7000000e-01	  -4.4973302e+01	  -1.3909634e+01	   1.3765869e+02	  -2.4173864e+01	
   9.8000000e-01	  -4.5198128e+01	  -1.4104907e+01	   1.3258301e+02	  -2.3176117e+01	
   9.9000000e-01	  -4.5403403e+01	  -1.4300303e+01	   1.3161621e+02	  -2.2203543e+01	
   1.0000000e+00	  -4.5520703e+01	  -1.4495485e+01	   1.2757324e+02	  -2.1252750e+01	
   1.0100000e+00	  -4.5706428e+01	  -1.4690394e+01	   1.2304688e+02	  -2.0334750e+01	
   1.0200000e+00	  -4.5774853e+01	  -1.4884878e+01	   1.2500244e+02	  -1.9430550e+01	
   1.0300000e+00	  -4.5960578e+01	  -1.5078940e+01	   1.1522461e+02	  -1.8556512e+01	
   1.0400000e+00	  -4.5765078e+01	  -1.5271756e+01	   1.1438965e+02	  -1.7721185e+01	
   1.0500000e+00	  -4.5843278e+01	  -1.5462997e+01	   1.1221436e+02	  -1.6900518e+01	
   1.0600000e+00	  -4.5911703e+01	  -1.5653499e+01	   1.0966553e+02	  -1.6099785e+01	
   1.0700000e+00	  -4.6488429e+01	  -1.5844828e+01	   1.0667725e+02	  -1.5321409e+01	
   1.0800000e+00	  -4.6459104e+01	  -1.6036673e+01	   1.0272217e+02	  -1.4569654e+01	
   1.0900000e+00	  -4.6449329e+01	  -1.6227194e+01	   1.0017334e+02	  -1.3842975e+01	
   1.1000000e+00	  -4.6586179e+01	  -1.6416920e+01	   9.5075684e+01	  -1.3144795e+01	
   1.1100000e+00	  -4.6938079e+01	  -1.6606988e+01	   9.4086914e+01	  -1.2470050e+01	
   1.1200000e+00	  -4.6742579e+01	  -1.6796356e+01	   9.2680664e+01	  -1.1807031e+01	
   1.1300000e+00	  -4.6928304e+01	  -1.6984506e+01	   8.8044434e+01	  -1.1167089e+01	
   1.1400000e+00	  -4.6957629e+01	  -1.7172152e+01	   8.9033203e+01	  -1.0542579e+01	
   1.1500000e+00	  -4.7221555e+01	  -1.7359541e+01	   8.2661133e+01	  -9.9388386e+00	
   1.1600000e+00	  -4.7309530e+01	  -1.7546858e+01	   7.9211426e+01	  -9.3696397e+00	
   1.1700000e+00	  -4.7358405e+01	  -1.7733430e+01	   7.6157227e+01	  -8.8243747e+00	
   1.1800000e+00	  -4.7270430e+01	  -1.7918712e+01	   7.2949219e+01	  -8.3021368e+00	
   1.1900000e+00	  -4.7524580e+01	  -1.8103353e+01	   7.4091797e+01	  -7.7896383e+00	
   1.2000000e+00	  -4.7632105e+01	  -1.8287970e+01	   6.7412109e+01	  -7.2976908e+00	
   1.2100000e+00	  -4.7651655e+01	  -1.8471829e+01	   6.3764648e+01	  -6.8411669e+00	
   1.2200000e+00	  -4.7651655e+01	  -1.8654598e+01	   6.0556641e+01	  -6.4089721e+00	
   1.2300000e+00	  -4.7905805e+01	  -1.8837018e+01	   5.9897461e+01	  -5.9915954e+00	
   1.2400000e+00	  -4.8844206e+01	  -1.9022030e+01	   5.3986816e+01	  -5.5974082e+00	
   1.2500000e+00	  -4.8003555e+01	  -1.9206189e+01	   5.1613770e+01	  -5.2316325e+00	
   1.2600000e+00	  -4.7915580e+01	  -1.9386287e+01	   5.2229004e+01	  -4.8736530e+00	
   1.2700000e+00	  -4.8257706e+01	  -1.9566052e+01	   4.4055176e+01	  -4.5415874e+00	
   1.2800000e+00	  -4.7524580e+01	  -1.9743467e+01	   4.3483887e+01	  -4.2389893e+00	
   1.2900000e+00	  -4.8414106e+01	  -1.9920261e+01	   4.2055664e+01	  -3.9445486e+00	
   1.3000000e+00	  -4.7886255e+01	  -2.0097080e+01	   3.7463379e+01	  -3.6708069e+00	
   1.3100000e+00	  -4.7935130e+01	  -2.0271291e+01	   3.4782715e+01	  -3.4215569e+00	
   1.3200000e+00	  -4.8766006e+01	  -2.0447166e+01	   3.1025391e+01	  -3.1940304e+00	
   1.3300000e+00	  -4.8247931e+01	  -2.0622920e+01	   2.8432617e+01	  -2.9878161e+00	
   1.3400000e+00	  -4.8697581e+01	  -2.0797358e+01	   2.6894531e+01	  -2.7958302e+00	
   1.3500000e+00	  -4.8560731e+01	  -2.0971683e+01	   2.2653809e+01	  -2.6231447e+00	
   1.3600000e+00	  -4.8668256e+01	  -2.1144825e+01	   1.9775391e+01	  -2.4738364e+00	
   1.3700000e+00	  -4.8169730e+01	  -2.1315657e+01	   1.7709961e+01	  -2.3409461e+00	
   1.3800000e+00	  -4.8736681e+01	  -2.1485634e+01	   1.3776855e+01	  -2.2276743e+00	
   1.3900000e+00	  -4.8023105e+01	  -2.1654087e+01	   1.1206055e+01	  -2.1354806e+00	
   1.4000000e+00	  -4.8638931e+01	  -2.1821179e+01	   4.8120117e+00	  -2.0719401e+00	
   1.4100000e+00	  -4.8668256e+01	  -2.1989244e+01	   6.6357422e+00	  -2.0231108e+00	
   1.4200000e+00	  -4.8541181e+01	  -2.2155951e+01	   3.2080078e+00	  -1.9796107e+00	
   1.4300000e+00	  -4.8247931e+01	  -2.2320297e+01	  -1.4501953e+00	  -1.9617063e+00	
   1.4400000e+00	  -4.8140405e+01	  -2.2482359e+01	  -3.6914063e+00	  -1.9655214e+00	
   1.4500000e+00	  -4.8511856e+01	  -2.2644232e+01	  -6.7895508e+00	  -1.9860342e+00	
   1.4600000e+00	  -4.8140405e+01	  -2.2805092e+01	  -8.4375000e+00	  -2.0212821e+00	
   1.4700000e+00	  -4.8717131e+01	  -2.2965586e+01	  -1.3183594e+01	  -2.0763339e+00	
   1.4800000e+00	  -4.8277256e+01	  -2.3125504e+01	  -1.5600586e+01	  -2.1534740e+00	
   1.4900000e+00	  -4.8697581e+01	  -2.3284359e+01	  -1.5095215e+01	  -2.2361177e+00	
   1.5000000e+00	  -4.8189280e+01	  -2.3441944e+01	  -2.1665039e+01	  -2.3372361e+00	
   1.5100000e+00	  -4.8668256e+01	  -2.3598450e+01	  -2.1049805e+01	  -2.4563696e+00	
   1.5200000e+00	  -4.8697581e+01	  -2.3755567e+01	  -2.7092285e+01	  -2.5917537e+00	
   1.5300000e+00	  -4.8805106e+01	  -2.3912129e+01	  -2.9135742e+01	  -2.7516131e+00	
   1.5400000e+00	  -4.8590056e+01	  -2.4067373e+01	  -3.3771973e+01	  -2.9313905e+00	
   1.5500000e+00	  -4.9235206e+01	  -2.4222992e+01	  -3.7507324e+01	  -3.1362596e+00	
   1.5600000e+00	  -4.8707356e+01	  -2.4378004e+01	  -3.7639160e+01	  -3.3519566e+00	
   1.5700000e+00	  -4.8550956e+01	  -2.4529901e+01	  -4.1923828e+01	  -3.5801340e+00	
   1.5800000e+00	  -4.8599831e+01	  -2.4680511e+01	  -4.2517090e+01	  -3.8221588e+00	
   1.5900000e+00	  -4.8766006e+01	  -2.4830851e+01	  -4.7373047e+01	  -4.0797333e+00	
   1.6000000e+00	  -4.9088581e+01	  -2.4981779e+01	  -5.1130371e+01	  -4.3626693e+00	
   1.6100000e+00	  -4.8658481e+01	  -2.5131426e+01	  -5.2250977e+01	  -4.6591096e+00	
   1.6200000e+00	  -4.9460032e+01	  -2.5281299e+01	  -5.6535645e+01	  -4.9706212e+00	
   1.6300000e+00	  -4.8990831e+01	  -2.5431274e+01	  -5.8886719e+01	  -5.3009632e+00	
   1.6400000e+00	  -4.9704407e+01	  -2.5581074e+01	  -6.2006836e+01	  -5.6463705e+00	
   1.6500000e+00	  -4.9450257e+01	  -2.5731376e+01	  -6.4687500e+01	  -6.0077811e+00	
   1.6600000e+00	  -4.9000606e+01	  -2.5878531e+01	  -6.7807617e+01	  -6.3850947e+00	
   1.6700000e+00	  -4.9196106e+01	  -2.6023969e+01	  -7.0400391e+01	  -6.7779364e+00	
   1.6800000e+00	  -4.9411157e+01	  -2.6169782e+01	  -7.3542480e+01	  -7.1862777e+00	
   1.6900000e+00	  -4.8756231e+01	  -2.6313304e+01	  -7.6025391e+01	  -7.6096776e+00	
   1.7000000e+00	  -4.9264531e+01	  -2.6455468e+01	  -7.9584961e+01	  -8.0493491e+00	
   1.7100000e+00	  -4.9342732e+01	  -2.6598578e+01	  -8.2067871e+01	  -8.5051903e+00	
   1.7200000e+00	  -4.9645757e+01	  -2.6741986e+01	  -8.5231934e+01	  -8.9758613e+00	
   1.7300000e+00	  -4.8658481e+01	  -2.6882352e+01	  -8.7846680e+01	  -9.4616822e+00	
   1.7400000e+00	  -4.8912631e+01	  -2.7019543e+01	  -9.2175293e+01	  -9.9662050e+00	
   1.7500000e+00	  -4.9225431e+01	  -2.7157651e+01	  -9.3186035e+01	  -1.0484289e+01	
   1.7600000e+00	  -4.8570506e+01	  -2.7293822e+01	  -9.7185059e+01	  -1.1014818e+01	
   1.7700000e+00	  -4.8814881e+01	  -2.7427855e+01	  -9.9338379e+01	  -1.1561292e+01	
   1.7800000e+00	  -4.8560731e+01	  -2.7561017e+01	  -1.0239258e+02	  -1.2120651e+01	
   1.7900000e+00	  -4.8560731e+01	  -2.7692549e+01	  -1.0472168e+02	  -1.2693366e+01	
   1.8000000e+00	  -4.8423881e+01	  -2.7822829e+01	  -1.0854492e+02	  -1.3281761e+01	
   1.8100000e+00	  -4.8502081e+01	  -2.7952109e+01	  -1.1072021e+02	  -1.3885257e+01	
   1.8200000e+00	  -4.8570506e+01	  -2.8081039e+01	  -1.1485107e+02	  -1.4504723e+01	
   1.8300000e+00	  -4.8902856e+01	  -2.8210416e+01	  -1.1713623e+02	  -1.5140402e+01	
   1.8400000e+00	  -4.8619381e+01	  -2.8339136e+01	  -1.1999268e+02	  -1.5788201e+01	
   1.8500000e+00	  -4.8971281e+01	  -2.8467264e+01	  -1.2137695e+02	  -1.6445224e+01	
   1.8600000e+00	  -4.9020156e+01	  -2.8595844e+01	  -1.2574951e+02	  -1.7116161e+01	
   1.8700000e+00	  -4.8922406e+01	  -2.8723467e+01	  -1.2961670e+02	  -1.7808700e+01	
   1.8800000e+00	  -4.9323182e+01	  -2.8851238e+01	  -1.3183594e+02	  -1.8515963e+01	
   1.8900000e+00	  -4.8795331e+01	  -2.8977812e+01	  -1.3675781e+02	  -1.9241160e+01	
   1.9000000e+00	  -4.9157006e+01	  -2.9103072e+01	  -1.3895508e+02	  -1.9984110e+01	
   1.9100000e+00	  -4.8570506e+01	  -2.9226844e+01	  -1.4178955e+02	  -2.0738165e+01	
   1.9200000e+00	  -4.8541181e+01	  -2.9347911e+01	  -1.4411865e+02	  -2.1503668e+01	
   1.9300000e+00	  -4.8873531e+01	  -2.9469170e+01	  -1.4855713e+02	  -2.2285570e+01	
   1.9400000e+00	  -4.8609606e+01	  -2.9589883e+01	  -1.4895264e+02	  -2.3077715e+01	
   1.9500000e+00	  -4.8941956e+01	  -2.9710055e+01	  -1.5536865e+02	  -2.3886229e+01	
   1.9600000e+00	  -4.8590056e+01	  -2.9829412e+01	  -1.5596191e+02	  -2.4711631e+01	
   1.9700000e+00	  -4.9244981e+01	  -2.9948971e+01	  -1.6007080e+02	  -2.5546589e+01	
   1.9800000e+00	  -4.8590056e+01	  -3.0067781e+01	  -1.6261963e+02	  -2.6397168e+01	
   1.9900000e+00	  -4.8599831e+01	  -3.0183826e+01	  -1.6756348e+02	  -2.7265884e+01	
   2.0000000e+00	  -4.8482531e+01	  -3.0298808e+01	  -1.6778320e+02	  -2.8145330e+01	
   2.0100000e+00	  -4.8629156e+01	  -3.0413162e+01	  -1.7219971e+02	  -2.9033787e+01	
   2.0200000e+00	  -4.8599831e+01	  -3.0527166e+01	  -1.7318848e+02	  -2.9933608e+01	
   2.0300000e+00	  -4.8922406e+01	  -3.0641375e+01	  -1.8000000e+02	  -3.0852221e+01	
   2.0400000e+00	  -4.8971281e+01	  -3.0756032e+01	  -1.8000000e+02	  -3.1786412e+01	
   2.0500000e+00	  -4.8756231e+01	  -3.0869450e+01	  -1.8000000e+02	  -3.2714752e+01	
   2.0600000e+00	  -4.9635982e+01	  -3.0984240e+01	  -1.8000000e+02	  -3.3637277e+01	
   2.0700000e+00	  -4.8756231e+01	  -3.1098310e+01	  -1.2216797e+01	  -3.4028567e+01	
   2.0800000e+00	  -4.8746456e+01	  -3.1208881e+01	  -9.8876953e+00	  -3.3884654e+01	
   2.0900000e+00	  -4.8873531e+01	  -3.1319126e+01	   1.7920898e+02	  -3.3142142e+01	
   2.1000000e+00	  -4.8863756e+01	  -3.1429047e+01	   1.7846191e+02	  -3.1814415e+01	
   2.1100000e+00	  -4.8726906e+01	  -3.1537822e+01	   1.7639648e+02	  -3.0503811e+01	
   2.1200000e+00	  -4.8922406e+01	  -3.1646098e+01	   1.7336426e+02	  -2.9217382e+01	
   2.1300000e+00	  -4.8814881e+01	  -3.1753972e+01	   1.7362793e+02	  -2.7947680e+01	
   2.1400000e+00	  -4.8717131e+01	  -3.1860528e+01	   1.6411377e+02	  -2.6714902e+01	
   2.1500000e+00	  -4.9264531e+01	  -3.1967824e+01	   1.6444336e+02	  -2.5518609e+01	
   2.1600000e+00	  -4.8814881e+01	  -3.2074754e+01	   1.5910400e+02	  -2.4345498e+01	
   2.1700000e+00	  -4.9909682e+01	  -3.2183035e+01	   1.5890625e+02	  -2.3197076e+01	
   2.1800000e+00	  -4.9078806e+01	  -3.2291464e+01	   1.5152344e+02	  -2.2079588e+01	
   2.1900000e+00	  -4.9557782e+01	  -3.2398112e+01	   1.4908447e+02	  -2.0999859e+01	
   2.2000000e+00	  -4.9469807e+01	  -3.2505317e+01	   1.4796387e+02	  -1.9938040e+01	
   2.2100000e+00	  -4.9548007e+01	  -3.2611819e+01	   1.4040527e+02	  -1.8910053e+01	
   2.2200000e+00	  -4.8824656e+01	  -3.2715634e+01	   1.3908691e+02	  -1.7916306e+01	
   2.2300000e+00	  -4.9508907e+01	  -3.2818676e+01	   1.3772461e+02	  -1.6937178e+01	
   2.2400000e+00	  -4.9772832e+01	  -3.2924043e+01	   1.3346191e+02	  -1.5981800e+01	
   2.2500000e+00	  -4.9381832e+01	  -3.3028351e+01	   1.3016602e+02	  -1.5056077e+01	
   2.2600000e+00	  -4.9069031e+01	  -3.3129802e+01	   1.2810059e+02	  -1.4152942e+01	
   2.2700000e+00	  -4.8922406e+01	  -3.3229178e+01	   1.2225586e+02	  -1.3280238e+01	
   2.2800000e+00	  -4.9254756e+01	  -3.3328514e+01	   1.2065186e+02	  -1.2436327e+01	
   2.2900000e+00	  -4.9049481e+01	  -3.3427626e+01	   1.1583984e+02	  -1.1617795e+01	
   2.3000000e+00	  -4.9831482e+01	  -3.3527923e+01	   1.1427979e+02	  -1.0824347e+01	
   2.3100000e+00	  -4.8981056e+01	  -3.3627377e+01	   1.0832520e+02	  -1.0059402e+01	
   2.3200000e+00	  -4.8912631e+01	  -3.3723331e+01	   1.0935791e+02	  -9.3146621e+00	
   2.3300000e+00	  -4.9782607e+01	  -3.3821194e+01	   1.0419434e+02	  -8.5875242e+00	
   2.3400000e+00	  -4.9772832e+01	  -3.3921139e+01	   1.0263428e+02	  -7.8859975e+00	
   2.3500000e+00	  -4.9733732e+01	  -3.4020304e+01	   9.7602539e+01	  -7.2095089e+00	
   2.3600000e+00	  -4.9372057e+01	  -3.4117592e+01	   9.6525879e+01	  -6.5563875e+00	
   2.3700000e+00	  -4.9352507e+01	  -3.4213078e+01	   9.5866699e+01	  -5.9127932e+00	
   2.3800000e+00	  -4.9733732e+01	  -3.4309098e+01	   9.3229980e+01	  -5.2835520e+00	
   2.3900000e+00	  -4.9332957e+01	  -3.4404456e+01	   8.7341309e+01	  -4.6849516e+00	
   2.4000000e+00	  -4.9235206e+01	  -3.4497655e+01	   7.9387207e+01	  -4.1334529e+00	
   2.4100000e+00	  -4.9479582e+01	  -3.4590729e+01	   7.9387207e+01	  -3.6103188e+00	
   2.4200000e+00	  -4.9391607e+01	  -3.4683710e+01	   7.7739258e+01	  -3.0956225e+00	
   2.4300000e+00	  -4.9508907e+01	  -3.4776201e+01	   7.4443359e+01	  -2.5996329e+00	
   2.4400000e+00	  -4.9088581e+01	  -3.4867163e+01	   7.4729004e+01	  -2.1161773e+00	
   2.4500000e+00	  -4.9039706e+01	  -3.4956086e+01	   6.3874512e+01	  -1.6688491e+00	
   2.4600000e+00	  -4.9870582e+01	  -3.5046902e+01	   6.3281250e+01	  -1.2601743e+00	
   2.4700000e+00	  -4.9215656e+01	  -3.5137699e+01	   6.2072754e+01	  -8.5970199e-01	
   2.4800000e+00	  -4.9508907e+01	  -3.5226795e+01	   5.7238770e+01	  -4.8066166e-01	
   2.4900000e+00	  -4.9567557e+01	  -3.5316435e+01	   5.4514160e+01	  -1.2766719e-01	
   2.5000000e+00	  -5.0388657e+01	  -3.5408269e+01	   5.2031250e+01	   2.0680756e-01	
   2.5100000e+00	  -4.9557782e+01	  -3.5499497e+01	   4.8669434e+01	   5.2088301e-01	
   2.5200000e+00	  -5.0232257e+01	  -3.5589664e+01	   4.4252930e+01	   8.0863138e-01	
   2.5300000e+00	  -4.9831482e+01	  -3.5680123e+01	   3.9990234e+01	   1.0673962e+00	
   2.5400000e+00	  -4.9254756e+01	  -3.5766954e+01	   4.0847168e+01	   1.3138742e+00	
   2.5500000e+00	  -4.9352507e+01	  -3.5851742e+01	   3.7749023e+01	   1.5517895e+00	
   2.5600000e+00	  -4.9469807e+01	  -3.5936671e+01	   3.4628906e+01	   1.7687404e+00	
   2.5700000e+00	  -5.0095407e+01	  -3.6023396e+01	   3.3574219e+01	   1.9712580e+00	
   2.5800000e+00	  -4.9391607e+01	  -3.6109332e+01	   2.6455078e+01	   2.1469086e+00	
   2.5900000e+00	  -4.9254756e+01	  -3.6192098e+01	   2.5620117e+01	   2.2965486e+00	
   2.6000000e+00	  -4.9147231e+01	  -3.6273579e+01	   2.0676270e+01	   2.4271534e+00	
   2.6100000e+00	  -4.9352507e+01	  -3.6354856e+01	   1.9533691e+01	   2.5378790e+00	
   2.6200000e+00	  -4.9274306e+01	  -3.6436023e+01	   1.6479492e+01	   2.6347677e+00	
   2.6300000e+00	  -4.9635982e+01	  -3.6517568e+01	   1.0546875e+01	   2.7029050e+00	
   2.6400000e+00	  -4.9010381e+01	  -3.6597777e+01	   8.9208984e+00	   2.7469437e+00	
   2.6500000e+00	  -4.8932181e+01	  -3.6675278e+01	   7.8662109e+00	   2.7823115e+00	
   2.6600000e+00	  -5.0261582e+01	  -3.6756213e+01	   3.2958984e+00	   2.7998415e+00	
   2.6700000e+00	  -4.9469807e+01	  -3.6838325e+01	  -1.9775391e-01	   2.7920072e+00	
   2.6800000e+00	  -4.9880357e+01	  -3.6918728e+01	  -9.6679688e-01	   2.7708723e+00	
   2.6900000e+00	  -4.9274306e+01	  -3.6998016e+01	  -4.8999023e+00	   2.7351438e+00	
   2.7000000e+00	  -4.8912631e+01	  -3.7073776e+01	  -8.7670898e+00	   2.6752103e+00	
   2.7100000e+00	  -5.0085632e+01	  -3.7151603e+01	  -9.1625977e+00	   2.6023025e+00	
   2.7200000e+00	  -4.8697581e+01	  -3.7228268e+01	  -1.4523926e+01	   2.5118223e+00	
   2.7300000e+00	  -4.8971281e+01	  -3.7300964e+01	  -1.7336426e+01	   2.3963103e+00	
   2.7400000e+00	  -4.9332957e+01	  -3.7375194e+01	  -2.1379395e+01	   2.2600521e+00	
   2.7500000e+00	  -4.8961506e+01	  -3.7448928e+01	  -2.2456055e+01	   2.1086140e+00	
   2.7600000e+00	  -4.8961506e+01	  -3.7521038e+01	  -2.6982422e+01	   1.9405769e+00	
   2.7700000e+00	  -4.8668256e+01	  -3.7591777e+01	  -2.9289551e+01	   1.7521915e+00	
   2.7800000e+00	  -4.8844206e+01	  -3.7661706e+01	  -3.2497559e+01	   1.5477140e+00	
   2.7900000e+00	  -4.9577332e+01	  -3.7734044e+01	  -3.6826172e+01	   1.3209142e+00	
   2.8000000e+00	  -4.9010381e+01	  -3.7806449e+01	  -3.9353027e+01	   1.0740654e+00	
   2.8100000e+00	  -4.9987882e+01	  -3.7879686e+01	  -4.1066895e+01	   8.1548169e-01	
   2.8200000e+00	  -4.9108131e+01	  -3.7952771e+01	  -4.3483887e+01	   5.4558078e-01	
   2.8300000e+00	  -5.0046532e+01	  -3.8025582e+01	  -4.5900879e+01	   2.6223151e-01	
   2.8400000e+00	  -4.9782607e+01	  -3.8100049e+01	  -5.1130371e+01	  -4.3289982e-02	
   2.8500000e+00	  -4.9411157e+01	  -3.8172060e+01	  -5.1745605e+01	  -3.6520214e-01	
   2.8600000e+00	  -4.8981056e+01	  -3.8241109e+01	  -5.5393066e+01	  -6.9844774e-01	
   2.8700000e+00	  -4.9596882e+01	  -3.8310308e+01	  -5.8293457e+01	  -1.0501124e+00	
   2.8800000e+00	  -4.8814881e+01	  -3.8378553e+01	  -5.9392090e+01	  -1.4120984e+00	
   2.8900000e+00	  -4.9323182e+01	  -3.8445513e+01	  -6.4665527e+01	  -1.7917729e+00	
   2.9000000e+00	  -4.9655532e+01	  -3.8514686e+01	  -6.5654297e+01	  -2.1886810e+00	
   2.9100000e+00	  -4.9166781e+01	  -3.8582936e+01	  -7.0444336e+01	  -2.6012010e+00	
   2.9200000e+00	  -4.8893081e+01	  -3.8648371e+01	  -7.2290039e+01	  -3.0319187e+00	
   2.9300000e+00	  -4.8668256e+01	  -3.8711835e+01	  -7.4025879e+01	  -3.4711551e+00	
   2.9400000e+00	  -4.9186331e+01	  -3.8775820e+01	  -7.8596191e+01	  -3.9273898e+00	
   2.9500000e+00	  -4.8717131e+01	  -3.8839557e+01	  -8.0727539e+01	  -4.4017548e+00	
   2.9600000e+00	  -4.9460032e+01	  -3.8903752e+01	  -8.4111328e+01	  -4.8904208e+00	
   2.9700000e+00	  -4.8834431e+01	  -3.8967913e+01	  -8.7604980e+01	  -5.3975645e+00	
   2.9800000e+00	  -4.9332957e+01	  -3.9031273e+01	  -9.0131836e+01	  -5.9203865e+00	
   2.9900000e+00	  -4.9332957e+01	  -3.9095798e+01	  -9.3273926e+01	  -6.4576876e+00	
   3.0000000e+00	  -4.9049481e+01	  -3.9159031e+01	  -9.7734375e+01	  -7.0154326e+00	
   3.0100000e+00	  -4.9577332e+01	  -3.9222633e+01	  -9.7712402e+01	  -7.5835845e+00	
   3.0200000e+00	  -4.9078806e+01	  -3.9285929e+01	  -1.0193115e+02	  -8.1613210e+00	
   3.0300000e+00	  -4.8990831e+01	  -3.9346991e+01	  -1.0410645e+02	  -8.7554636e+00	
   3.0400000e+00	  -4.8912631e+01	  -3.9407151e+01	  -1.0828125e+02	  -9.3657716e+00	
   3.0500000e+00	  -4.9069031e+01	  -3.9467179e+01	  -1.1115967e+02	  -9.9943461e+00	
   3.0600000e+00	  -4.9997657e+01	  -3.9530228e+01	  -1.1346680e+02	  -1.0635223e+01	
   3.0700000e+00	  -4.8853981e+01	  -3.9592210e+01	  -1.1641113e+02	  -1.1288533e+01	
   3.0800000e+00	  -4.9059256e+01	  -3.9650864e+01	  -1.2005859e+02	  -1.1958394e+01	
   3.0900000e+00	  -4.8814881e+01	  -3.9709028e+01	  -1.2317871e+02	  -1.2645254e+01	
   3.1000000e+00	  -4.8756231e+01	  -3.9765879e+01	  -1.2665039e+02	  -1.3348456e+01	
   3.1100000e+00	  -4.8814881e+01	  -3.9822374e+01	  -1.3113281e+02	  -1.4072164e+01	
   3.1200000e+00	  -4.9753282e+01	  -3.9881638e+01	  -1.3097900e+02	  -1.4804895e+01	
   3.1300000e+00	  -4.9069031e+01	  -3.9941326e+01	  -1.3489014e+02	  -1.5544804e+01	
   3.1400000e+00	  -4.8893081e+01	  -3.9997947e+01	  -1.3770264e+02	  -1.6301135e+01	
   3.1500000e+00	  -4.8736681e+01	  -4.0053172e+01	  -1.4183350e+02	  -1.7074473e+01	
   3.1600000e+00	  -4.9088581e+01	  -4.0108664e+01	  -1.4464600e+02	  -1.7864713e+01	
   3.1700000e+00	  -4.9205881e+01	  -4.0165277e+01	  -1.4820557e+02	  -1.8669959e+01	
   3.1800000e+00	  -4.9029931e+01	  -4.0221352e+01	  -1.5046875e+02	  -1.9488397e+01	
   3.1900000e+00	  -4.8844206e+01	  -4.0275943e+01	  -1.5477539e+02	  -2.0322283e+01	
   3.2000000e+00	  -4.9049481e+01	  -4.0330254e+01	  -1.5712646e+02	  -2.1171797e+01	
   3.2100000e+00	  -4.8785556e+01	  -4.0384040e+01	  -1.5974121e+02	  -2.2031542e+01	
   3.2200000e+00	  -4.9215656e+01	  -4.0438010e+01	  -1.6207031e+02	  -2.2901384e+01	
   3.2300000e+00	  -4.8707356e+01	  -4.0491397e+01	  -1.6450928e+02	  -2.3780711e+01	
   3.2400000e+00	  -4.8570506e+01	  -4.0542430e+01	  -1.6798096e+02	  -2.4673041e+01	
   3.2500000e+00	  -4.8902856e+01	  -4.0593755e+01	  -1.7349609e+02	  -2.5587926e+01	
   3.2600000e+00	  -4.8609606e+01	  -4.0644881e+01	  -1.7606689e+02	  -2.6522405e+01	
   3.2700000e+00	  -4.9029931e+01	  -4.0696084e+01	  -1.7800049e+02	  -2.7465136e+01	
   3.2800000e+00	  -4.8697581e+01	  -4.0747243e+01	  -1.7953857e+02	  -2.8412836e+01	
   3.2900000e+00	  -4.9078806e+01	  -4.0798234e+01	  -1.8000000e+02	  -2.9360861e+01	
   3.3000000e+00	  -4.8560731e+01	  -4.0848477e+01	  -1.8000000e+02	  -3.0304394e+01	
   3.3100000e+00	  -4.9362282e+01	  -4.0899293e+01	  -1.1975098e+01	  -3.0715802e+01	
   3.3200000e+00	  -4.8932181e+01	  -4.0950954e+01	  -1.1645508e+01	  -3.0597387e+01	
   3.3300000e+00	  -4.8648706e+01	  -4.1000057e+01	   1.7894531e+02	  -2.9881796e+01	
   3.3400000e+00	  -4.9352507e+01	  -4.1050169e+01	   1.7463867e+02	  -2.8587289e+01	
   3.3500000e+00	  -4.9010381e+01	  -4.1101099e+01	   1.7564941e+02	  -2.7311212e+01	
   3.3600000e+00	  -4.9137456e+01	  -4.1151037e+01	   1.7523193e+02	  -2.6041269e+01	
   3.3700000e+00	  -4.8981056e+01	  -4.1200571e+01	   1.7189209e+02	  -2.4791048e+01	
   3.3800000e+00	  -4.9196106e+01	  -4.1249977e+01	   1.6857422e+02	  -2.3569509e+01	
   3.3900000e+00	  -4.8873531e+01	  -4.1298738e+01	   1.6365234e+02	  -2.2381425e+01	
   3.4000000e+00	  -4.8893081e+01	  -4.1346244e+01	   1.6239990e+02	  -2.1220120e+01	
   3.4100000e+00	  -4.8590056e+01	  -4.1392565e+01	   1.5492920e+02	  -2.0093407e+01	
   3.4200000e+00	  -4.8687806e+01	  -4.1437953e+01	   1.5411621e+02	  -1.8999694e+01	
   3.4300000e+00	  -4.9147231e+01	  -4.1484801e+01	   1.5128174e+02	  -1.7924255e+01	
   3.4400000e+00	  -4.8893081e+01	  -4.1531999e+01	   1.4609619e+02	  -1.6880668e+01	
   3.4500000e+00	  -4.8746456e+01	  -4.1577646e+01	   1.4240479e+02	  -1.5871418e+01	
   3.4600000e+00	  -4.8726906e+01	  -4.1622487e+01	   1.4141602e+02	  -1.4883147e+01	
   3.4700000e+00	  -4.8883306e+01	  -4.1667476e+01	   1.3779053e+02	  -1.3915517e+01	
   3.4800000e+00	  -4.9235206e+01	  -4.1713774e+01	   1.3445068e+02	  -1.2975762e+01	
   3.4900000e+00	  -4.9694632e+01	  -4.1762324e+01	   1.3144043e+02	  -1.2061780e+01	
   3.5000000e+00	  -4.9137456e+01	  -4.1810263e+01	   1.2919922e+02	  -1.1169968e+01	
   3.5100000e+00	  -4.9460032e+01	  -4.1857167e+01	   1.2544189e+02	  -1.0302529e+01	
   3.5200000e+00	  -4.9235206e+01	  -4.1904084e+01	   1.2445313e+02	  -9.4553865e+00	
   3.5300000e+00	  -4.9782607e+01	  -4.1951717e+01	   1.1808105e+02	  -8.6366025e+00	
   3.5400000e+00	  -4.9147231e+01	  -4.1998776e+01	   1.1373047e+02	  -7.8565279e+00	
   3.5500000e+00	  -4.9147231e+01	  -4.2043551e+01	   1.1304932e+02	  -7.0970975e+00	
   3.5600000e+00	  -4.9069031e+01	  -4.2087800e+01	   1.1186279e+02	  -6.3482729e+00	
   3.5700000e+00	  -4.9469807e+01	  -4.2132782e+01	   1.0518311e+02	  -5.6287738e+00	
   3.5800000e+00	  -4.9196106e+01	  -4.2177881e+01	   1.0364502e+02	  -4.9395173e+00	
   3.5900000e+00	  -4.8990831e+01	  -4.2221197e+01	   9.7250977e+01	  -4.2794196e+00	
   3.6000000e+00	  -4.9450257e+01	  -4.2265037e+01	   9.6042480e+01	  -3.6472658e+00	
   3.6100000e+00	  -4.8746456e+01	  -4.2307838e+01	   9.2416992e+01	  -3.0342104e+00	
   3.6200000e+00	  -4.9108131e+01	  -4.2349299e+01	   9.1406250e+01	  -2.4395145e+00	
   3.6300000e+00	  -4.9372057e+01	  -4.2392460e+01	   8.7077637e+01	  -1.8652651e+00	
   3.6400000e+00	  -4.8883306e+01	  -4.2434646e+01	   8.7121582e+01	  -1.3080311e+00	
   3.6500000e+00	  -4.9987882e+01	  -4.2478497e+01	   8.1848145e+01	  -7.7066483e-01	
   3.6600000e+00	  -4.9186331e+01	  -4.2523022e+01	   8.1166992e+01	  -2.5531277e-01	
   3.6700000e+00	  -5.0017207e+01	  -4.2567360e+01	   7.6816406e+01	   2.4105314e-01	
   3.6800000e+00	  -4.9254756e+01	  -4.2611634e+01	   6.9060059e+01	   6.9639399e-01	
   3.6900000e+00	  -4.9958557e+01	  -4.2655448e+01	   6.8334961e+01	   1.1223209e+00	
   3.7000000e+00	  -4.8981056e+01	  -4.2698130e+01	   6.7917480e+01	   1.5420018e+00	
   3.7100000e+00	  -4.9088581e+01	  -4.2737820e+01	   6.3303223e+01	   1.9432957e+00	
   3.7200000e+00	  -4.9499132e+01	  -4.2778884e+01	   5.9348145e+01	   2.3152390e+00	
   3.7300000e+00	  -4.9147231e+01	  -4.2819874e+01	   5.5656738e+01	   2.6609056e+00	
   3.7400000e+00	  -4.8932181e+01	  -4.2858832e+01	   5.0559082e+01	   2.9768818e+00	
   3.7500000e+00	  -4.9293856e+01	  -4.2898005e+01	   5.0734863e+01	   3.2754648e+00	
   3.7600000e+00	  -4.8853981e+01	  -4.2936688e+01	   4.4824219e+01	   3.5542173e+00	
   3.7700000e+00	  -4.9616432e+01	  -4.2976139e+01	   4.4187012e+01	   3.8107176e+00	
   3.7800000e+00	  -4.9528457e+01	  -4.3017455e+01	   4.0034180e+01	   4.0506100e+00	
   3.7900000e+00	  -4.8922406e+01	  -4.3056339e+01	   3.5573730e+01	   4.2620250e+00	
   3.8000000e+00	  -4.9508907e+01	  -4.3094918e+01	   3.5573730e+01	   4.4581468e+00	
   3.8100000e+00	  -4.9362282e+01	  -4.3134633e+01	   2.9135742e+01	   4.6328778e+00	
   3.8200000e+00	  -5.0046532e+01	  -4.3175783e+01	   2.8564453e+01	   4.7845631e+00	
   3.8300000e+00	  -4.9078806e+01	  -4.3215788e+01	   2.6894531e+01	   4.9282793e+00	
   3.8400000e+00	  -4.9665307e+01	  -4.3254348e+01	   2.1972656e+01	   5.0504514e+00	
   3.8500000e+00	  -4.9440482e+01	  -4.3293799e+01	   1.8588867e+01	   5.1458469e+00	
   3.8600000e+00	  -4.9098356e+01	  -4.3331227e+01	   1.5908203e+01	   5.2216524e+00	
   3.8700000e+00	  -4.9098356e+01	  -4.3367350e+01	   1.6018066e+01	   5.2889320e+00	
   3.8800000e+00	  -4.9137456e+01	  -4.3403369e+01	   1.2304688e+01	   5.3445048e+00	
   3.8900000e+00	  -4.9528457e+01	  -4.3440509e+01	   6.7675781e+00	   5.3707592e+00	
   3.9000000e+00	  -4.8599831e+01	  -4.3475733e+01	   3.8891602e+00	   5.3704937e+00	
   3.9100000e+00	  -4.9069031e+01	  -4.3509297e+01	   1.9335938e+00	   5.3550909e+00	
   3.9200000e+00	  -4.8736681e+01	  -4.3543080e+01	  -5.7128906e-01	   5.3258156e+00	
   3.9300000e+00	  -4.8961506e+01	  -4.3576314e+01	  -2.4389648e+00	   5.2830298e+00	
   3.9400000e+00	  -4.9606657e+01	  -4.3612065e+01	  -6.6796875e+00	   5.2213819e+00	
   3.9500000e+00	  -4.8746456e+01	  -4.3646918e+01	  -6.9433594e+00	   5.1460135e+00	
   3.9600000e+00	  -4.8599831e+01	  -4.3678400e+01	  -1.2282715e+01	   5.0535697e+00	
   3.9700000e+00	  -4.9088581e+01	  -4.3710756e+01	  -1.5820313e+01	   4.9339045e+00	
   3.9800000e+00	  -4.9313406e+01	  -4.3745144e+01	  -1.8918457e+01	   4.7942072e+00	
   3.9900000e+00	  -4.9293856e+01	  -4.3779960e+01	  -2.3115234e+01	   4.6325389e+00	
   4.0000000e+00	  -4.9342732e+01	  -4.3814650e+01	  -2.5598145e+01	   4.4509641e+00	
   4.0100000e+00	  -4.9059256e+01	  -4.3848387e+01	  -2.7531738e+01	   4.2566951e+00	
   4.0200000e+00	  -4.9743507e+01	  -4.3883169e+01	  -3.2014160e+01	   4.0435494e+00	
   4.0300000e+00	  -4.9655532e+01	  -4.3919599e+01	  -3.5024414e+01	   3.8082735e+00	
   4.0400000e+00	  -4.8922406e+01	  -4.3953231e+01	  -3.3662109e+01	   3.5693103e+00	
   4.0500000e+00	  -4.9978107e+01	  -4.3987661e+01	  -4.0715332e+01	   3.3140212e+00	
   4.0600000e+00	  -4.9157006e+01	  -4.4022611e+01	  -4.2495117e+01	   3.0326682e+00	
   4.0700000e+00	  -4.9714182e+01	  -4.4056516e+01	  -4.5197754e+01	   2.7390396e+00	
   4.0800000e+00	  -4.9108131e+01	  -4.4090055e+01	  -4.9460449e+01	   2.4254364e+00	
   4.0900000e+00	  -4.8853981e+01	  -4.4120690e+01	  -4.8229980e+01	   2.1043012e+00	
   4.1000000e+00	  -4.9215656e+01	  -4.4151469e+01	  -5.5546875e+01	   1.7661162e+00	
   4.1100000e+00	  -4.9499132e+01	  -4.4184077e+01	  -5.6755371e+01	   1.4033500e+00	
   4.1200000e+00	  -4.8873531e+01	  -4.4215409e+01	  -6.0029297e+01	   1.0288180e+00	
   4.1300000e+00	  -4.9567557e+01	  -4.4246758e+01	  -6.3435059e+01	   6.3571271e-01	
   4.1400000e+00	  -4.8951731e+01	  -4.4278157e+01	  -6.5324707e+01	   2.2848568e-01	
   4.1500000e+00	  -4.9078806e+01	  -4.4307828e+01	  -6.9543457e+01	  -1.9532074e-01	
   4.1600000e+00	  -4.9440482e+01	  -4.4338844e+01	  -7.2224121e+01	  -6.3807998e-01	
   4.1700000e+00	  -4.9157006e+01	  -4.4369910e+01	  -7.4553223e+01	  -1.0937554e+00	
   4.1800000e+00	  -4.8590056e+01	  -4.4398119e+01	  -7.8464355e+01	  -1.5661196e+00	
   4.1900000e+00	  -4.9049481e+01	  -4.4425814e+01	  -7.9497070e+01	  -2.0510081e+00	
   4.2000000e+00	  -4.9176556e+01	  -4.4455172e+01	  -8.3583984e+01	  -2.5488930e+00	
   4.2100000e+00	  -4.9577332e+01	  -4.4486000e+01	  -8.6726074e+01	  -3.0662988e+00	
   4.2200000e+00	  -4.8990831e+01	  -4.4516053e+01	  -8.9252930e+01	  -3.5982177e+00	
   4.2300000e+00	  -4.8736681e+01	  -4.4543285e+01	  -9.3142090e+01	  -4.1468984e+00	
   4.2400000e+00	  -4.8805106e+01	  -4.4569764e+01	  -9.4768066e+01	  -4.7094145e+00	
   4.2500000e+00	  -4.9098356e+01	  -4.4597211e+01	  -9.7207031e+01	  -5.2811377e+00	
   4.2600000e+00	  -4.8873531e+01	  -4.4624700e+01	  -1.0026123e+02	  -5.8664832e+00	
   4.2700000e+00	  -4.8844206e+01	  -4.4651221e+01	  -1.0393066e+02	  -6.4692192e+00	
   4.2800000e+00	  -4.8560731e+01	  -4.4676596e+01	  -1.0821533e+02	  -7.0930903e+00	
   4.2900000e+00	  -4.9108131e+01	  -4.4702639e+01	  -1.1039063e+02	  -7.7332848e+00	
   4.3000000e+00	  -4.8629156e+01	  -4.4728733e+01	  -1.1456543e+02	  -8.3893565e+00	
   4.3100000e+00	  -4.9049481e+01	  -4.4754479e+01	  -1.1627930e+02	  -9.0597608e+00	
   4.3200000e+00	  -4.8756231e+01	  -4.4780463e+01	  -1.2067383e+02	  -9.7450960e+00	
   4.3300000e+00	  -4.8658481e+01	  -4.4805059e+01	  -1.2339844e+02	  -1.0448434e+01	
   4.3400000e+00	  -4.9157006e+01	  -4.4830756e+01	  -1.2515625e+02	  -1.1161405e+01	
   4.3500000e+00	  -4.8814881e+01	  -4.4856782e+01	  -1.2794678e+02	  -1.1884154e+01	
   4.3600000e+00	  -4.9606657e+01	  -4.4884054e+01	  -1.3064941e+02	  -1.2619580e+01	
   4.3700000e+00	  -4.9010381e+01	  -4.4911767e+01	  -1.3634033e+02	  -1.3376685e+01	
   4.3800000e+00	  -4.9489357e+01	  -4.4938938e+01	  -1.3785645e+02	  -1.4151620e+01	
   4.3900000e+00	  -4.8902856e+01	  -4.4965603e+01	  -1.4211914e+02	  -1.4939798e+01	
   4.4000000e+00	  -4.9499132e+01	  -4.4992132e+01	  -1.4396484e+02	  -1.5742170e+01	
   4.4100000e+00	  -4.8560731e+01	  -4.5017423e+01	  -1.4873291e+02	  -1.6560229e+01	
   4.4200000e+00	  -4.8384781e+01	  -4.5039065e+01	  -1.5040283e+02	  -1.7393326e+01	
   4.4300000e+00	  -4.9323182e+01	  -4.5062960e+01	  -1.5240234e+02	  -1.8232697e+01	
   4.4400000e+00	  -4.8619381e+01	  -4.5087440e+01	  -1.5521484e+02	  -1.9081880e+01	
   4.4500000e+00	  -4.8932181e+01	  -4.5110542e+01	  -1.5846680e+02	  -1.9944737e+01	
   4.4600000e+00	  -4.9176556e+01	  -4.5135244e+01	  -1.6270752e+02	  -2.0825655e+01	
   4.4700000e+00	  -4.8717131e+01	  -4.5159118e+01	  -1.6622314e+02	  -2.1725346e+01	
   4.4800000e+00	  -4.8511856e+01	  -4.5180761e+01	  -1.7046387e+02	  -2.2643693e+01	
   4.4900000e+00	  -4.8599831e+01	  -4.5201901e+01	  -1.7107910e+02	  -2.3571496e+01	
   4.5000000e+00	  -4.8531406e+01	  -4.5222970e+01	  -1.7512207e+02	  -2.4508076e+01	
   4.5100000e+00	  -4.8208830e+01	  -4.5242682e+01	  -1.7762695e+02	  -2.5459295e+01	
   4.5200000e+00	  -4.8775781e+01	  -4.5263036e+01	  -1.8000000e+02	  -2.6419834e+01	
   4.5300000e+00	  -4.8638931e+01	  -4.5284610e+01	  -1.8000000e+02	  -2.7381787e+01	
   4.5400000e+00	  -4.8492306e+01	  -4.5305160e+01	  -1.8000000e+02	  -2.8337716e+01	
   4.5500000e+00	  -4.8668256e+01	  -4.5325674e+01	  -1.8000000e+02	  -2.9287657e+01	
   4.5600000e+00	  -4.8247931e+01	  -4.5345294e+01	  -1.1623535e+01	  -2.9704333e+01	
   4.5700000e+00	  -4.8853981e+01	  -4.5365373e+01	   1.7496826e+02	  -2.9006722e+01	
   4.5800000e+00	  -4.9137456e+01	  -4.5388112e+01	   1.7648438e+02	  -2.7724370e+01	
   4.5900000e+00	  -4.8726906e+01	  -4.5410310e+01	   1.7679199e+02	  -2.6444340e+01	
   4.6000000e+00	  -4.8990831e+01	  -4.5431910e+01	   1.7518799e+02	  -2.5176386e+01	
   4.6100000e+00	  -4.8883306e+01	  -4.5453865e+01	   1.7090332e+02	  -2.3934817e+01	
   4.6200000e+00	  -4.9362282e+01	  -4.5476845e+01	   1.6820068e+02	  -2.2722907e+01	
   4.6300000e+00	  -4.8590056e+01	  -4.5498763e+01	   1.6374023e+02	  -2.1541021e+01	
   4.6400000e+00	  -4.8687806e+01	  -4.5518432e+01	   1.6523438e+02	  -2.0375827e+01	
   4.6500000e+00	  -4.9342732e+01	  -4.5540335e+01	   1.5846680e+02	  -1.9234447e+01	
   4.6600000e+00	  -4.8687806e+01	  -4.5562100e+01	   1.5706055e+02	  -1.8125814e+01	
   4.6700000e+00	  -4.8746456e+01	  -4.5581862e+01	   1.5352295e+02	  -1.7039608e+01	
   4.6800000e+00	  -4.8648706e+01	  -4.5601377e+01	   1.5143555e+02	  -1.5977822e+01	
   4.6900000e+00	  -4.9479582e+01	  -4.5623066e+01	   1.4820557e+02	  -1.4939339e+01	
   4.7000000e+00	  -4.8814881e+01	  -4.5645140e+01	   1.4262451e+02	  -1.3934955e+01	
   4.7100000e+00	  -4.9108131e+01	  -4.5665912e+01	   1.3976807e+02	  -1.2963286e+01	
   4.7200000e+00	  -4.8619381e+01	  -4.5685942e+01	   1.4121826e+02	  -1.2002107e+01	
   4.7300000e+00	  -4.8775781e+01	  -4.5704805e+01	   1.3130859e+02	  -1.1073442e+01	
   4.7400000e+00	  -4.9665307e+01	  -4.5726826e+01	   1.3007813e+02	  -1.0185481e+01	
   4.7500000e+00	  -4.9117906e+01	  -4.5749781e+01	   1.2788086e+02	  -9.3138174e+00	
   4.7600000e+00	  -4.9792382e+01	  -4.5772989e+01	   1.2546387e+02	  -8.4620641e+00	
   4.7700000e+00	  -4.9489357e+01	  -4.5797216e+01	   1.2093750e+02	  -7.6373907e+00	
   4.7800000e+00	  -4.9196106e+01	  -4.5819423e+01	   1.1564209e+02	  -6.8486422e+00	
   4.7900000e+00	  -4.9244981e+01	  -4.5840726e+01	   1.1458740e+02	  -6.0847210e+00	
   4.8000000e+00	  -4.8902856e+01	  -4.5860977e+01	   1.1076416e+02	  -5.3408612e+00	
   4.8100000e+00	  -4.8717131e+01	  -4.5879449e+01	   1.0663330e+02	  -4.6265710e+00	
   4.8200000e+00	  -4.9264531e+01	  -4.5898937e+01	   1.0461182e+02	  -3.9360225e+00	
   4.8300000e+00	  -4.8766006e+01	  -4.5918456e+01	   9.9580078e+01	  -3.2718882e+00	
   4.8400000e+00	  -4.8824656e+01	  -4.5936476e+01	   9.9448242e+01	  -2.6280849e+00	
   4.8500000e+00	  -4.8599831e+01	  -4.5953862e+01	   9.6547852e+01	  -1.9978102e+00	
   4.8600000e+00	  -4.8414106e+01	  -4.5969853e+01	   9.1494141e+01	  -1.3963937e+00	
   4.8700000e+00	  -4.9665307e+01	  -4.5989081e+01	   8.7561035e+01	  -8.2688875e-01	
   4.8800000e+00	  -4.9166781e+01	  -4.6010546e+01	   8.6901855e+01	  -2.7533287e-01	
   4.8900000e+00	  -4.8883306e+01	  -4.6029427e+01	   8.1936035e+01	   2.5515215e-01	
   4.9000000e+00	  -4.8932181e+01	  -4.6047456e+01	   7.9980469e+01	   7.6063832e-01	
   4.9100000e+00	  -4.9460032e+01	  -4.6067178e+01	   7.6179199e+01	   1.2449293e+00	
   4.9200000e+00	  -4.9157006e+01	  -4.6087480e+01	   7.6530762e+01	   1.7153832e+00	
   4.9300000e+00	  -4.9479582e+01	  -4.6107716e+01	   7.1037598e+01	   2.1667882e+00	
   4.9400000e+00	  -4.8990831e+01	  -4.6127305e+01	   6.3566895e+01	   2.5747660e+00	
   4.9500000e+00	  -4.9792382e+01	  -4.6147751e+01	   6.4907227e+01	   2.9609895e+00	
   4.9600000e+00	  -4.8893081e+01	  -4.6167763e+01	   6.1743164e+01	   3.3390825e+00	
   4.9700000e+00	  -4.9782607e+01	  -4.6187619e+01	   5.8051758e+01	   3.6933375e+00	
   4.9800000e+00	  -4.9782607e+01	  -4.6210136e+01	   5.3723145e+01	   4.0202568e+00	
   4.9900000e+00	  -4.8932181e+01	  -4.6229849e+01	   5.1679688e+01	   4.3251726e+00	
   5.0000000e+00	  -4.9391607e+01	  -4.6248214e+01	   4.8076172e+01	   4.6104936e+00	
   5.0100000e+00	  -4.8922406e+01	  -4.6266434e+01	   4.6494141e+01	   4.8777876e+00	
   5.0200000e+00	  -4.8609606e+01	  -4.6282090e+01	   4.1857910e+01	   5.1239332e+00	
   5.0300000e+00	  -4.6625279e+01	  -4.6290454e+01	   4.3923340e+01	   5.3604859e+00	
   5.0400000e+00	  -4.4885327e+01	  -4.6287102e+01	   3.7836914e+01	   5.5829642e+00	
   5.0500000e+00	  -4.4152202e+01	  -4.6276026e+01	   3.4277344e+01	   5.7738400e+00	
   5.0600000e+00	  -4.1336999e+01	  -4.6253907e+01	   2.8894043e+01	   5.9355133e+00	
   5.0700000e+00	  -4.1258799e+01	  -4.6222864e+01	   3.0432129e+01	   6.0841316e+00	
   5.0800000e+00	  -3.9176722e+01	  -4.6185251e+01	   2.8740234e+01	   6.2313374e+00	
   5.0900000e+00	  -3.7876646e+01	  -4.6137282e+01	   2.6103516e+01	   6.3640649e+00	
   5.1000000e+00	  -3.6322420e+01	  -4.6080673e+01	   1.9072266e+01	   6.4656833e+00	
   5.1100000e+00	  -3.4230568e+01	  -4.6013001e+01	   1.8039551e+01	   6.5414108e+00	
   5.1200000e+00	  -3.2979366e+01	  -4.5935283e+01	   1.8347168e+01	   6.6143931e+00	
   5.1300000e+00	  -3.0545389e+01	  -4.5846511e+01	   2.0017090e+01	   6.6931115e+00	
   5.1400000e+00	  -2.8961838e+01	  -4.5745712e+01	   1.4963379e+01	   6.7607396e+00	
   5.1500000e+00	  -2.4983409e+01	  -4.5628127e+01	   1.6413574e+01	   6.8166587e+00	
   5.1600000e+00	  -2.3859283e+01	  -4.5495297e+01	   1.3623047e+01	   6.8680300e+00	
   5.1700000e+00	  -2.2451682e+01	  -4.5355371e+01	   1.0898438e+01	   6.9018074e+00	
   5.1800000e+00	  -2.0496680e+01	  -4.5205791e+01	   7.5805664e+00	   6.9164496e+00	
   5.1900000e+00	  -1.9753779e+01	  -4.5048698e+01	   1.0305176e+01	   6.9291421e+00	
   5.2000000e+00	  -1.6264101e+01	  -4.4879334e+01	   1.0920410e+01	   6.9522148e+00	
   5.2100000e+00	  -1.5931751e+01	  -4.4699060e+01	   8.9208984e+00	   6.9708077e+00	
   5.2200000e+00	  -1.2872173e+01	  -4.4509294e+01	   7.0751953e+00	   6.9772418e+00	
   5.2300000e+00	  -1.2051072e+01	  -4.4308562e+01	   5.2514648e+00	   6.9721439e+00	
   5.2400000e+00	  -1.0467521e+01	  -4.4101557e+01	   6.1083984e+00	   6.9640501e+00	
   5.2500000e+00	  -9.7539450e+00	  -4.3888655e+01	   6.9213867e+00	   6.9612368e+00	
   5.2600000e+00	  -7.5154680e+00	  -4.3667841e+01	   7.6025391e+00	   6.9631204e+00	
   5.2700000e+00	  -4.2506150e+00	  -4.3431174e+01	   7.1411133e+00	   6.9656803e+00	
   5.2800000e+00	  -4.2408400e+00	  -4.3185735e+01	   4.7021484e+00	   6.9591409e+00	
   5.2900000e+00	  -1.0737370e+00	  -4.2931884e+01	   5.7568359e+00	   6.9483072e+00	
   5.3000000e+00	  -7.7071176e-01	  -4.2668755e+01	   6.1083984e+00	   6.9419454e+00	
   5.3100000e+00	   1.4384403e+00	  -4.2399407e+01	   5.4052734e+00	   6.9345224e+00	
   5.3200000e+00	   1.1354150e+00	  -4.2125777e+01	   9.0087891e+00	   6.9362293e+00	
   5.3300000e+00	   1.2136151e+00	  -4.1854564e+01	   5.9545898e+00	   6.9396458e+00	
   5.3400000e+00	   1.8098906e+00	  -4.1582938e+01	   5.2075195e+00	   6.9311362e+00	
   5.3500000e+00	   3.8235425e+00	  -4.1304839e+01	   3.0981445e+00	   6.9137342e+00	
   5.3600000e+00	   4.1656678e+00	  -4.1021105e+01	   8.9648438e+00	   6.9082083e+00	
   5.3700000e+00	   4.9378935e+00	  -4.0735658e+01	   4.1308594e+00	   6.9059512e+00	
   5.3800000e+00	   6.7071701e+00	  -4.0444040e+01	   8.3935547e+00	   6.9019191e+00	
   5.3900000e+00	   7.3132207e+00	  -4.0146809e+01	   7.2729492e+00	   6.9077525e+00	
   5.4000000e+00	   7.2936707e+00	  -3.9849603e+01	   5.9765625e+00	   6.9059799e+00	
   5.4100000e+00	   1.0079548e+01	  -3.9545595e+01	   7.9760742e+00	   6.9064205e+00	
   5.4200000e+00	   9.5419227e+00	  -3.9236450e+01	   9.5800781e+00	   6.9181437e+00	
   5.4300000e+00	   1.0284823e+01	  -3.8928599e+01	   8.7231445e+00	   6.9321331e+00	
   5.4400000e+00	   1.1702200e+01	  -3.8615910e+01	   9.2724609e+00	   6.9450714e+00	
   5.4500000e+00	   1.3950452e+01	  -3.8293700e+01	   1.4436035e+01	   6.9758202e+00	
   5.4600000e+00	   1.3324851e+01	  -3.7968427e+01	   1.2985840e+01	   7.0180058e+00	
   5.4700000e+00	   1.4791103e+01	  -3.7642558e+01	   1.6875000e+01	   7.0675654e+00	
   5.4800000e+00	   1.5377603e+01	  -3.7312301e+01	   1.7138672e+01	   7.1298203e+00	
   5.4900000e+00	   1.6726554e+01	  -3.6978052e+01	   1.9072266e+01	   7.1985666e+00	
   5.5000000e+00	   1.7088230e+01	  -3.6640539e+01	   1.8083496e+01	   7.2698413e+00	
   5.5100000e+00	   1.8153706e+01	  -3.6300670e+01	   1.8017578e+01	   7.3373665e+00	
   5.5200000e+00	   1.7645405e+01	  -3.5961186e+01	   2.0676270e+01	   7.4125887e+00	
   5.5300000e+00	   1.8466506e+01	  -3.5622848e+01	   2.4411621e+01	   7.5073644e+00	
   5.5400000e+00	   1.9404907e+01	  -3.5281119e+01	   1.9907227e+01	   7.5991380e+00	
   5.5500000e+00	   2.0411733e+01	  -3.4935438e+01	   2.4895020e+01	   7.6918506e+00	
   5.5600000e+00	   1.9776357e+01	  -3.4590759e+01	   2.5971680e+01	   7.8029750e+00	
   5.5700000e+00	   2.2376510e+01	  -3.4242086e+01	   2.9245605e+01	   7.9270284e+00	
   5.5800000e+00	   2.3109635e+01	  -3.3885158e+01	   2.8981934e+01	   8.0597321e+00	
   5.5900000e+00	   2.2620885e+01	  -3.3529700e+01	   3.1069336e+01	   8.1973162e+00	
   5.6000000e+00	   2.3256260e+01	  -3.3176010e+01	   3.3002930e+01	   8.3466313e+00	
   5.6100000e+00	   2.5592488e+01	  -3.2815228e+01	   3.4738770e+01	   8.5065029e+00	
   5.6200000e+00	   2.6785039e+01	  -3.2445655e+01	   3.8386230e+01	   8.6822325e+00	
   5.6300000e+00	   2.6697064e+01	  -3.2074937e+01	   3.8144531e+01	   8.8675274e+00	
   5.6400000e+00	   2.5504512e+01	  -3.1710552e+01	   3.8254395e+01	   9.0512488e+00	
   5.6500000e+00	   2.7586589e+01	  -3.1345663e+01	   3.7749023e+01	   9.2325808e+00	
   5.6600000e+00	   2.6892564e+01	  -3.0978713e+01	   4.3395996e+01	   9.4288794e+00	
   5.6700000e+00	   2.7703889e+01	  -3.0613694e+01	   4.4121094e+01	   9.6439042e+00	
   5.6800000e+00	   2.9844616e+01	  -3.0241716e+01	   4.2187500e+01	   9.8537975e+00	
   5.6900000e+00	   3.0695042e+01	  -2.9862700e+01	   4.8889160e+01	   1.0077309e+01	
   5.7000000e+00	   2.9258116e+01	  -2.9487895e+01	   5.2646484e+01	   1.0332175e+01	
   5.7100000e+00	   3.0049892e+01	  -2.9117458e+01	   5.5305176e+01	   1.0605538e+01	
   5.7200000e+00	   3.0724367e+01	  -2.8744749e+01	   5.2536621e+01	   1.0876845e+01	
   5.7300000e+00	   3.0831892e+01	  -2.8371926e+01	   5.4821777e+01	   1.1144939e+01	
   5.7400000e+00	   3.1965793e+01	  -2.7997550e+01	   6.0270996e+01	   1.1435576e+01	
   5.7500000e+00	   3.2913969e+01	  -2.7618998e+01	   5.9897461e+01	   1.1740288e+01	
   5.7600000e+00	   3.3177895e+01	  -2.7239022e+01	   6.0249023e+01	   1.2043023e+01	
   5.7700000e+00	   3.3940345e+01	  -2.6858211e+01	   6.4423828e+01	   1.2358037e+01	
   5.7800000e+00	   3.3021494e+01	  -2.6480275e+01	   6.6884766e+01	   1.2691859e+01	
   5.7900000e+00	   3.4204270e+01	  -2.6103880e+01	   6.8071289e+01	   1.3035014e+01	
   5.8000000e+00	   3.5250196e+01	  -2.5722862e+01	   7.1037598e+01	   1.3389025e+01	
   5.8100000e+00	   3.4272696e+01	  -2.5344017e+01	   7.3234863e+01	   1.3756990e+01	
   5.8200000e+00	   3.5093796e+01	  -2.4968035e+01	   7.7124023e+01	   1.4141711e+01	
   5.8300000e+00	   3.5826922e+01	  -2.4589540e+01	   8.0463867e+01	   1.4546662e+01	
   5.8400000e+00	   3.5875797e+01	  -2.4210967e+01	   8.1123047e+01	   1.4961601e+01	
   5.8500000e+00	   3.6638248e+01	  -2.3832224e+01	   8.4506836e+01	   1.5386602e+01	
   5.8600000e+00	   3.8124049e+01	  -2.3448812e+01	   8.9055176e+01	   1.5833783e+01	
   5.8700000e+00	   3.6608923e+01	  -2.3067894e+01	   8.8154297e+01	   1.6289586e+01	
   5.8800000e+00	   3.7791699e+01	  -2.2690402e+01	   9.0615234e+01	   1.6747420e+01	
   5.8900000e+00	   3.8280449e+01	  -2.2310040e+01	   9.4943848e+01	   1.7223649e+01	
   5.9000000e+00	   3.7322498e+01	  -2.1933530e+01	   9.8371582e+01	   1.7721187e+01	
   5.9100000e+00	   3.9492550e+01	  -2.1555582e+01	   9.9997559e+01	   1.8231435e+01	
   5.9200000e+00	   3.9042900e+01	  -2.1174613e+01	   1.0177734e+02	   1.8749153e+01	
   5.9300000e+00	   3.9336150e+01	  -2.0796521e+01	   1.0201904e+02	   1.9269960e+01	
   5.9400000e+00	   3.9844451e+01	  -2.0418286e+01	   1.0445801e+02	   1.9795899e+01	
   5.9500000e+00	   3.8153374e+01	  -2.0046125e+01	   1.1122559e+02	   2.0347377e+01	
   5.9600000e+00	   3.9385025e+01	  -1.9677733e+01	   1.0918213e+02	   2.0910196e+01	
   5.9700000e+00	   4.0499376e+01	  -1.9304302e+01	   1.1234619e+02	   2.1472999e+01	
   5.9800000e+00	   4.0030176e+01	  -1.8931190e+01	   1.2197021e+02	   2.2072326e+01	
   5.9900000e+00	   4.1379127e+01	  -1.8557659e+01	   1.1906982e+02	   2.2688956e+01	
   6.0000000e+00	   4.1721252e+01	  -1.8181172e+01	   1.2102539e+02	   2.3298764e+01	
   6.0100000e+00	   4.1858103e+01	  -1.7805543e+01	   1.2234375e+02	   2.3915007e+01	
   6.0200000e+00	   4.2122028e+01	  -1.7431011e+01	   1.2810059e+02	   2.4549547e+01	
   6.0300000e+00	   4.1828778e+01	  -1.7058917e+01	   1.3289063e+02	   2.5213143e+01	
   6.0400000e+00	   4.3607829e+01	  -1.6684501e+01	   1.3330811e+02	   2.5888892e+01	
   6.0500000e+00	   4.1359577e+01	  -1.6313899e+01	   1.3724121e+02	   2.6574032e+01	
   6.0600000e+00	   4.1340027e+01	  -1.5952721e+01	   1.3954834e+02	   2.7274425e+01	
   6.0700000e+00	   4.2806278e+01	  -1.5589274e+01	   1.3948242e+02	   2.7977449e+01	
   6.0800000e+00	   4.3422104e+01	  -1.5221583e+01	   1.4497559e+02	   2.8693067e+01	
   6.0900000e+00	   4.3529629e+01	  -1.4853930e+01	   1.4578857e+02	   2.9423952e+01	
   6.1000000e+00	   4.3001779e+01	  -1.4489896e+01	   1.5002930e+02	   3.0166086e+01	
   6.1100000e+00	   4.3158179e+01	  -1.4129306e+01	   1.5358887e+02	   3.0928000e+01	
   6.1200000e+00	   4.2082928e+01	  -1.3773851e+01	   1.5602783e+02	   3.1703929e+01	
   6.1300000e+00	   4.3969504e+01	  -1.3418083e+01	   1.5897217e+02	   3.2491856e+01	
   6.1400000e+00	   4.1916753e+01	  -1.3065063e+01	   1.6147705e+02	   3.3291914e+01	
   6.1500000e+00	   4.4213880e+01	  -1.2713488e+01	   1.6582764e+02	   3.4108430e+01	
   6.1600000e+00	   4.3285254e+01	  -1.2359830e+01	   1.6727783e+02	   3.4937998e+01	
   6.1700000e+00	   4.5034980e+01	  -1.2005816e+01	   1.7338623e+02	   3.5786043e+01	
   6.1800000e+00	   4.2649878e+01	  -1.1656009e+01	   1.7505615e+02	   3.6653135e+01	
   6.1900000e+00	   4.4595105e+01	  -1.1309771e+01	   1.7674805e+02	   3.7525325e+01	
   6.2000000e+00	   4.4643980e+01	  -1.0959456e+01	   1.7538574e+02	   3.8393084e+01	
   6.2100000e+00	   4.4751505e+01	  -1.0610845e+01	   1.7894531e+02	   3.9262289e+01	
   6.2200000e+00	   4.5787656e+01	  -1.0260837e+01	  -1.2348633e+01	   3.9538110e+01	
   6.2300000e+00	   4.5279356e+01	  -9.9113672e+00	  -1.0063477e+01	   3.9220273e+01	
   6.2400000e+00	   4.5152281e+01	  -9.5660765e+00	  -1.8000000e+02	   3.8379382e+01	
   6.2500000e+00	   4.5367331e+01	  -9.2226730e+00	  -1.8000000e+02	   3.7011556e+01	
   6.2600000e+00	   4.4986105e+01	  -8.8819409e+00	  -1.8000000e+02	   3.5652298e+01	
   6.2700000e+00	   4.4184555e+01	  -8.5470471e+00	  -1.8000000e+02	   3.4301554e+01	
   6.2800000e+00	   4.5240256e+01	  -8.2134550e+00	  -1.7652832e+02	   3.2970142e+01	
   6.2900000e+00	   4.6442582e+01	  -7.8748807e+00	  -1.7551758e+02	   3.1661108e+01	
   6.3000000e+00	   4.6080906e+01	  -7.5357945e+00	  -1.7241943e+02	   3.0373141e+01	
   6.3100000e+00	   4.6090681e+01	  -7.1999341e+00	  -1.6798096e+02	   2.9116845e+01	
   6.3200000e+00	   4.7732883e+01	  -6.8610038e+00	  -1.6582764e+02	   2.7889061e+01	
   6.3300000e+00	   4.4800380e+01	  -6.5282374e+00	  -1.6209229e+02	   2.6687409e+01	
   6.3400000e+00	   4.6540332e+01	  -6.2012900e+00	  -1.6196045e+02	   2.5505395e+01	
   6.3500000e+00	   4.6256857e+01	  -5.8718291e+00	  -1.5626953e+02	   2.4349020e+01	
   6.3600000e+00	   4.4145455e+01	  -5.5519320e+00	  -1.5642334e+02	   2.3217228e+01	
   6.3700000e+00	   4.5826756e+01	  -5.2353856e+00	  -1.5297363e+02	   2.2102848e+01	
   6.3800000e+00	   4.7605808e+01	  -4.9099849e+00	  -1.5042480e+02	   2.1014234e+01	
   6.3900000e+00	   4.6559882e+01	  -4.5843263e+00	  -1.4640381e+02	   1.9953014e+01	
   6.4000000e+00	   4.6110231e+01	  -4.2653913e+00	  -1.4411865e+02	   1.8918189e+01	
   6.4100000e+00	   4.6198207e+01	  -3.9495866e+00	  -1.3981201e+02	   1.7910491e+01	
   6.4200000e+00	   4.6061356e+01	  -3.6359131e+00	  -1.3706543e+02	   1.6931193e+01	
   6.4300000e+00	   4.6032031e+01	  -3.3247246e+00	  -1.3541748e+02	   1.5971792e+01	
   6.4400000e+00	   4.7332108e+01	  -3.0115057e+00	  -1.3095703e+02	   1.5037530e+01	
   6.4500000e+00	   4.4663530e+01	  -2.7045344e+00	  -1.2924316e+02	   1.4128456e+01	
   6.4600000e+00	   4.6198207e+01	  -2.4030369e+00	  -1.2651855e+02	   1.3238977e+01	
   6.4700000e+00	   4.4771055e+01	  -2.1030911e+00	  -1.2392578e+02	   1.2371722e+01	
   6.4800000e+00	   4.7263683e+01	  -1.8016873e+00	  -1.1823486e+02	   1.1535841e+01	
   6.4900000e+00	   4.6080906e+01	  -1.4980691e+00	  -1.1768555e+02	   1.0724739e+01	
   6.5000000e+00	   4.6569657e+01	  -1.1985262e+00	  -1.1577393e+02	   9.9264241e+00	
   6.5100000e+00	   4.7351658e+01	  -8.9687977e-01	  -1.1091797e+02	   9.1543041e+00	
   6.5200000e+00	   4.6853132e+01	  -5.9623494e-01	  -1.0909424e+02	   8.4079395e+00	
   6.5300000e+00	   4.5826756e+01	  -3.0224885e-01	  -1.0575439e+02	   7.6824209e+00	
   6.5400000e+00	   4.8514884e+01	  -4.8999341e-03	  -1.0230469e+02	   6.9827098e+00	
   6.5500000e+00	   4.7283233e+01	   2.9514787e-01	  -9.8437500e+01	   6.3102962e+00	
   6.5600000e+00	   4.7889283e+01	   5.9135708e-01	  -9.6306152e+01	   5.6608803e+00	
   6.5700000e+00	   4.7615583e+01	   8.8675182e-01	  -9.3735352e+01	   5.0302580e+00	
   6.5800000e+00	   4.7850183e+01	   1.1801739e+00	  -9.1120605e+01	   4.4198256e+00	
   6.5900000e+00	   4.7830633e+01	   1.4724316e+00	  -8.7824707e+01	   3.8317273e+00	
   6.6000000e+00	   4.7556933e+01	   1.7619404e+00	  -8.4990234e+01	   3.2665116e+00	
   6.6100000e+00	   4.6804257e+01	   2.0464214e+00	  -8.1145020e+01	   2.7257552e+00	
   6.6200000e+00	   4.6970432e+01	   2.3272838e+00	  -7.9672852e+01	   2.2050387e+00	
   6.6300000e+00	   4.6989982e+01	   2.6069686e+00	  -7.6706543e+01	   1.7014840e+00	
   6.6400000e+00	   4.8338934e+01	   2.8891875e+00	  -7.4267578e+01	   1.2180114e+00	
   6.6500000e+00	   4.7556933e+01	   3.1714142e+00	  -7.1037598e+01	   7.5532076e-01	
   6.6600000e+00	   4.6559882e+01	   3.4463017e+00	  -6.8730469e+01	   3.1286916e-01	
   6.6700000e+00	   4.8446459e+01	   3.7222531e+00	  -6.5610352e+01	  -1.0981428e-01	
   6.6800000e+00	   4.7175707e+01	   3.9984048e+00	  -6.3369141e+01	  -5.1305982e-01	
   6.6900000e+00	   4.8485559e+01	   4.2729492e+00	  -6.0161133e+01	  -8.9671395e-01	
   6.7000000e+00	   4.7850183e+01	   4.5478863e+00	  -5.3964844e+01	  -1.2485130e+00	
   6.7100000e+00	   4.7996808e+01	   4.8195706e+00	  -5.3415527e+01	  -1.5769829e+00	
   6.7200000e+00	   4.8016358e+01	   5.0900737e+00	  -4.9899902e+01	  -1.8906650e+00	
   6.7300000e+00	   4.7087732e+01	   5.3560355e+00	  -4.9746094e+01	  -2.1908905e+00	
   6.7400000e+00	   4.8886334e+01	   5.6230559e+00	  -4.5197754e+01	  -2.4745096e+00	
   6.7500000e+00	   4.8378034e+01	   5.8924448e+00	  -4.2626953e+01	  -2.7340567e+00	
   6.7600000e+00	   4.6911782e+01	   6.1539626e+00	  -4.0407715e+01	  -2.9769768e+00	
   6.7700000e+00	   4.7146382e+01	   6.4099851e+00	  -3.6320801e+01	  -3.1986261e+00	
   6.7800000e+00	   4.7400533e+01	   6.6659346e+00	  -3.5222168e+01	  -3.4026471e+00	
   6.7900000e+00	   4.6325282e+01	   6.9177095e+00	  -3.2980957e+01	  -3.5949306e+00	
   6.8000000e+00	   4.7312558e+01	   7.1676318e+00	  -2.8190918e+01	  -3.7639896e+00	
   6.8100000e+00	   4.7097507e+01	   7.4184072e+00	  -2.6740723e+01	  -3.9124467e+00	
   6.8200000e+00	   4.6833582e+01	   7.6661118e+00	  -2.1335449e+01	  -4.0385042e+00	
   6.8300000e+00	   4.7820858e+01	   7.9145303e+00	  -1.7709961e+01	  -4.1354899e+00	
   6.8400000e+00	   4.8456234e+01	   8.1664746e+00	  -1.8984375e+01	  -4.2245052e+00	
   6.8500000e+00	   4.8514884e+01	   8.4190143e+00	  -1.3798828e+01	  -4.3007141e+00	
   6.8600000e+00	   4.6335057e+01	   8.6633292e+00	  -1.2875977e+01	  -4.3573157e+00	
   6.8700000e+00	   4.8495334e+01	   8.9060527e+00	  -6.7456055e+00	  -4.3914737e+00	
   6.8800000e+00	   4.7234357e+01	   9.1500722e+00	  -6.5698242e+00	  -4.4056683e+00	
   6.8900000e+00	   4.8084783e+01	   9.3912775e+00	  -2.8564453e-01	  -4.3995430e+00	
   6.9000000e+00	   4.7605808e+01	   9.6321353e+00	   1.2963867e+00	  -4.3688210e+00	
   6.9100000e+00	   4.6950882e+01	   9.8679334e+00	   2.6367188e+00	  -4.3291392e+00	
   6.9200000e+00	   4.7517833e+01	   1.0101979e+01	   5.8007813e+00	  -4.2755992e+00	
   6.9300000e+00	   4.8045683e+01	   1.0337987e+01	   1.1140137e+01	  -4.1957639e+00	
   6.9400000e+00	   4.8935209e+01	   1.0576956e+01	   1.1096191e+01	  -4.0998447e+00	
   6.9500000e+00	   4.6735832e+01	   1.0810327e+01	   1.4985352e+01	  -3.9924840e+00	
   6.9600000e+00	   4.8798359e+01	   1.1041806e+01	   2.0104980e+01	  -3.8575823e+00	
   6.9700000e+00	   4.7830633e+01	   1.1275265e+01	   2.3774414e+01	  -3.6960003e+00	
   6.9800000e+00	   4.9072059e+01	   1.1508118e+01	   2.4960938e+01	  -3.5202226e+00	
   6.9900000e+00	   4.9013409e+01	   1.1743217e+01	   2.8564453e+01	  -3.3305447e+00	
   7.0000000e+00	   4.8798359e+01	   1.1975987e+01	   3.1618652e+01	  -3.1212045e+00	
   7.0100000e+00	   4.7390758e+01	   1.2202217e+01	   3.6738281e+01	  -2.8875769e+00	
   7.0200000e+00	   4.9345759e+01	   1.2428744e+01	   3.7617188e+01	  -2.6366267e+00	
   7.0300000e+00	   4.9238234e+01	   1.2659638e+01	   4.1901855e+01	  -2.3710772e+00	
   7.0400000e+00	   4.7674233e+01	   1.2883851e+01	   4.3374023e+01	  -2.0891620e+00	
   7.0500000e+00	   4.8006583e+01	   1.3102802e+01	   4.2385254e+01	  -1.8074986e+00	
   7.0600000e+00	   4.8984084e+01	   1.3324484e+01	   5.0229492e+01	  -1.5061297e+00	
   7.0700000e+00	   4.8397584e+01	   1.3546002e+01	   5.1042480e+01	  -1.1795361e+00	
   7.0800000e+00	   4.9130709e+01	   1.3766592e+01	   5.7480469e+01	  -8.3227976e-01	
   7.0900000e+00	   4.8524659e+01	   1.3986198e+01	   5.8469238e+01	  -4.6393960e-01	
   7.1000000e+00	   4.9609685e+01	   1.4205929e+01	   6.1831055e+01	  -8.4281551e-02	
   7.1100000e+00	   4.7684008e+01	   1.4421651e+01	   6.8620605e+01	   3.2479019e-01	
   7.1200000e+00	   4.7664458e+01	   1.4629929e+01	   6.8071289e+01	   7.5084264e-01	
   7.1300000e+00	   4.6882457e+01	   1.4834393e+01	   6.8247070e+01	   1.1730567e+00	
   7.1400000e+00	   4.7928383e+01	   1.5038402e+01	   7.3476563e+01	   1.6095542e+00	
   7.1500000e+00	   4.9590135e+01	   1.5249614e+01	   7.6904297e+01	   2.0704301e+00	
   7.1600000e+00	   4.7527608e+01	   1.5458247e+01	   7.9892578e+01	   2.5485128e+00	
   7.1700000e+00	   4.7341883e+01	   1.5658533e+01	   8.4133301e+01	   3.0462405e+00	
   7.1800000e+00	   4.7371208e+01	   1.5857074e+01	   8.6726074e+01	   3.5622515e+00	
   7.1900000e+00	   4.8446459e+01	   1.6057832e+01	   9.1472168e+01	   4.0980141e+00	
   7.2000000e+00	   4.7468958e+01	   1.6257637e+01	   9.4460449e+01	   4.6546432e+00	
   7.2100000e+00	   4.8094558e+01	   1.6455090e+01	   9.7602539e+01	   5.2269847e+00	
   7.2200000e+00	   4.9453285e+01	   1.6657520e+01	   1.0081055e+02	   5.8156284e+00	
   7.2300000e+00	   4.8055458e+01	   1.6858559e+01	   1.0164551e+02	   6.4132467e+00	
   7.2400000e+00	   5.0684936e+01	   1.7062197e+01	   1.0507324e+02	   7.0204715e+00	
   7.2500000e+00	   4.7830633e+01	   1.7263855e+01	   1.1039063e+02	   7.6512806e+00	
   7.2600000e+00	   4.8602859e+01	   1.7457729e+01	   1.1212646e+02	   8.3002276e+00	
   7.2700000e+00	   4.8632184e+01	   1.7652899e+01	   1.2012451e+02	   8.9755942e+00	
   7.2800000e+00	   4.8114108e+01	   1.7845316e+01	   1.1893799e+02	   9.6680627e+00	
   7.2900000e+00	   4.8495334e+01	   1.8036100e+01	   1.2306885e+02	   1.0365415e+01	
   7.3000000e+00	   4.8114108e+01	   1.8225688e+01	   1.2537598e+02	   1.1078561e+01	
   7.3100000e+00	   4.7820858e+01	   1.8411977e+01	   1.2634277e+02	   1.1797494e+01	
   7.3200000e+00	   4.9942035e+01	   1.8602823e+01	   1.2992432e+02	   1.2526168e+01	
   7.3300000e+00	   4.8290058e+01	   1.8793943e+01	   1.3412109e+02	   1.3274638e+01	
   7.3400000e+00	   4.8710384e+01	   1.8980010e+01	   1.3601074e+02	   1.4037482e+01	
   7.3500000e+00	   4.8514884e+01	   1.9165614e+01	   1.4119629e+02	   1.4817704e+01	
   7.3600000e+00	   4.8700609e+01	   1.9350026e+01	   1.4433838e+02	   1.5619121e+01	
   7.3700000e+00	   4.9423960e+01	   1.9536130e+01	   1.4897461e+02	   1.6439877e+01	
   7.3800000e+00	   4.7762208e+01	   1.9718129e+01	   1.5398438e+02	   1.7285701e+01	
   7.3900000e+00	   4.8329158e+01	   1.9895559e+01	   1.5444580e+02	   1.8143363e+01	
   7.4000000e+00	   5.0831561e+01	   2.0081491e+01	   1.5987305e+02	   1.9014094e+01	
   7.4100000e+00	   4.8700609e+01	   2.0267421e+01	   1.6018066e+02	   1.9897331e+01	
   7.4200000e+00	   4.8602859e+01	   2.0445207e+01	   1.6703613e+02	   2.0797469e+01	
   7.4300000e+00	   4.8153208e+01	   2.0620165e+01	   1.6782715e+02	   2.1715917e+01	
   7.4400000e+00	   4.8299833e+01	   2.0793078e+01	   1.7189209e+02	   2.2643819e+01	
   7.4500000e+00	   4.8192308e+01	   2.0965031e+01	   1.7459473e+02	   2.3587104e+01	
   7.4600000e+00	   4.9384859e+01	   2.1139304e+01	   1.7663818e+02	   2.4539344e+01	
   7.4700000e+00	   4.9375084e+01	   2.1316191e+01	   1.7569336e+02	   2.5489060e+01	
   7.4800000e+00	   5.0147310e+01	   2.1494357e+01	   1.7602295e+02	   2.6430902e+01	
   7.4900000e+00	   4.8231408e+01	   2.1667825e+01	  -1.3029785e+01	   2.6775807e+01	
   7.5000000e+00	   4.8925434e+01	   2.1836380e+01	  -1.8000000e+02	   2.6003572e+01	
   7.5100000e+00	   5.0157085e+01	   2.2009911e+01	  -1.8000000e+02	   2.4713263e+01	
   7.5200000e+00	   4.9052509e+01	   2.2182752e+01	  -1.7964844e+02	   2.3432137e+01	
   7.5300000e+00	   4.9199134e+01	   2.2351511e+01	  -1.7879150e+02	   2.2162819e+01	
   7.5400000e+00	   4.7684008e+01	   2.2514927e+01	  -1.8000000e+02	   2.0900352e+01	
   7.5500000e+00	   5.0333035e+01	   2.2680870e+01	  -1.7597900e+02	   1.9654599e+01	
   7.5600000e+00	   4.8759259e+01	   2.2849141e+01	  -1.7140869e+02	   1.8443556e+01	
   7.5700000e+00	   4.9668335e+01	   2.3014277e+01	  -1.7077148e+02	   1.7256406e+01	
   7.5800000e+00	   5.0333035e+01	   2.3183307e+01	  -1.6716797e+02	   1.6089974e+01	
   7.5900000e+00	   4.8104333e+01	   2.3346381e+01	  -1.6604736e+02	   1.4945642e+01	
   7.6000000e+00	   4.8602859e+01	   2.3503014e+01	  -1.5941162e+02	   1.3832769e+01	
   7.6100000e+00	   4.9296884e+01	   2.3662401e+01	  -1.5692871e+02	   1.2755423e+01	
   7.6200000e+00	   4.9081834e+01	   2.3822290e+01	  -1.5512695e+02	   1.1698245e+01	
   7.6300000e+00	   5.0548086e+01	   2.3985096e+01	  -1.5224854e+02	   1.0662345e+01	
   7.6400000e+00	   4.8886334e+01	   2.4146270e+01	  -1.4835938e+02	   9.6541277e+00	
   7.6500000e+00	   4.7488508e+01	   2.4296852e+01	  -1.4354736e+02	   8.6794758e+00	
   7.6600000e+00	   4.9267559e+01	   2.4447685e+01	  -1.4207520e+02	   7.7306091e+00	
   7.6700000e+00	   4.9013409e+01	   2.4602349e+01	  -1.3818604e+02	   6.8044761e+00	
   7.6800000e+00	   4.9404409e+01	   2.4756473e+01	  -1.3370361e+02	   5.9103618e+00	
   7.6900000e+00	   4.8211858e+01	   2.4907121e+01	  -1.3155029e+02	   5.0426294e+00	
   7.7000000e+00	   4.9942035e+01	   2.5058510e+01	  -1.2691406e+02	   4.2015953e+00	
   7.7100000e+00	   4.8358484e+01	   2.5209409e+01	  -1.2662842e+02	   3.3812432e+00	
   7.7200000e+00	   5.0802236e+01	   2.5362057e+01	  -1.2150879e+02	   2.5829575e+00	
   7.7300000e+00	   4.7097507e+01	   2.5509800e+01	  -1.1869629e+02	   1.8145134e+00	
   7.7400000e+00	   4.8690834e+01	   2.5650005e+01	  -1.1634521e+02	   1.0670536e+00	
   7.7500000e+00	   5.0088660e+01	   2.5798700e+01	  -1.1427979e+02	   3.3810692e-01	
   7.7600000e+00	   4.8094558e+01	   2.5944596e+01	  -1.1080811e+02	  -3.6893303e-01	
   7.7700000e+00	   5.0078885e+01	   2.6089547e+01	  -1.0656738e+02	  -1.0473910e+00	
   7.7800000e+00	   4.9560810e+01	   2.6238183e+01	  -1.0472168e+02	  -1.7025382e+00	
   7.7900000e+00	   4.7400533e+01	   2.6377499e+01	  -1.0195313e+02	  -2.3391310e+00	
   7.8000000e+00	   4.8338934e+01	   2.6512116e+01	  -9.9316406e+01	  -2.9548085e+00	
   7.8100000e+00	   4.7771983e+01	   2.6647054e+01	  -9.6416016e+01	  -3.5492888e+00	
   7.8200000e+00	   4.7019307e+01	   2.6777013e+01	  -9.2395020e+01	  -4.1183694e+00	
   7.8300000e+00	   4.8905884e+01	   2.6909709e+01	  -8.9626465e+01	  -4.6626222e+00	
   7.8400000e+00	   4.9609685e+01	   2.7049687e+01	  -8.7473145e+01	  -5.1880520e+00	
   7.8500000e+00	   4.8612634e+01	   2.7187870e+01	  -8.4616699e+01	  -5.6945013e+00	
   7.8600000e+00	   4.7293008e+01	   2.7317932e+01	  -8.1584473e+01	  -6.1793365e+00	
   7.8700000e+00	   4.8739709e+01	   2.7447577e+01	  -7.7058105e+01	  -6.6374632e+00	
   7.8800000e+00	   4.8329158e+01	   2.7579655e+01	  -7.4223633e+01	  -7.0696680e+00	
   7.8900000e+00	   4.9551035e+01	   2.7713447e+01	  -7.2355957e+01	  -7.4844396e+00	
   7.9000000e+00	   4.7830633e+01	   2.7844839e+01	  -6.9719238e+01	  -7.8825067e+00	
   7.9100000e+00	   4.7987033e+01	   2.7970511e+01	  -6.7653809e+01	  -8.2633543e+00	
   7.9200000e+00	   4.7664458e+01	   2.8094875e+01	  -6.4138184e+01	  -8.6243380e+00	
   7.9300000e+00	   5.0010460e+01	   2.8224796e+01	  -6.1787109e+01	  -8.9646876e+00	
   7.9400000e+00	   4.8192308e+01	   2.8355557e+01	  -5.7546387e+01	  -9.2822614e+00	
   7.9500000e+00	   4.9736760e+01	   2.8484642e+01	  -5.4909668e+01	  -9.5763075e+00	
   7.9600000e+00	   4.8886334e+01	   2.8615092e+01	  -5.2866211e+01	  -9.8538547e+00	
   7.9700000e+00	   4.8602859e+01	   2.8741174e+01	  -4.9504395e+01	  -1.0112735e+01	
   7.9800000e+00	   4.8290058e+01	   2.8864599e+01	  -4.5615234e+01	  -1.0347286e+01	
   7.9900000e+00	   4.8817909e+01	   2.8987924e+01	  -4.3725586e+01	  -1.0562270e+01	
   8.0000000e+00	   4.7273458e+01	   2.9107292e+01	  -4.2275391e+01	  -1.0765448e+01	
   8.0100000e+00	   4.8778809e+01	   2.9225791e+01	  -3.4409180e+01	  -1.0938176e+01	
   8.0200000e+00	   4.7556933e+01	   2.9344435e+01	  -3.4914551e+01	  -1.1086770e+01	
   8.0300000e+00	   4.8221633e+01	   2.9460592e+01	  -3.1025391e+01	  -1.1223836e+01	
   8.0400000e+00	   4.9150259e+01	   2.9581010e+01	  -2.6125488e+01	  -1.1332518e+01	
   8.0500000e+00	   4.9492385e+01	   2.9704654e+01	  -2.4499512e+01	  -1.1420082e+01	
   8.0600000e+00	   4.9023184e+01	   2.9827126e+01	  -1.9445801e+01	  -1.1486179e+01	
   8.0700000e+00	   4.7791533e+01	   2.9943503e+01	  -2.0456543e+01	  -1.1539199e+01	
   8.0800000e+00	   4.9072059e+01	   3.0059305e+01	  -1.3842773e+01	  -1.1574341e+01	
   8.0900000e+00	   4.7224582e+01	   3.0172606e+01	  -1.5358887e+01	  -1.1593297e+01	
   8.1000000e+00	   4.8622409e+01	   3.0283790e+01	  -8.4814453e+00	  -1.1595345e+01	
   8.1100000e+00	   4.8290058e+01	   3.0397613e+01	  -7.2290039e+00	  -1.1571918e+01	
   8.1200000e+00	   4.7107282e+01	   3.0505979e+01	  -6.0644531e+00	  -1.1541069e+01	
   8.1300000e+00	   4.8915659e+01	   3.0615625e+01	   6.5917969e-01	  -1.1485709e+01	
   8.1400000e+00	   5.0176635e+01	   3.0734197e+01	   1.5820313e+00	  -1.1406749e+01	
   8.1500000e+00	   4.8485559e+01	   3.0850679e+01	   3.7792969e+00	  -1.1318513e+01	
   8.1600000e+00	   4.7107282e+01	   3.0956819e+01	   6.0864258e+00	  -1.1216722e+01	
   8.1700000e+00	   4.7996808e+01	   3.1060764e+01	   1.2524414e+01	  -1.1088181e+01	
   8.1800000e+00	   4.7840408e+01	   3.1166354e+01	   1.2458496e+01	  -1.0940489e+01	
   8.1900000e+00	   4.9678110e+01	   3.1276547e+01	   1.6633301e+01	  -1.0780854e+01	
   8.2000000e+00	   4.8133658e+01	   3.1386969e+01	   1.6853027e+01	  -1.0608457e+01	
   8.2100000e+00	   4.8925434e+01	   3.1494342e+01	   2.3181152e+01	  -1.0416633e+01	
   8.2200000e+00	   4.8123883e+01	   3.1601012e+01	   2.6279297e+01	  -1.0196489e+01	
   8.2300000e+00	   4.9326209e+01	   3.1708269e+01	   2.6389160e+01	  -9.9676781e+00	
   8.2400000e+00	   4.9042734e+01	   3.1817732e+01	   3.2937012e+01	  -9.7194497e+00	
   8.2500000e+00	   4.7459183e+01	   3.1920662e+01	   3.4914551e+01	  -9.4460766e+00	
   8.2600000e+00	   4.7468958e+01	   3.2018018e+01	   3.6518555e+01	  -9.1631991e+00	
   8.2700000e+00	   4.8954759e+01	   3.2119449e+01	   3.6870117e+01	  -8.8759692e+00	
   8.2800000e+00	   4.9511935e+01	   3.2226642e+01	   4.2583008e+01	  -8.5715458e+00	
   8.2900000e+00	   4.8964534e+01	   3.2333195e+01	   4.3110352e+01	  -8.2494863e+00	
   8.3000000e+00	   4.9287109e+01	   3.2438376e+01	   4.9504395e+01	  -7.9077679e+00	
   8.3100000e+00	   5.0342810e+01	   3.2547215e+01	   5.4997559e+01	  -7.5309619e+00	
   8.3200000e+00	   4.7703558e+01	   3.2650412e+01	   5.5217285e+01	  -7.1386246e+00	
   8.3300000e+00	   4.7644908e+01	   3.2744514e+01	   5.8908691e+01	  -6.7364959e+00	
   8.3400000e+00	   4.8612634e+01	   3.2840874e+01	   5.8930664e+01	  -6.3252566e+00	
   8.3500000e+00	   4.7322333e+01	   3.2935620e+01	   6.4709473e+01	  -5.8984264e+00	
   8.3600000e+00	   4.9893160e+01	   3.3033783e+01	   6.9301758e+01	  -5.4417899e+00	
   8.3700000e+00	   4.8114108e+01	   3.3133810e+01	   7.3542480e+01	  -4.9603506e+00	
   8.3800000e+00	   4.8319383e+01	   3.3228283e+01	   7.3388672e+01	  -4.4691276e+00	
   8.3900000e+00	   4.9150259e+01	   3.3325408e+01	   7.8837891e+01	  -3.9643974e+00	
   8.4000000e+00	   4.8602859e+01	   3.3422814e+01	   8.1650391e+01	  -3.4369548e+00	
   8.4100000e+00	   4.9482610e+01	   3.3520649e+01	   8.8286133e+01	  -2.8832262e+00	
   8.4200000e+00	   4.9335984e+01	   3.3620168e+01	   8.8395996e+01	  -2.3118403e+00	
   8.4300000e+00	   4.7957708e+01	   3.3714288e+01	   9.0329590e+01	  -1.7376336e+00	
   8.4400000e+00	   4.8446459e+01	   3.3805033e+01	   9.2768555e+01	  -1.1533297e+00	
   8.4500000e+00	   4.8035908e+01	   3.3895454e+01	   9.7141113e+01	  -5.5135345e-01	
   8.4600000e+00	   4.8837459e+01	   3.3986534e+01	   9.8657227e+01	   6.5294203e-02	
   8.4700000e+00	   5.0313485e+01	   3.4084176e+01	   1.0544678e+02	   7.0409085e-01	
   8.4800000e+00	   4.9335984e+01	   3.4182767e+01	   1.0751221e+02	   1.3666181e+00	
   8.4900000e+00	   4.9208909e+01	   3.4277282e+01	   1.0931396e+02	   2.0371067e+00	
   8.5000000e+00	   4.8769034e+01	   3.4369429e+01	   1.1232422e+02	   2.7184657e+00	
   8.5100000e+00	   4.7938158e+01	   3.4457019e+01	   1.1652100e+02	   3.4181278e+00	
   8.5200000e+00	   4.8827684e+01	   3.4544244e+01	   1.1876221e+02	   4.1335698e+00	
   8.5300000e+00	   4.8065233e+01	   3.4631321e+01	   1.2170654e+02	   4.8607705e+00	
   8.5400000e+00	   4.8260733e+01	   3.4716077e+01	   1.2528809e+02	   5.6038539e+00	
   8.5500000e+00	   4.9257784e+01	   3.4804037e+01	   1.3220947e+02	   6.3751756e+00	
   8.5600000e+00	   4.7918608e+01	   3.4890374e+01	   1.3231934e+02	   7.1636864e+00	
   8.5700000e+00	   4.8290058e+01	   3.4973140e+01	   1.3548340e+02	   7.9575114e+00	
   8.5800000e+00	   4.8231408e+01	   3.5056368e+01	   1.4172363e+02	   8.7758164e+00	
   8.5900000e+00	   5.0235285e+01	   3.5145166e+01	   1.4253662e+02	   9.6110849e+00	
   8.6000000e+00	   4.8661509e+01	   3.5234754e+01	   1.4545898e+02	   1.0452820e+01	
   8.6100000e+00	   4.8260733e+01	   3.5317598e+01	   1.5013916e+02	   1.1313092e+01	
   8.6200000e+00	   4.9375084e+01	   3.5402158e+01	   1.5374268e+02	   1.2193919e+01	
   8.6300000e+00	   4.8837459e+01	   3.5487994e+01	   1.5453369e+02	   1.3082990e+01	
   8.6400000e+00	   4.7713333e+01	   3.5568088e+01	   1.5862061e+02	   1.3981770e+01	
   8.6500000e+00	   4.9345759e+01	   3.5649272e+01	   1.6406982e+02	   1.4904785e+01	
   8.6600000e+00	   4.9453285e+01	   3.5735397e+01	   1.6385010e+02	   1.5838397e+01	
   8.6700000e+00	   4.9052509e+01	   3.5820065e+01	   1.7294678e+02	   1.6793961e+01	
   8.6800000e+00	   4.8143433e+01	   3.5900099e+01	   1.7200195e+02	   1.7769069e+01	
   8.6900000e+00	   4.9003634e+01	   3.5979480e+01	   1.7896729e+02	   1.8756925e+01	
   8.7000000e+00	   4.8436684e+01	   3.6059282e+01	   1.7714355e+02	   1.9754696e+01	
   8.7100000e+00	   4.7967483e+01	   3.6135338e+01	   1.7646240e+02	   2.0738372e+01	
   8.7200000e+00	   5.0010460e+01	   3.6215847e+01	   1.7657227e+02	   2.1714098e+01	
   8.7300000e+00	   4.9492385e+01	   3.6300628e+01	  -1.0217285e+01	   2.2099076e+01	
   8.7400000e+00	   4.9130709e+01	   3.6382122e+01	  -1.8000000e+02	   2.1364942e+01	
   8.7500000e+00	   4.9248009e+01	   3.6462341e+01	  -1.8000000e+02	   2.0103687e+01	
   8.7600000e+00	   4.9355534e+01	   3.6542761e+01	  -1.8000000e+02	   1.8850332e+01	
   8.7700000e+00	   4.8133658e+01	   3.6619187e+01	  -1.8000000e+02	   1.7604827e+01	
   8.7800000e+00	   4.8133658e+01	   3.6691309e+01	  -1.7813232e+02	   1.6372973e+01	
   8.7900000e+00	   4.8866784e+01	   3.6765274e+01	  -1.7551758e+02	   1.5162872e+01	
   8.8000000e+00	   4.7332108e+01	   3.6836266e+01	  -1.7039795e+02	   1.3984573e+01	
   8.8100000e+00	   4.8622409e+01	   3.6906048e+01	  -1.6677246e+02	   1.2841042e+01	
   8.8200000e+00	   4.7263683e+01	   3.6975178e+01	  -1.6642090e+02	   1.1717129e+01	
   8.8300000e+00	   4.8534434e+01	   3.7043600e+01	  -1.6321289e+02	   1.0611403e+01	
   8.8400000e+00	   4.9052509e+01	   3.7117196e+01	  -1.5976318e+02	   9.5334533e+00	
   8.8500000e+00	   4.9384859e+01	   3.7192994e+01	  -1.5488525e+02	   8.4883355e+00	
   8.8600000e+00	   4.9511935e+01	   3.7269756e+01	  -1.5211670e+02	   7.4737109e+00	
   8.8700000e+00	   5.0518761e+01	   3.7349588e+01	  -1.5013916e+02	   6.4803050e+00	
   8.8800000e+00	   4.9629235e+01	   3.7429288e+01	  -1.4587646e+02	   5.5126643e+00	
   8.8900000e+00	   5.1144361e+01	   3.7510448e+01	  -1.4148193e+02	   4.5781968e+00	
   8.9000000e+00	   4.8866784e+01	   3.7588711e+01	  -1.3877930e+02	   3.6718090e+00	
   8.9100000e+00	   4.8055458e+01	   3.7656811e+01	  -1.3699951e+02	   2.7851363e+00	
   8.9200000e+00	   4.8896109e+01	   3.7724576e+01	  -1.3508789e+02	   1.9155780e+00	
   8.9300000e+00	   4.9101384e+01	   3.7795192e+01	  -1.3128662e+02	   1.0693575e+00	
   8.9400000e+00	   4.7811083e+01	   3.7861968e+01	  -1.2702393e+02	   2.5369184e-01	
   8.9500000e+00	   4.8094558e+01	   3.7925172e+01	  -1.2621094e+02	  -5.4096905e-01	
   8.9600000e+00	   4.9433735e+01	   3.7993062e+01	  -1.2093750e+02	  -1.3115913e+00	
   8.9700000e+00	   4.9296884e+01	   3.8064293e+01	  -1.1766357e+02	  -2.0506184e+00	
   8.9800000e+00	   4.5279356e+01	   3.8122067e+01	  -1.1179688e+02	  -2.7563904e+00	
   8.9900000e+00	   4.8944984e+01	   3.8178376e+01	  -1.1566406e+02	  -3.4514797e+00	
   9.0000000e+00	   4.8974309e+01	   3.8245905e+01	  -1.0975342e+02	  -4.1358156e+00	
   9.0100000e+00	   4.9990910e+01	   3.8316287e+01	  -1.0502930e+02	  -4.7825596e+00	
   9.0200000e+00	   4.8016358e+01	   3.8383227e+01	  -1.0373291e+02	  -5.4063980e+00	
   9.0300000e+00	   4.8290058e+01	   3.8444422e+01	  -1.0017334e+02	  -6.0111211e+00	
   9.0400000e+00	   4.9463060e+01	   3.8509764e+01	  -9.8217773e+01	  -6.5947845e+00	
   9.0500000e+00	   4.9619460e+01	   3.8578860e+01	  -9.4921875e+01	  -7.1583457e+00	
   9.0600000e+00	   4.8671284e+01	   3.8645043e+01	  -9.1516113e+01	  -7.6973890e+00	
   9.0700000e+00	   4.9609685e+01	   3.8710782e+01	  -8.9450684e+01	  -8.2159216e+00	
   9.0800000e+00	   4.6941107e+01	   3.8770690e+01	  -8.7121582e+01	  -8.7174436e+00	
   9.0900000e+00	   4.7732883e+01	   3.8824345e+01	  -8.2595215e+01	  -9.1943546e+00	
   9.1000000e+00	   4.9609685e+01	   3.8886022e+01	  -8.0903320e+01	  -9.6488044e+00	
   9.1100000e+00	   4.8446459e+01	   3.8949547e+01	  -7.7431641e+01	  -1.0084237e+01	
   9.1200000e+00	   4.9707435e+01	   3.9012980e+01	  -7.5190430e+01	  -1.0499050e+01	
   9.1300000e+00	   4.8446459e+01	   3.9076016e+01	  -7.1542969e+01	  -1.0892823e+01	
   9.1400000e+00	   4.7468958e+01	   3.9131647e+01	  -6.9763184e+01	  -1.1267133e+01	
   9.1500000e+00	   4.8211858e+01	   3.9186194e+01	  -6.6027832e+01	  -1.1621827e+01	
   9.1600000e+00	   4.9101384e+01	   3.9245513e+01	  -6.2775879e+01	  -1.1952416e+01	
   9.1700000e+00	   4.8329158e+01	   3.9304827e+01	  -5.9919434e+01	  -1.2261805e+01	
   9.1800000e+00	   4.9668335e+01	   3.9365545e+01	  -5.7788086e+01	  -1.2553635e+01	
   9.1900000e+00	   4.9296884e+01	   3.9428914e+01	  -5.4602051e+01	  -1.2826984e+01	
   9.2000000e+00	   4.8123883e+01	   3.9487048e+01	  -5.1855469e+01	  -1.3080042e+01	
   9.2100000e+00	   4.7302783e+01	   3.9538574e+01	  -4.9482422e+01	  -1.3315481e+01	
   9.2200000e+00	   4.8778809e+01	   3.9591828e+01	  -4.2934570e+01	  -1.3521507e+01	
   9.2300000e+00	   4.7488508e+01	   3.9645330e+01	  -4.2451172e+01	  -1.3704223e+01	
   9.2400000e+00	   4.7723108e+01	   3.9695190e+01	  -4.1462402e+01	  -1.3881184e+01	
   9.2500000e+00	   4.9091609e+01	   3.9749759e+01	  -3.5727539e+01	  -1.4035979e+01	
   9.2600000e+00	   4.8065233e+01	   3.9805058e+01	  -3.3837891e+01	  -1.4165927e+01	
   9.2700000e+00	   4.8299833e+01	   3.9857530e+01	  -3.1618652e+01	  -1.4282193e+01	
   9.2800000e+00	   5.0254835e+01	   3.9916532e+01	  -2.8212891e+01	  -1.4380114e+01	
   9.2900000e+00	   4.8729934e+01	   3.9976510e+01	  -2.6257324e+01	  -1.4460632e+01	
   9.3000000e+00	   4.9687885e+01	   4.0034338e+01	  -2.1467285e+01	  -1.4519519e+01	
   9.3100000e+00	   4.8710384e+01	   4.0091742e+01	  -1.7775879e+01	  -1.4551476e+01	
   9.3200000e+00	   4.8563759e+01	   4.0145266e+01	  -1.4941406e+01	  -1.4562795e+01	
   9.3300000e+00	   4.7644908e+01	   4.0195117e+01	  -1.2348633e+01	  -1.4557047e+01	
   9.3400000e+00	   5.0851111e+01	   4.0251820e+01	  -1.1425781e+01	  -1.4540324e+01	
   9.3500000e+00	   4.7879508e+01	   4.0308903e+01	  -7.5146484e+00	  -1.4508567e+01	
   9.3600000e+00	   4.7781758e+01	   4.0356016e+01	  -4.6801758e+00	  -1.4455884e+01	
   9.3700000e+00	   4.8563759e+01	   4.0404976e+01	  -9.0087891e-01	  -1.4382818e+01	
   9.3800000e+00	   4.6804257e+01	   4.0450568e+01	   2.4389648e+00	  -1.4287914e+01	
   9.3900000e+00	   4.8182533e+01	   4.0494681e+01	   4.8339844e+00	  -1.4175644e+01	
   9.4000000e+00	   4.8915659e+01	   4.0545130e+01	   7.0751953e+00	  -1.4049557e+01	
   9.4100000e+00	   4.7791533e+01	   4.0594039e+01	   1.1052246e+01	  -1.3904787e+01	
   9.4200000e+00	   4.8710384e+01	   4.0641998e+01	   1.4194336e+01	  -1.3738627e+01	
   9.4300000e+00	   4.8075008e+01	   4.0690545e+01	   1.3864746e+01	  -1.3564701e+01	
   9.4400000e+00	   4.9590135e+01	   4.0741543e+01	   2.0214844e+01	  -1.3373008e+01	
   9.4500000e+00	   4.7048632e+01	   4.0789007e+01	   1.9929199e+01	  -1.3163525e+01	
   9.4600000e+00	   4.8749484e+01	   4.0833541e+01	   2.6828613e+01	  -1.2934640e+01	
   9.4700000e+00	   5.0284160e+01	   4.0887929e+01	   2.9772949e+01	  -1.2676361e+01	
   9.4800000e+00	   4.9472835e+01	   4.0944242e+01	   3.1860352e+01	  -1.2403941e+01	
   9.4900000e+00	   4.8700609e+01	   4.0995242e+01	   3.5024414e+01	  -1.2116781e+01	
   9.5000000e+00	   5.0049560e+01	   4.1047730e+01	   3.7749023e+01	  -1.1812978e+01	
   9.5100000e+00	   4.8143433e+01	   4.1098143e+01	   4.1088867e+01	  -1.1492086e+01	
   9.5200000e+00	   5.0577411e+01	   4.1149894e+01	   4.3835449e+01	  -1.1154142e+01	
   9.5300000e+00	   4.8026133e+01	   4.1200954e+01	   4.4362793e+01	  -1.0808061e+01	
   9.5400000e+00	   4.8759259e+01	   4.1245999e+01	   4.8977051e+01	  -1.0448046e+01	
   9.5500000e+00	   4.8319383e+01	   4.1291681e+01	   5.4382324e+01	  -1.0058907e+01	
   9.5600000e+00	   4.8505109e+01	   4.1336281e+01	   5.7084961e+01	  -9.6468140e+00	
   9.5700000e+00	   4.9365309e+01	   4.1383877e+01	   5.8425293e+01	  -9.2246400e+00	
   9.5800000e+00	   4.7820858e+01	   4.1429032e+01	   6.3852539e+01	  -8.7839159e+00	
   9.5900000e+00	   4.7087732e+01	   4.1466772e+01	   6.5083008e+01	  -8.3251018e+00	
   9.6000000e+00	   4.8827684e+01	   4.1507428e+01	   7.0532227e+01	  -7.8482424e+00	
   9.6100000e+00	   4.8016358e+01	   4.1550738e+01	   7.2355957e+01	  -7.3515926e+00	
   9.6200000e+00	   4.9814960e+01	   4.1596868e+01	   7.9101563e+01	  -6.8312164e+00	
   9.6300000e+00	   4.8104333e+01	   4.1642985e+01	   7.8837891e+01	  -6.2937998e+00	
   9.6400000e+00	   4.8211858e+01	   4.1683793e+01	   8.1606445e+01	  -5.7519046e+00	
   9.6500000e+00	   4.8710384e+01	   4.1726243e+01	   8.5517578e+01	  -5.1924843e+00	
   9.6600000e+00	   5.0000685e+01	   4.1774029e+01	   8.8198242e+01	  -4.6159240e+00	
   9.6700000e+00	   4.9492385e+01	   4.1823965e+01	   9.3691406e+01	  -4.0173766e+00	
   9.6800000e+00	   4.8358484e+01	   4.1868445e+01	   9.5053711e+01	  -3.4011084e+00	
   9.6900000e+00	   4.8143433e+01	   4.1908422e+01	   9.7229004e+01	  -2.7776214e+00	
   9.7000000e+00	   4.9150259e+01	   4.1950629e+01	   1.0116211e+02	  -2.1389094e+00	
   9.7100000e+00	   4.6970432e+01	   4.1988897e+01	   1.0149170e+02	  -1.4908484e+00	
   9.7200000e+00	   4.8426909e+01	   4.2024660e+01	   1.0702881e+02	  -8.2847334e-01	
   9.7300000e+00	   4.8153208e+01	   4.2063904e+01	   1.1364258e+02	  -1.3219342e-01	
   9.7400000e+00	   5.0987961e+01	   4.2110922e+01	   1.1572998e+02	   5.8697535e-01	
   9.7500000e+00	   4.8798359e+01	   4.2159666e+01	   1.1627930e+02	   1.3098972e+00	
   9.7600000e+00	   4.9560810e+01	   4.2203636e+01	   1.1680664e+02	   2.0316628e+00	
   9.7700000e+00	   4.7918608e+01	   4.2244575e+01	   1.2392578e+02	   2.7728546e+00	
   9.7800000e+00	   4.8593084e+01	   4.2282227e+01	   1.2612305e+02	   3.5385807e+00	
   9.7900000e+00	   4.8280283e+01	   4.2320775e+01	   1.2992432e+02	   4.3182967e+00	
   9.8000000e+00	   4.7996808e+01	   4.2357215e+01	   1.3209961e+02	   5.1118461e+00	
   9.8100000e+00	   4.8466009e+01	   4.2394008e+01	   1.3776855e+02	   5.9249914e+00	
   9.8200000e+00	   4.8104333e+01	   4.2430908e+01	   1.4053711e+02	   6.7594677e+00	
   9.8300000e+00	   5.0186410e+01	   4.2472964e+01	   1.4442627e+02	   7.6095677e+00	
   9.8400000e+00	   4.8612634e+01	   4.2516348e+01	   1.4633789e+02	   8.4725098e+00	
   9.8500000e+00	   4.8769034e+01	   4.2555023e+01	   1.4965576e+02	   9.3464243e+00	
   9.8600000e+00	   4.8866784e+01	   4.2594250e+01	   1.5589600e+02	   1.0244799e+01	
   9.8700000e+00	   4.9101384e+01	   4.2634273e+01	   1.5723633e+02	   1.1161287e+01	
   9.8800000e+00	   4.8553984e+01	   4.2673066e+01	   1.6266357e+02	   1.2093229e+01	
   9.8900000e+00	   4.8485559e+01	   4.2709687e+01	   1.6253174e+02	   1.3035918e+01	
   9.9000000e+00	   4.7723108e+01	   4.2743476e+01	   1.6464111e+02	   1.3978895e+01	
   9.9100000e+00	   5.0127760e+01	   4.2782197e+01	   1.7070557e+02	   1.4941565e+01	
   9.9200000e+00	   4.9443510e+01	   4.2826063e+01	   1.7182617e+02	   1.5920706e+01	
   9.9300000e+00	   4.7977258e+01	   4.2862920e+01	   1.7633057e+02	   1.6911331e+01	
   9.9400000e+00	   4.9785635e+01	   4.2900617e+01	   1.7514404e+02	   1.7906142e+01	
   9.9500000e+00	   4.8153208e+01	   4.2938629e+01	   1.7569336e+02	   1.8892727e+01	
   9.9600000e+00	   4.8505109e+01	   4.2972393e+01	  -1.1733398e+01	   1.9287875e+01	
   9.9700000e+00	   4.8094558e+01	   4.3005762e+01	  -1.3491211e+01	   1.9088068e+01	
   9.9800000e+00	   5.1339861e+01	   4.3047799e+01	  -1.8000000e+02	   1.8362540e+01	
   9.9900000e+00	   4.8935209e+01	   4.3092206e+01	  -1.8000000e+02	   1.7120091e+01	
   1.0000000e+01	   4.9414184e+01	   4.3130304e+01	  -1.8000000e+02	   1.5885424e+01	
