   0.0000000e+00	  -1.6466120e-01	  -2.2513918e-02	  -1.7650635e+02	  -2.4133490e+01	
   5.0000000e-01	  -3.1865015e+01	  -4.3957345e+00	   1.4682129e+02	  -2.1592807e+01	
   1.0000000e+00	  -4.3956702e+01	  -1.3560696e+01	   1.7490234e+01	   6.7780142e+00	
   1.5000000e+00	  -4.7827605e+01	  -2.2401974e+01	  -1.2603516e+02	  -9.9166944e+00	
   2.0000000e+00	  -4.8511856e+01	  -2.9448360e+01	   9.6635742e+01	  -1.1224645e+01	
   2.5000000e+00	  -4.8971281e+01	  -3.4724232e+01	  -5.5195313e+01	  -2.4890844e+00	
   3.0000000e+00	  -4.8717131e+01	  -3.8585444e+01	   1.7318848e+02	   1.4324631e+01	
   3.5000000e+00	  -4.9557782e+01	  -4.1470971e+01	   1.4238281e+01	   3.6034077e+01	
   4.0000000e+00	  -4.8961506e+01	  -4.3600842e+01	  -1.3748291e+02	   9.3292070e+00	
   4.5000000e+00	  -4.9108131e+01	  -4.5086803e+01	   8.4968262e+01	  -4.0219583e-01	
   5.0000000e+00	  -4.8951731e+01	  -4.6165081e+01	  -6.4555664e+01	   2.4987763e+00	
   5.5000000e+00	   1.7303280e+01	  -3.7868147e+01	  -9.6130371e+01	  -2.0154931e+01	
   6.0000000e+00	   4.0372301e+01	  -1.9626910e+01	   2.1972656e-01	  -2.7757156e+01	
   6.5000000e+00	   4.7341883e+01	  -2.2667356e+00	   1.4040527e+02	  -9.3927571e-01	
   7.0000000e+00	   4.8153208e+01	   1.1410043e+01	  -8.7495117e+01	   6.5519150e+00	
   7.5000000e+00	   4.8974309e+01	   2.1570004e+01	   5.9260254e+01	   8.9972775e-01	
   8.0000000e+00	   4.8759259e+01	   2.9034513e+01	  -1.6448730e+02	  -1.3733871e+01	
   8.5000000e+00	   4.9199134e+01	   3.4488536e+01	  -1.2810059e+01	  -3.4219886e+01	
   9.0000000e+00	   4.9472835e+01	   3.8548681e+01	   1.4341553e+02	  -7.0046817e+00	
   9.5000000e+00	   4.8866784e+01	   4.1453108e+01	  -8.4660645e+01	   2.9442817e+00	
   1.0000000e+01	   4.8593084e+01	   4.3443011e+01	   6.4797363e+01	  -5.7673547e-01	
