   0.0000000e+00	  -1.0000000e+01	  -1.1578615e-01	  -1.5831295e-02	  -9.8842138e-01	  -9.8842138e-01	  -9.8842138e-01	   0.0000000e+00	  -0.0000000e+00	
   5.0000000e-01	  -1.0000000e+01	  -8.0824185e+00	  -1.1324323e+00	  -1.9175815e-01	  -1.9175815e-01	  -1.9175815e-01	   0.0000000e+00	  -0.0000000e+00	
   1.0000000e+00	  -1.0000000e+01	  -5.5409162e+00	  -2.6854615e+00	  -4.4590838e-01	  -4.4590838e-01	  -4.4590838e-01	   0.0000000e+00	  -0.0000000e+00	
   1.5000000e+00	  -1.0000000e+01	  -5.1401408e+00	  -3.4115094e+00	  -4.8598592e-01	  -4.8598592e-01	  -4.8598592e-01	   0.0000000e+00	  -0.0000000e+00	
   2.0000000e+00	  -1.0000000e+01	  -4.7686904e+00	  -3.8334286e+00	  -5.2313096e-01	  -5.2313096e-01	  -5.2313096e-01	   0.0000000e+00	  -0.0000000e+00	
   2.5000000e+00	  -1.0000000e+01	  -7.3297428e+00	  -4.4393524e+00	  -2.6702572e-01	  -2.6702572e-01	  -2.6702572e-01	   0.0000000e+00	  -0.0000000e+00	
   3.0000000e+00	  -1.0000000e+01	  -5.6973163e+00	  -5.0065517e+00	  -4.3026837e-01	  -4.3026837e-01	  -4.3026837e-01	   0.0000000e+00	  -0.0000000e+00	
   3.5000000e+00	  -1.0000000e+01	  -4.9446406e+00	  -5.0925340e+00	  -5.0553594e-01	  -5.0553594e-01	  -5.0553594e-01	   0.0000000e+00	  -0.0000000e+00	
   4.0000000e+00	  -1.0000000e+01	  -5.9221415e+00	  -5.1857439e+00	  -4.0778585e-01	  -4.0778585e-01	  -4.0778585e-01	   0.0000000e+00	  -0.0000000e+00	
   4.5000000e+00	  -1.0000000e+01	  -4.3483651e+00	  -5.1719369e+00	  -5.6516349e-01	  -5.6516349e-01	  -5.6516349e-01	   0.0000000e+00	  -0.0000000e+00	
   5.0000000e+00	   1.0000000e+01	  -7.6327681e+00	  -5.3957973e+00	   1.7632768e+00	   1.7632768e+00	   1.7632768e+00	   0.0000000e+00	   0.0000000e+00	
   5.5000000e+00	   1.0000000e+01	   1.1848825e+01	  -3.3438201e+00	  -1.8488249e-01	  -1.8488249e-01	  -1.8488249e-01	   0.0000000e+00	  -0.0000000e+00	
   6.0000000e+00	   1.0000000e+01	   2.9731167e+00	  -4.0284216e-01	   7.0268833e-01	   7.0268833e-01	   7.0268833e-01	   0.0000000e+00	   0.0000000e+00	
   6.5000000e+00	   1.0000000e+01	   6.3357198e+00	   9.8010348e-01	   3.6642802e-01	   3.6642802e-01	   3.6642802e-01	   0.0000000e+00	   0.0000000e+00	
   7.0000000e+00	   1.0000000e+01	   3.8235425e+00	   2.1011500e+00	   6.1764575e-01	   6.1764575e-01	   6.1764575e-01	   0.0000000e+00	   0.0000000e+00	
   7.5000000e+00	   1.0000000e+01	   4.4980181e+00	   2.6643713e+00	   5.5019819e-01	   5.5019819e-01	   5.5019819e-01	   0.0000000e+00	   0.0000000e+00	
   8.0000000e+00	   1.0000000e+01	   5.8567443e+00	   3.3515726e+00	   4.1432557e-01	   4.1432557e-01	   4.1432557e-01	   0.0000000e+00	   0.0000000e+00	
   8.5000000e+00	   1.0000000e+01	   5.1529437e+00	   3.9404008e+00	   4.8470563e-01	   4.8470563e-01	   4.8470563e-01	   0.0000000e+00	   0.0000000e+00	
   9.0000000e+00	   1.0000000e+01	   6.5605450e+00	   4.4644392e+00	   3.4394550e-01	   3.4394550e-01	   3.4394550e-01	   0.0000000e+00	   0.0000000e+00	
   9.5000000e+00	   1.0000000e+01	   4.3611680e+00	   4.7369170e+00	   5.6388320e-01	   5.6388320e-01	   5.6388320e-01	   0.0000000e+00	   0.0000000e+00	
   1.0000000e+01	   1.0000000e+01	   5.1627187e+00	   4.7437606e+00	   4.8372813e-01	   4.8372813e-01	   4.8372813e-01	   0.0000000e+00	   0.0000000e+00	
