   0.0000000e+00	  -1.0000000e+01	  -7.1206170e-01	  -4.5496864e-01	  -1.3931907e+00	  -1.3931907e+00	  -1.3931907e+00	   0.0000000e+00	  -0.0000000e+00	
   1.0000000e-01	  -1.0000000e+01	  -4.0160147e+00	  -2.9559316e+00	  -1.1762359e+00	  -1.1762359e+00	  -8.9759779e-01	  -2.7863815e-01	  -0.0000000e+00	
   2.0000000e-01	  -1.0000000e+01	  -3.3513141e+00	  -4.1619211e+00	  -1.4554606e+00	  -1.4554606e+00	  -9.9730288e-01	  -4.5815771e-01	  -0.0000000e+00	
   3.0000000e-01	  -1.0000000e+01	  -6.0003416e+00	  -4.7053124e+00	  -1.2575670e+00	  -1.2575670e+00	  -5.9994876e-01	  -6.5761828e-01	  -0.0000000e+00	
   4.0000000e-01	  -1.0000000e+01	  -8.5711689e+00	  -8.1894720e+00	  -9.9193269e-01	  -9.9193269e-01	  -2.1432466e-01	  -7.7760803e-01	  -0.0000000e+00	
   5.0000000e-01	  -1.0000000e+01	  -8.8448692e+00	  -9.1355338e+00	  -9.9374259e-01	  -9.9374259e-01	  -1.7326962e-01	  -8.2047297e-01	  -0.0000000e+00	
   6.0000000e-01	  -1.0000000e+01	  -9.5095698e+00	  -9.0330222e+00	  -9.2869142e-01	  -9.2869142e-01	  -7.3564528e-02	  -8.5512689e-01	  -0.0000000e+00	
   7.0000000e-01	  -1.0000000e+01	  -1.0184045e+01	  -1.0214903e+01	  -8.4223298e-01	  -8.4223298e-01	   2.7606815e-02	  -8.6983980e-01	   0.0000000e+00	
   8.0000000e-01	  -1.0000000e+01	  -1.0526171e+01	  -1.0411567e+01	  -7.8539282e-01	  -7.8539282e-01	   7.8925612e-02	  -8.6431843e-01	   0.0000000e+00	
   9.0000000e-01	  -1.0000000e+01	  -1.0320896e+01	  -1.0435894e+01	  -8.0039898e-01	  -8.0039898e-01	   4.8134334e-02	  -8.4853331e-01	   0.0000000e+00	
   1.0000000e+00	  -1.0000000e+01	  -1.0604371e+01	  -1.0464310e+01	  -7.4825082e-01	  -7.4825082e-01	   9.0655623e-02	  -8.3890644e-01	   0.0000000e+00	
   1.1000000e+00	  -1.0000000e+01	  -1.1054021e+01	  -1.0940181e+01	  -6.6267213e-01	  -6.6267213e-01	   1.5810319e-01	  -8.2077532e-01	   0.0000000e+00	
   1.2000000e+00	  -1.0000000e+01	  -1.0477296e+01	  -1.0771773e+01	  -7.1756033e-01	  -7.1756033e-01	   7.1594356e-02	  -7.8915468e-01	   0.0000000e+00	
   1.3000000e+00	  -1.0000000e+01	  -9.4215947e+00	  -9.6435946e+00	  -8.6159660e-01	  -8.6159660e-01	  -8.6760790e-02	  -7.7483581e-01	  -0.0000000e+00	
   1.4000000e+00	  -1.0000000e+01	  -9.8028201e+00	  -9.5286151e+00	  -8.2176496e-01	  -8.2176496e-01	  -2.9576988e-02	  -7.9218797e-01	  -0.0000000e+00	
   1.5000000e+00	  -1.0000000e+01	  -9.1087944e+00	  -9.4949328e+00	  -9.3178420e-01	  -9.3178420e-01	  -1.3368083e-01	  -7.9810337e-01	  -0.0000000e+00	
   1.6000000e+00	  -1.0000000e+01	  -9.0012693e+00	  -8.8688851e+00	  -9.7464913e-01	  -9.7464913e-01	  -1.4980960e-01	  -8.2483953e-01	  -0.0000000e+00	
   1.7000000e+00	  -1.0000000e+01	  -8.6004940e+00	  -8.7614259e+00	  -1.0647274e+00	  -1.0647274e+00	  -2.0992590e-01	  -8.5480145e-01	  -0.0000000e+00	
   1.8000000e+00	  -1.0000000e+01	  -9.9103452e+00	  -9.3987568e+00	  -9.1023486e-01	  -9.1023486e-01	  -1.3448223e-02	  -8.9678663e-01	  -0.0000000e+00	
   1.9000000e+00	  -1.0000000e+01	  -1.1445022e+01	  -1.1113008e+01	  -6.8272304e-01	  -6.8272304e-01	   2.1675324e-01	  -8.9947628e-01	   0.0000000e+00	
   2.0000000e+00	  -1.0000000e+01	  -1.0174270e+01	  -1.0876693e+01	  -8.2998507e-01	  -8.2998507e-01	   2.6140564e-02	  -8.5612563e-01	   0.0000000e+00	
   2.1000000e+00	  -1.0000000e+01	  -9.0501444e+00	  -9.0775882e+00	  -9.9337586e-01	  -9.9337586e-01	  -1.4247834e-01	  -8.5089752e-01	  -0.0000000e+00	
   2.2000000e+00	  -1.0000000e+01	  -1.0174270e+01	  -9.7012850e+00	  -8.5325262e-01	  -8.5325262e-01	   2.6140564e-02	  -8.7939319e-01	   0.0000000e+00	
   2.3000000e+00	  -1.0000000e+01	  -1.0917171e+01	  -1.0924013e+01	  -7.3658941e-01	  -7.3658941e-01	   1.3757567e-01	  -8.7416507e-01	   0.0000000e+00	
   2.4000000e+00	  -1.0000000e+01	  -1.0076520e+01	  -1.0399467e+01	  -8.3517189e-01	  -8.3517189e-01	   1.1478050e-02	  -8.4664994e-01	   0.0000000e+00	
   2.5000000e+00	  -1.0000000e+01	  -1.0956271e+01	  -1.0456795e+01	  -7.0091366e-01	  -7.0091366e-01	   1.4344067e-01	  -8.4435433e-01	   0.0000000e+00	
   2.6000000e+00	  -1.0000000e+01	  -1.0408871e+01	  -1.0845140e+01	  -7.5433560e-01	  -7.5433560e-01	   6.1330596e-02	  -8.1566620e-01	   0.0000000e+00	
   2.7000000e+00	  -1.0000000e+01	  -1.0614146e+01	  -1.0371358e+01	  -7.1127820e-01	  -7.1127820e-01	   9.2121874e-02	  -8.0340008e-01	   0.0000000e+00	
   2.8000000e+00	  -1.0000000e+01	  -1.0506621e+01	  -1.0596430e+01	  -7.0898259e-01	  -7.0898259e-01	   7.5993110e-02	  -7.8497570e-01	   0.0000000e+00	
   2.9000000e+00	  -1.0000000e+01	  -9.3433947e+00	  -9.7852717e+00	  -8.6826788e-01	  -8.6826788e-01	  -9.8490801e-02	  -7.6977708e-01	  -0.0000000e+00	
   3.0000000e+00	  -1.0000000e+01	  -9.6659700e+00	  -9.2704290e+00	  -8.3957975e-01	  -8.3957975e-01	  -5.0104507e-02	  -7.8947524e-01	  -0.0000000e+00	
   3.1000000e+00	  -1.0000000e+01	  -9.4509198e+00	  -9.7253042e+00	  -8.8185818e-01	  -8.8185818e-01	  -8.2362036e-02	  -7.9949614e-01	  -0.0000000e+00	
   3.2000000e+00	  -1.0000000e+01	  -1.0770546e+01	  -1.0192385e+01	  -7.0038665e-01	  -7.0038665e-01	   1.1558190e-01	  -8.1596855e-01	   0.0000000e+00	
   3.3000000e+00	  -1.0000000e+01	  -1.0135170e+01	  -1.0613710e+01	  -7.7257661e-01	  -7.7257661e-01	   2.0275558e-02	  -7.9285217e-01	   0.0000000e+00	
   3.4000000e+00	  -1.0000000e+01	  -9.1478945e+00	  -9.3397451e+00	  -9.1661289e-01	  -9.1661289e-01	  -1.2781583e-01	  -7.8879706e-01	  -0.0000000e+00	
   3.5000000e+00	  -1.0000000e+01	  -9.6952950e+00	  -9.3040965e+00	  -8.6006598e-01	  -8.6006598e-01	  -4.5705753e-02	  -8.1436022e-01	  -0.0000000e+00	
   3.6000000e+00	  -1.0000000e+01	  -1.0702121e+01	  -1.0582747e+01	  -7.1818324e-01	  -7.1818324e-01	   1.0531814e-01	  -8.2350137e-01	   0.0000000e+00	
   3.7000000e+00	  -1.0000000e+01	  -1.0272021e+01	  -1.0497552e+01	  -7.6163467e-01	  -7.6163467e-01	   4.0803077e-02	  -8.0243775e-01	   0.0000000e+00	
   3.8000000e+00	  -1.0000000e+01	  -8.2192686e+00	  -8.8491877e+00	  -1.0613868e+00	  -1.0613868e+00	  -2.6710971e-01	  -7.9427713e-01	  -0.0000000e+00	
   3.9000000e+00	  -1.0000000e+01	  -1.0721671e+01	  -9.4692995e+00	  -7.3944843e-01	  -7.3944843e-01	   1.0825064e-01	  -8.4769907e-01	   0.0000000e+00	
   4.0000000e+00	  -1.0000000e+01	  -1.0604371e+01	  -1.1252224e+01	  -7.3539332e-01	  -7.3539332e-01	   9.0655623e-02	  -8.2604894e-01	   0.0000000e+00	
   4.1000000e+00	  -1.0000000e+01	  -1.0262246e+01	  -1.0188796e+01	  -7.6858099e-01	  -7.6858099e-01	   3.9336826e-02	  -8.0791782e-01	   0.0000000e+00	
   4.2000000e+00	  -1.0000000e+01	  -8.6395940e+00	  -9.1193463e+00	  -1.0041114e+00	  -1.0041114e+00	  -2.0406090e-01	  -8.0005045e-01	  -0.0000000e+00	
   4.3000000e+00	  -1.0000000e+01	  -1.0594596e+01	  -9.7376593e+00	  -7.5167326e-01	  -7.5167326e-01	   8.9189372e-02	  -8.4086263e-01	   0.0000000e+00	
   4.4000000e+00	  -1.0000000e+01	  -1.0438196e+01	  -1.0833972e+01	  -7.5729541e-01	  -7.5729541e-01	   6.5729350e-02	  -8.2302476e-01	   0.0000000e+00	
   4.5000000e+00	  -1.0000000e+01	  -1.0897621e+01	  -1.0668492e+01	  -6.7523573e-01	  -6.7523573e-01	   1.3464316e-01	  -8.0987889e-01	   0.0000000e+00	
   4.6000000e+00	  -1.0000000e+01	  -9.4118197e+00	  -9.9428911e+00	  -8.7117730e-01	  -8.7117730e-01	  -8.8227042e-02	  -7.8295026e-01	  -0.0000000e+00	
   4.7000000e+00	  -1.0000000e+01	  -9.3433947e+00	  -9.1916852e+00	  -8.9908647e-01	  -8.9908647e-01	  -9.8490801e-02	  -8.0059567e-01	  -0.0000000e+00	
   4.8000000e+00	  -1.0000000e+01	  -9.8712451e+00	  -9.6503101e+00	  -8.3960705e-01	  -8.3960705e-01	  -1.9313228e-02	  -8.2029383e-01	  -0.0000000e+00	
   4.9000000e+00	  -1.0000000e+01	  -1.0144945e+01	  -1.0241905e+01	  -8.0241466e-01	  -8.0241466e-01	   2.1741810e-02	  -8.2415647e-01	   0.0000000e+00	
   5.0000000e+00	   1.0000000e+01	  -1.0125395e+01	  -1.0050938e+01	   2.1990012e+00	   2.1990012e+00	   3.0188093e+00	  -8.1980811e-01	   0.0000000e+00	
   5.1000000e+00	   1.0000000e+01	  -1.5488619e-01	  -3.8042827e+00	   1.3071867e+00	   1.3071867e+00	   1.5232329e+00	  -2.1604625e-01	   0.0000000e+00	
   5.2000000e+00	   1.0000000e+01	  -2.1353624e-01	   1.6933224e+00	   1.6206308e+00	   1.6206308e+00	   1.5320304e+00	   8.8600338e-02	   0.0000000e+00	
   5.3000000e+00	   1.0000000e+01	   4.4686931e+00	   2.1183910e+00	   1.2247025e+00	   1.2247025e+00	   8.2969604e-01	   3.9500642e-01	   0.0000000e+00	
   5.4000000e+00	   1.0000000e+01	   6.2086447e+00	   6.4207647e+00	   1.1296489e+00	   1.1296489e+00	   5.6870330e-01	   5.6094563e-01	   0.0000000e+00	
   5.5000000e+00	   1.0000000e+01	   8.4568967e+00	   7.9794351e+00	   9.0615178e-01	   9.0615178e-01	   2.3146549e-01	   6.7468629e-01	   0.0000000e+00	
   5.6000000e+00	   1.0000000e+01	   7.9876963e+00	   8.1068405e+00	   1.0228249e+00	   1.0228249e+00	   3.0184555e-01	   7.2097939e-01	   0.0000000e+00	
   5.7000000e+00	   1.0000000e+01	   9.7960730e+00	   9.3101748e+00	   8.1193755e-01	   8.1193755e-01	   3.0589053e-02	   7.8134850e-01	   0.0000000e+00	
   5.8000000e+00	   1.0000000e+01	   8.1929715e+00	   8.8690143e+00	   1.0585206e+00	   1.0585206e+00	   2.7105427e-01	   7.8746631e-01	   0.0000000e+00	
   5.9000000e+00	   1.0000000e+01	   1.0235948e+01	   9.2887299e+00	   8.0628491e-01	   8.0628491e-01	  -3.5392258e-02	   8.4167717e-01	  -0.0000000e+00	
   6.0000000e+00	   1.0000000e+01	   9.5321477e+00	   1.0127832e+01	   9.0477655e-01	   9.0477655e-01	   7.0177839e-02	   8.3459871e-01	   0.0000000e+00	
   6.1000000e+00	   1.0000000e+01	   1.0607399e+01	   1.0088493e+01	   7.5752447e-01	   7.5752447e-01	  -9.1109809e-02	   8.4863428e-01	  -0.0000000e+00	
   6.2000000e+00	   1.0000000e+01	   9.8449480e+00	   1.0224273e+01	   8.5367012e-01	   8.5367012e-01	   2.3257796e-02	   8.3041232e-01	   0.0000000e+00	
   6.3000000e+00	   1.0000000e+01	   1.0675824e+01	   1.0328900e+01	   7.3369031e-01	   7.3369031e-01	  -1.0137357e-01	   8.3506388e-01	  -0.0000000e+00	
   6.4000000e+00	   1.0000000e+01	   9.7862980e+00	   1.0159509e+01	   8.4684447e-01	   8.4684447e-01	   3.2055304e-02	   8.1478917e-01	   0.0000000e+00	
   6.5000000e+00	   1.0000000e+01	   9.5321477e+00	   9.5417088e+00	   8.9137807e-01	   8.9137807e-01	   7.0177839e-02	   8.2120023e-01	   0.0000000e+00	
   6.6000000e+00	   1.0000000e+01	   8.8967722e+00	   9.0186619e+00	   1.0007200e+00	   1.0007200e+00	   1.6548418e-01	   8.3523580e-01	   0.0000000e+00	
   6.7000000e+00	   1.0000000e+01	   1.1301424e+01	   1.0433636e+01	   6.7311898e-01	   6.7311898e-01	  -1.9521366e-01	   8.6833263e-01	  -0.0000000e+00	
   6.8000000e+00	   1.0000000e+01	   9.6983229e+00	   1.0674881e+01	   8.7454147e-01	   8.7454147e-01	   4.5251567e-02	   8.2928990e-01	   0.0000000e+00	
   6.9000000e+00	   1.0000000e+01	   8.4666718e+00	   8.5159337e+00	   1.0683394e+00	   1.0683394e+00	   2.2999924e-01	   8.3834021e-01	   0.0000000e+00	
   7.0000000e+00	   1.0000000e+01	   9.5712478e+00	   8.9915357e+00	   9.4865289e-01	   9.4865289e-01	   6.4312834e-02	   8.8434006e-01	   0.0000000e+00	
   7.1000000e+00	   1.0000000e+01	   8.6523969e+00	   9.3766231e+00	   1.0993431e+00	   1.0993431e+00	   2.0214046e-01	   8.9720263e-01	   0.0000000e+00	
   7.2000000e+00	   1.0000000e+01	   1.0343473e+01	   9.3522249e+00	   8.8610970e-01	   8.8610970e-01	  -5.1521023e-02	   9.3763072e-01	  -0.0000000e+00	
   7.3000000e+00	   1.0000000e+01	   9.5614728e+00	   1.0295407e+01	   9.9310560e-01	   9.9310560e-01	   6.5779085e-02	   9.2732651e-01	   0.0000000e+00	
   7.4000000e+00	   1.0000000e+01	   9.7569729e+00	   9.4335479e+00	   9.7693639e-01	   9.7693639e-01	   3.6454058e-02	   9.4048233e-01	   0.0000000e+00	
   7.5000000e+00	   1.0000000e+01	   1.0392349e+01	   1.0185431e+01	   8.8892086e-01	   8.8892086e-01	  -5.8852279e-02	   9.4777314e-01	  -0.0000000e+00	
   7.6000000e+00	   1.0000000e+01	   1.0597624e+01	   1.0749834e+01	   8.4635913e-01	   8.4635913e-01	  -8.9643558e-02	   9.3600269e-01	  -0.0000000e+00	
   7.7000000e+00	   1.0000000e+01	   1.1975900e+01	   1.1343287e+01	   6.2168898e-01	   6.2168898e-01	  -2.9638500e-01	   9.1807398e-01	  -0.0000000e+00	
   7.8000000e+00	   1.0000000e+01	   8.7501470e+00	   1.0263362e+01	   1.0462749e+00	   1.0462749e+00	   1.8747795e-01	   8.5879698e-01	   0.0000000e+00	
   7.9000000e+00	   1.0000000e+01	   9.9426981e+00	   8.7731750e+00	   9.0488785e-01	   9.0488785e-01	   8.5952827e-03	   8.9629257e-01	   0.0000000e+00	
   8.0000000e+00	   1.0000000e+01	   1.0666049e+01	   1.0847276e+01	   7.9810431e-01	   7.9810431e-01	  -9.9907317e-02	   8.9801162e-01	  -0.0000000e+00	
   8.1000000e+00	   1.0000000e+01	   9.7667480e+00	   1.0203505e+01	   9.1301797e-01	   9.1301797e-01	   3.4987807e-02	   8.7803016e-01	   0.0000000e+00	
   8.2000000e+00	   1.0000000e+01	   8.9065472e+00	   8.8464824e+00	   1.0490456e+00	   1.0490456e+00	   1.6401793e-01	   8.8502772e-01	   0.0000000e+00	
   8.3000000e+00	   1.0000000e+01	   1.0323923e+01	   9.8950615e+00	   8.6924279e-01	   8.6924279e-01	  -4.8588520e-02	   9.1783131e-01	  -0.0000000e+00	
   8.4000000e+00	   1.0000000e+01	   1.0235948e+01	   1.0462157e+01	   8.7272134e-01	   8.7272134e-01	  -3.5392258e-02	   9.0811360e-01	  -0.0000000e+00	
   8.5000000e+00	   1.0000000e+01	   1.0265273e+01	   1.0193064e+01	   8.6124414e-01	   8.6124414e-01	  -3.9791012e-02	   9.0103515e-01	  -0.0000000e+00	
   8.6000000e+00	   1.0000000e+01	   1.1223224e+01	   1.0859875e+01	   7.0959330e-01	   7.0959330e-01	  -1.8348364e-01	   8.9307695e-01	  -0.0000000e+00	
   8.7000000e+00	   1.0000000e+01	   9.9622481e+00	   1.0646003e+01	   8.6204300e-01	   8.6204300e-01	   5.6627800e-03	   8.5638022e-01	   0.0000000e+00	
   8.8000000e+00	   1.0000000e+01	   8.5839719e+00	   8.7352387e+00	   1.0699170e+00	   1.0699170e+00	   2.1240422e-01	   8.5751277e-01	   0.0000000e+00	
   8.9000000e+00	   1.0000000e+01	   9.2584475e+00	   8.8714634e+00	   1.0112265e+00	   1.0112265e+00	   1.1123288e-01	   8.9999362e-01	   0.0000000e+00	
   9.0000000e+00	   1.0000000e+01	   1.0147973e+01	   1.0054149e+01	   9.0004420e-01	   9.0004420e-01	  -2.2195996e-02	   9.2224019e-01	  -0.0000000e+00	
   9.1000000e+00	   1.0000000e+01	   9.4050726e+00	   9.7391258e+00	   1.0070401e+00	   1.0070401e+00	   8.9239107e-02	   9.1780100e-01	   0.0000000e+00	
   9.2000000e+00	   1.0000000e+01	   1.0929974e+01	   1.0204318e+01	   7.9615271e-01	   7.9615271e-01	  -1.3949610e-01	   9.3564882e-01	  -0.0000000e+00	
   9.3000000e+00	   1.0000000e+01	   1.0421674e+01	   1.0951863e+01	   8.4449856e-01	   8.4449856e-01	  -6.3251033e-02	   9.0774960e-01	  -0.0000000e+00	
   9.4000000e+00	   1.0000000e+01	   1.0988624e+01	   1.0592429e+01	   7.4680578e-01	   7.4680578e-01	  -1.4829361e-01	   8.9509939e-01	  -0.0000000e+00	
   9.5000000e+00	   1.0000000e+01	   9.6983229e+00	   1.0269960e+01	   9.1069223e-01	   9.1069223e-01	   4.5251567e-02	   8.6544067e-01	   0.0000000e+00	
   9.6000000e+00	   1.0000000e+01	   9.4539477e+00	   9.3441542e+00	   9.5639883e-01	   9.5639883e-01	   8.1907850e-02	   8.7449098e-01	   0.0000000e+00	
   9.7000000e+00	   1.0000000e+01	   1.0040448e+01	   9.7734726e+00	   8.8480532e-01	   8.8480532e-01	  -6.0672308e-03	   8.9087255e-01	  -0.0000000e+00	
   9.8000000e+00	   1.0000000e+01	   1.0294598e+01	   1.0420674e+01	   8.4546934e-01	   8.4546934e-01	  -4.4189766e-02	   8.8965910e-01	  -0.0000000e+00	
   9.9000000e+00	   1.0000000e+01	   9.0238473e+00	   9.3912896e+00	   1.0272441e+00	   1.0272441e+00	   1.4642291e-01	   8.8082115e-01	   0.0000000e+00	
   1.0000000e+01	   1.0000000e+01	   1.0509649e+01	   9.7885426e+00	   8.3365844e-01	   8.3365844e-01	  -7.6447296e-02	   9.1010573e-01	  -0.0000000e+00	
