   0.0000000e+00	  -5.0000000e+01	  -3.9926142e-01	  -5.4590509e-02	  -4.9600739e+00	  -4.9600739e+00	  -4.9600739e+00	   0.0000000e+00	  -0.0000000e+00	
   5.0000000e-01	  -5.0000000e+01	  -3.2001866e+01	  -4.4698275e+00	  -1.7998134e+00	  -1.7998134e+00	  -1.7998134e+00	   0.0000000e+00	  -0.0000000e+00	
   1.0000000e+00	  -5.0000000e+01	  -2.5540585e+01	  -1.1115226e+01	  -2.4459415e+00	  -2.4459415e+00	  -2.4459415e+00	   0.0000000e+00	  -0.0000000e+00	
   1.5000000e+00	  -5.0000000e+01	  -2.4377359e+01	  -1.4900902e+01	  -2.5622641e+00	  -2.5622641e+00	  -2.5622641e+00	   0.0000000e+00	  -0.0000000e+00	
   2.0000000e+00	  -5.0000000e+01	  -2.6058660e+01	  -1.7722192e+01	  -2.3941340e+00	  -2.3941340e+00	  -2.3941340e+00	   0.0000000e+00	  -0.0000000e+00	
   2.5000000e+00	  -5.0000000e+01	  -2.5325534e+01	  -1.9901622e+01	  -2.4674466e+00	  -2.4674466e+00	  -2.4674466e+00	   0.0000000e+00	  -0.0000000e+00	
   3.0000000e+00	  -5.0000000e+01	  -2.4768359e+01	  -2.1308650e+01	  -2.5231641e+00	  -2.5231641e+00	  -2.5231641e+00	   0.0000000e+00	  -0.0000000e+00	
   3.5000000e+00	  -5.0000000e+01	  -2.6175960e+01	  -2.2447192e+01	  -2.3824040e+00	  -2.3824040e+00	  -2.3824040e+00	   0.0000000e+00	  -0.0000000e+00	
   4.0000000e+00	  -5.0000000e+01	  -2.5462385e+01	  -2.3369286e+01	  -2.4537615e+00	  -2.4537615e+00	  -2.4537615e+00	   0.0000000e+00	  -0.0000000e+00	
   4.5000000e+00	  -5.0000000e+01	  -2.5237559e+01	  -2.3910919e+01	  -2.4762441e+00	  -2.4762441e+00	  -2.4762441e+00	   0.0000000e+00	  -0.0000000e+00	
   5.0000000e+00	   5.0000000e+01	  -2.5276659e+01	  -2.4279045e+01	   7.5276659e+00	   7.5276659e+00	   7.5276659e+00	   0.0000000e+00	   0.0000000e+00	
   5.5000000e+00	   5.0000000e+01	   4.0264776e+01	  -1.5590452e+01	   9.7352239e-01	   9.7352239e-01	   9.7352239e-01	   0.0000000e+00	   0.0000000e+00	
   6.0000000e+00	   5.0000000e+01	   2.4683412e+01	  -2.4468430e+00	   2.5316588e+00	   2.5316588e+00	   2.5316588e+00	   0.0000000e+00	   0.0000000e+00	
   6.5000000e+00	   5.0000000e+01	   2.3911186e+01	   4.8665424e+00	   2.6088814e+00	   2.6088814e+00	   2.6088814e+00	   0.0000000e+00	   0.0000000e+00	
   7.0000000e+00	   5.0000000e+01	   2.6061688e+01	   1.0368478e+01	   2.3938312e+00	   2.3938312e+00	   2.3938312e+00	   0.0000000e+00	   0.0000000e+00	
   7.5000000e+00	   5.0000000e+01	   2.4507462e+01	   1.4447396e+01	   2.5492538e+00	   2.5492538e+00	   2.5492538e+00	   0.0000000e+00	   0.0000000e+00	
   8.0000000e+00	   5.0000000e+01	   2.6501563e+01	   1.7471047e+01	   2.3498437e+00	   2.3498437e+00	   2.3498437e+00	   0.0000000e+00	   0.0000000e+00	
   8.5000000e+00	   5.0000000e+01	   2.4116461e+01	   1.9614397e+01	   2.5883539e+00	   2.5883539e+00	   2.5883539e+00	   0.0000000e+00	   0.0000000e+00	
   9.0000000e+00	   5.0000000e+01	   2.3735236e+01	   2.0793396e+01	   2.6264764e+00	   2.6264764e+00	   2.6264764e+00	   0.0000000e+00	   0.0000000e+00	
   9.5000000e+00	   5.0000000e+01	   2.6638414e+01	   2.1994812e+01	   2.3361586e+00	   2.3361586e+00	   2.3361586e+00	   0.0000000e+00	   0.0000000e+00	
   1.0000000e+01	   5.0000000e+01	   2.6042138e+01	   2.3183111e+01	   2.3957862e+00	   2.3957862e+00	   2.3957862e+00	   0.0000000e+00	   0.0000000e+00	
