   0.0000000e+00	   0.0000000e+00	  -3.5038637e-01	   5.1437988e+01	
   1.0000000e-02	   0.0000000e+00	  -5.2633653e-01	   5.1328125e+01	
   2.0000000e-02	   0.0000000e+00	  -2.6241129e-01	   5.2272949e+01	
   3.0000000e-02	   0.0000000e+00	  -1.0541870e+00	   5.2272949e+01	
   4.0000000e-02	   0.0000000e+00	   4.1206433e-01	   5.2141113e+01	
   5.0000000e-02	   0.0000000e+00	  -7.5116174e-01	   5.0844727e+01	
   6.0000000e-02	   0.0000000e+00	   2.1063971e-02	   5.0646973e+01	
   7.0000000e-02	   0.0000000e+00	   2.7521421e-01	   5.1437988e+01	
   8.0000000e-02	   0.0000000e+00	   1.8723912e-01	   5.0756836e+01	
   9.0000000e-02	   0.0000000e+00	   3.6318929e-01	   5.0976563e+01	
   1.0000000e-01	   0.0000000e+00	   3.7296430e-01	   5.0910645e+01	
   1.1000000e-01	   0.0000000e+00	  -1.0601115e-01	   5.1503906e+01	
   1.2000000e-01	   0.0000000e+00	  -7.6686119e-02	   5.0712891e+01	
   1.3000000e-01	   0.0000000e+00	  -4.5791147e-01	   5.1723633e+01	
   1.4000000e-01	   0.0000000e+00	  -2.3308626e-01	   5.2119141e+01	
   1.5000000e-01	   0.0000000e+00	   3.4363927e-01	   5.0185547e+01	
   1.6000000e-01	   0.0000000e+00	  -2.2331125e-01	   4.8933105e+01	
   1.7000000e-01	   0.0000000e+00	   3.0838980e-02	   5.2119141e+01	
   1.8000000e-01	   0.0000000e+00	  -4.1881143e-01	   5.2756348e+01	
   1.9000000e-01	   0.0000000e+00	   7.8351467e-01	   5.2207031e+01	
   2.0000000e-01	   0.0000000e+00	  -2.6241129e-01	   5.1547852e+01	
   2.1000000e-01	   0.0000000e+00	  -5.2633653e-01	   5.1218262e+01	
   2.2000000e-01	   0.0000000e+00	   1.7746412e-01	   5.5151367e+01	
   2.3000000e-01	   0.0000000e+00	   1.5139534e-03	   5.3063965e+01	
   2.4000000e-01	   0.0000000e+00	  -3.5038637e-01	   5.1525879e+01	
   2.5000000e-01	   0.0000000e+00	  -3.6016138e-01	   5.0668945e+01	
   2.6000000e-01	   0.0000000e+00	  -3.2106134e-01	   5.1943359e+01	
   2.7000000e-01	   0.0000000e+00	  -6.5341165e-01	   4.9812012e+01	
   2.8000000e-01	   0.0000000e+00	   7.9714025e-02	   5.3041992e+01	
   2.9000000e-01	   0.0000000e+00	  -3.7971140e-01	   5.3393555e+01	
   3.0000000e-01	   0.0000000e+00	  -2.7218630e-01	   5.1020508e+01	
   3.1000000e-01	   0.0000000e+00	  -6.6911110e-02	   5.1152344e+01	
   3.2000000e-01	   0.0000000e+00	  -5.4588655e-01	   5.3437500e+01	
   3.3000000e-01	   0.0000000e+00	  -1.3533617e-01	   4.8911133e+01	
   3.4000000e-01	   0.0000000e+00	  -1.1910371e+00	   5.2756348e+01	
   3.5000000e-01	   0.0000000e+00	  -1.7443621e-01	   5.1064453e+01	
   3.6000000e-01	   0.0000000e+00	   5.0388998e-02	   5.0954590e+01	
   3.7000000e-01	   0.0000000e+00	  -7.6686119e-02	   5.1174316e+01	
   3.8000000e-01	   0.0000000e+00	  -9.3688691e-01	   5.0581055e+01	
   3.9000000e-01	   0.0000000e+00	   2.9476422e-01	   5.1987305e+01	
   4.0000000e-01	   0.0000000e+00	  -7.7071176e-01	   5.2338867e+01	
   4.1000000e-01	   0.0000000e+00	  -7.5116174e-01	   5.0888672e+01	
   4.2000000e-01	   0.0000000e+00	   1.2858907e-01	   5.1174316e+01	
   4.3000000e-01	   0.0000000e+00	  -6.8273668e-01	   5.0317383e+01	
   4.4000000e-01	   0.0000000e+00	  -1.1323871e+00	   5.2053223e+01	
   4.5000000e-01	   0.0000000e+00	  -3.7971140e-01	   5.1042480e+01	
   4.6000000e-01	   0.0000000e+00	  -1.6466120e-01	   5.1394043e+01	
   4.7000000e-01	   0.0000000e+00	  -1.0737370e+00	   5.0932617e+01	
   4.8000000e-01	   0.0000000e+00	   2.6543920e-01	   5.0866699e+01	
   4.9000000e-01	   0.0000000e+00	  -6.6318666e-01	   5.1020508e+01	
   5.0000000e-01	   0.0000000e+00	  -3.2106134e-01	   5.1833496e+01	
   5.1000000e-01	   0.0000000e+00	   1.0903905e-01	   5.0998535e+01	
   5.2000000e-01	   0.0000000e+00	  -2.2331125e-01	   5.0295410e+01	
   5.3000000e-01	   0.0000000e+00	  -1.2008122e+00	   5.1086426e+01	
   5.4000000e-01	   0.0000000e+00	  -9.9553697e-01	   5.2119141e+01	
   5.5000000e-01	   0.0000000e+00	  -1.4745124e+00	   5.2031250e+01	
   5.6000000e-01	   0.0000000e+00	  -1.8421122e-01	   5.3701172e+01	
   5.7000000e-01	   0.0000000e+00	  -6.5341165e-01	   5.0603027e+01	
   5.8000000e-01	   0.0000000e+00	  -3.2106134e-01	   5.2229004e+01	
   5.9000000e-01	   0.0000000e+00	  -3.6993639e-01	   5.4228516e+01	
   6.0000000e-01	   0.0000000e+00	  -1.3278873e+00	   5.1635742e+01	
   6.1000000e-01	   0.0000000e+00	  -1.5488619e-01	   4.8779297e+01	
   6.2000000e-01	   0.0000000e+00	   9.9264043e-02	   5.1416016e+01	
   6.3000000e-01	   0.0000000e+00	  -3.4061136e-01	   5.0646973e+01	
   6.4000000e-01	   0.0000000e+00	  -1.2556116e-01	   5.0954590e+01	
   6.5000000e-01	   0.0000000e+00	  -9.6236137e-02	   5.0185547e+01	
   6.6000000e-01	   0.0000000e+00	  -2.9173632e-01	   5.1196289e+01	
   6.7000000e-01	   0.0000000e+00	  -4.8723650e-01	   5.3327637e+01	
   6.8000000e-01	   0.0000000e+00	  -1.1519371e+00	   5.0800781e+01	
   6.9000000e-01	   0.0000000e+00	  -6.6911110e-02	   5.2822266e+01	
   7.0000000e-01	   0.0000000e+00	  -1.4940624e+00	   5.1679688e+01	
   7.1000000e-01	   0.0000000e+00	  -5.5566156e-01	   5.2822266e+01	
   7.2000000e-01	   0.0000000e+00	   8.9489034e-02	   5.0800781e+01	
   7.3000000e-01	   0.0000000e+00	  -4.7746149e-01	   4.8889160e+01	
   7.4000000e-01	   0.0000000e+00	  -7.0228670e-01	   5.2580566e+01	
   7.5000000e-01	   0.0000000e+00	   9.5946484e-01	   5.0603027e+01	
   7.6000000e-01	   0.0000000e+00	  -1.6700126e+00	   5.1284180e+01	
   7.7000000e-01	   0.0000000e+00	  -8.1958680e-01	   4.7592773e+01	
   7.8000000e-01	   0.0000000e+00	  -4.9701151e-01	   5.0668945e+01	
   7.9000000e-01	   0.0000000e+00	  -1.4511118e-01	   5.1284180e+01	
   8.0000000e-01	   0.0000000e+00	   2.9476422e-01	   5.0778809e+01	
   8.1000000e-01	   0.0000000e+00	  -2.9173632e-01	   5.1020508e+01	
   8.2000000e-01	   0.0000000e+00	  -4.0903642e-01	   5.0251465e+01	
   8.3000000e-01	   0.0000000e+00	  -6.5341165e-01	   5.1591797e+01	
   8.4000000e-01	   0.0000000e+00	  -2.1353624e-01	   5.0844727e+01	
   8.5000000e-01	   0.0000000e+00	  -5.0678652e-01	   5.0734863e+01	
   8.6000000e-01	   0.0000000e+00	  -4.3836145e-01	   5.0625000e+01	
   8.7000000e-01	   0.0000000e+00	  -7.6093675e-01	   5.2492676e+01	
   8.8000000e-01	   0.0000000e+00	  -3.2106134e-01	   5.1064453e+01	
   8.9000000e-01	   0.0000000e+00	  -3.2106134e-01	   4.7724609e+01	
   9.0000000e-01	   0.0000000e+00	  -9.6236137e-02	   5.5788574e+01	
   9.1000000e-01	   0.0000000e+00	  -4.4813646e-01	   4.8911133e+01	
   9.2000000e-01	   0.0000000e+00	   1.0474399e+00	   4.9086914e+01	
   9.3000000e-01	   0.0000000e+00	  -3.4061136e-01	   4.9460449e+01	
   9.4000000e-01	   0.0000000e+00	   3.0838980e-02	   5.1987305e+01	
   9.5000000e-01	   0.0000000e+00	   5.4891446e-01	   5.0383301e+01	
   9.6000000e-01	   0.0000000e+00	  -3.6016138e-01	   5.0141602e+01	
   9.7000000e-01	   0.0000000e+00	  -3.5038637e-01	   5.1350098e+01	
   9.8000000e-01	   0.0000000e+00	   2.4588918e-01	   5.0141602e+01	
   9.9000000e-01	   0.0000000e+00	  -6.5341165e-01	   5.1174316e+01	
   1.0000000e+00	   5.0000000e+00	  -2.3308626e-01	   5.1591797e+01	
   1.0100000e+00	   5.0000000e+00	  -2.4286127e-01	   5.1745605e+01	
   1.0200000e+00	   5.0000000e+00	  -5.8498659e-01	   4.9943848e+01	
   1.0300000e+00	   5.0000000e+00	  -5.7136101e-02	   5.1701660e+01	
   1.0400000e+00	   5.0000000e+00	   1.9369657e+00	   5.1525879e+01	
   1.0500000e+00	   5.0000000e+00	   3.5302922e+00	   5.4909668e+01	
   1.0600000e+00	   5.0000000e+00	   3.0806418e+00	   5.3613281e+01	
   1.0700000e+00	   5.0000000e+00	   4.9769935e+00	   5.4162598e+01	
   1.0800000e+00	   5.0000000e+00	   5.5732691e+00	   5.2141113e+01	
   1.0900000e+00	   5.0000000e+00	   5.6416942e+00	   5.4206543e+01	
   1.1000000e+00	   5.0000000e+00	   7.1079455e+00	   5.3349609e+01	
   1.1100000e+00	   5.0000000e+00	   6.3943698e+00	   5.3371582e+01	
   1.1200000e+00	   5.0000000e+00	   9.6396728e+00	   5.4887695e+01	
   1.1300000e+00	   5.0000000e+00	   1.1096149e+01	   5.2514648e+01	
   1.1400000e+00	   5.0000000e+00	   1.0744249e+01	   5.5019531e+01	
   1.1500000e+00	   5.0000000e+00	   9.9524731e+00	   5.8732910e+01	
   1.1600000e+00	   5.0000000e+00	   1.2249600e+01	   5.9370117e+01	
   1.1700000e+00	   5.0000000e+00	   1.1721750e+01	   5.8271484e+01	
   1.1800000e+00	   5.0000000e+00	   1.3715852e+01	   6.1105957e+01	
   1.1900000e+00	   5.0000000e+00	   1.4673802e+01	   6.1743164e+01	
   1.2000000e+00	   5.0000000e+00	   1.4185052e+01	   5.7150879e+01	
   1.2100000e+00	   5.0000000e+00	   1.7029580e+01	   6.3522949e+01	
   1.2200000e+00	   5.0000000e+00	   1.7332605e+01	   6.2622070e+01	
   1.2300000e+00	   5.0000000e+00	   1.8163481e+01	   6.4533691e+01	
   1.2400000e+00	   5.0000000e+00	   1.8965031e+01	   6.1743164e+01	
   1.2500000e+00	   5.0000000e+00	   2.0401958e+01	   6.9565430e+01	
   1.2600000e+00	   5.0000000e+00	   1.8925931e+01	   6.9257813e+01	
   1.2700000e+00	   5.0000000e+00	   2.1262159e+01	   6.6049805e+01	
   1.2800000e+00	   5.0000000e+00	   2.0343308e+01	   7.6003418e+01	
   1.2900000e+00	   5.0000000e+00	   2.0470383e+01	   7.6179199e+01	
   1.3000000e+00	   5.0000000e+00	   2.0626783e+01	   7.6442871e+01	
   1.3100000e+00	   5.0000000e+00	   2.2278759e+01	   7.7233887e+01	
   1.3200000e+00	   5.0000000e+00	   2.2503585e+01	   7.8068848e+01	
   1.3300000e+00	   5.0000000e+00	   2.3989386e+01	   7.6860352e+01	
   1.3400000e+00	   5.0000000e+00	   2.4732287e+01	   8.2792969e+01	
   1.3500000e+00	   5.0000000e+00	   2.4351061e+01	   8.3474121e+01	
   1.3600000e+00	   5.0000000e+00	   2.5377437e+01	   8.5187988e+01	
   1.3700000e+00	   5.0000000e+00	   2.6149663e+01	   8.6286621e+01	
   1.3800000e+00	   5.0000000e+00	   2.7029414e+01	   8.9494629e+01	
   1.3900000e+00	   5.0000000e+00	   2.5973713e+01	   9.2812500e+01	
   1.4000000e+00	   5.0000000e+00	   2.8495665e+01	   9.2988281e+01	
   1.4100000e+00	   5.0000000e+00	   2.8740040e+01	   9.1494141e+01	
   1.4200000e+00	   5.0000000e+00	   2.9541591e+01	   9.5756836e+01	
   1.4300000e+00	   5.0000000e+00	   2.8964866e+01	   9.8437500e+01	
   1.4400000e+00	   5.0000000e+00	   2.9922817e+01	   1.0008545e+02	
   1.4500000e+00	   5.0000000e+00	   3.0880767e+01	   9.9953613e+01	
   1.4600000e+00	   5.0000000e+00	   3.0128092e+01	   1.0278809e+02	
   1.4700000e+00	   5.0000000e+00	   3.1095818e+01	   1.0463379e+02	
   1.4800000e+00	   5.0000000e+00	   3.3617770e+01	   1.0437012e+02	
   1.4900000e+00	   5.0000000e+00	   3.2014668e+01	   1.1263184e+02	
   1.5000000e+00	   5.0000000e+00	   3.2210169e+01	   1.1408203e+02	
   1.5100000e+00	   5.0000000e+00	   3.3695970e+01	   1.0700684e+02	
   1.5200000e+00	   5.0000000e+00	   3.3754620e+01	   1.1867432e+02	
   1.5300000e+00	   5.0000000e+00	   3.3373395e+01	   1.1847656e+02	
   1.5400000e+00	   5.0000000e+00	   3.4106520e+01	   1.2049805e+02	
   1.5500000e+00	   5.0000000e+00	   3.4155395e+01	   1.2616699e+02	
   1.5600000e+00	   5.0000000e+00	   3.4497521e+01	   1.2298096e+02	
   1.5700000e+00	   5.0000000e+00	   3.3617770e+01	   1.2961670e+02	
   1.5800000e+00	   5.0000000e+00	   3.4262921e+01	   1.2955078e+02	
   1.5900000e+00	   5.0000000e+00	   3.6755548e+01	   1.3130859e+02	
   1.6000000e+00	   5.0000000e+00	   3.7654849e+01	   1.3460449e+02	
   1.6100000e+00	   5.0000000e+00	   3.7039023e+01	   1.3710938e+02	
   1.6200000e+00	   5.0000000e+00	   3.6823973e+01	   1.4152588e+02	
   1.6300000e+00	   5.0000000e+00	   3.6999923e+01	   1.4323975e+02	
   1.6400000e+00	   5.0000000e+00	   3.6687123e+01	   1.4337158e+02	
   1.6500000e+00	   5.0000000e+00	   3.8563924e+01	   1.4578857e+02	
   1.6600000e+00	   5.0000000e+00	   3.9463225e+01	   1.5095215e+02	
   1.6700000e+00	   5.0000000e+00	   3.9932426e+01	   1.5213867e+02	
   1.6800000e+00	   5.0000000e+00	   3.9140650e+01	   1.5477539e+02	
   1.6900000e+00	   5.0000000e+00	   3.7068348e+01	   1.5945557e+02	
   1.7000000e+00	   5.0000000e+00	   3.8700775e+01	   1.6026855e+02	
   1.7100000e+00	   5.0000000e+00	   4.0118151e+01	   1.6380615e+02	
   1.7200000e+00	   5.0000000e+00	   4.0646001e+01	   1.7000244e+02	
   1.7300000e+00	   5.0000000e+00	   4.0587351e+01	   1.6875000e+02	
   1.7400000e+00	   5.0000000e+00	   4.1046777e+01	   1.6998047e+02	
   1.7500000e+00	   5.0000000e+00	   3.9248175e+01	   1.7274902e+02	
   1.7600000e+00	   5.0000000e+00	   4.2200228e+01	   1.7397949e+02	
   1.7700000e+00	   5.0000000e+00	   4.0841502e+01	   1.7573730e+02	
   1.7800000e+00	   5.0000000e+00	   4.2571678e+01	   1.7595703e+02	
   1.7900000e+00	   5.0000000e+00	   4.2043828e+01	   1.7611084e+02	
   1.8000000e+00	   5.0000000e+00	   4.0567801e+01	  -1.1579590e+01	
   1.8100000e+00	   5.0000000e+00	   4.1515977e+01	  -1.6910156e+02	
   1.8200000e+00	   5.0000000e+00	   4.2014503e+01	  -1.8000000e+02	
   1.8300000e+00	   5.0000000e+00	   4.2747628e+01	  -1.8000000e+02	
   1.8400000e+00	   5.0000000e+00	   4.4008605e+01	  -1.8000000e+02	
   1.8500000e+00	   5.0000000e+00	   4.4018380e+01	  -1.8000000e+02	
   1.8600000e+00	   5.0000000e+00	   4.4389830e+01	  -1.7909912e+02	
   1.8700000e+00	   5.0000000e+00	   4.3226604e+01	  -1.7549561e+02	
   1.8800000e+00	   5.0000000e+00	   4.3255929e+01	  -1.6899170e+02	
   1.8900000e+00	   5.0000000e+00	   4.4487580e+01	  -1.6787109e+02	
   1.9000000e+00	   5.0000000e+00	   4.3383004e+01	  -1.6591553e+02	
   1.9100000e+00	   5.0000000e+00	   4.4937230e+01	  -1.6257568e+02	
   1.9200000e+00	   5.0000000e+00	   4.4008605e+01	  -1.6154297e+02	
   1.9300000e+00	   5.0000000e+00	   4.5513956e+01	  -1.5637939e+02	
   1.9400000e+00	   5.0000000e+00	   4.2747628e+01	  -1.5510498e+02	
   1.9500000e+00	   5.0000000e+00	   4.4663530e+01	  -1.5020508e+02	
   1.9600000e+00	   5.0000000e+00	   4.5777881e+01	  -1.4633789e+02	
   1.9700000e+00	   5.0000000e+00	   4.5220706e+01	  -1.4545898e+02	
   1.9800000e+00	   5.0000000e+00	   4.5904956e+01	  -1.4025146e+02	
   1.9900000e+00	   5.0000000e+00	   4.5191381e+01	  -1.4227295e+02	
   2.0000000e+00	   5.0000000e+00	   4.4653755e+01	  -1.3765869e+02	
