   0.0000000e+00	   0.0000000e+00	  -1.2887872e+00	   6.2028809e+01	
   1.0000000e-02	   0.0000000e+00	  -3.0151133e-01	   6.2951660e+01	
   2.0000000e-02	   0.0000000e+00	  -2.2331125e-01	   6.1567383e+01	
   3.0000000e-02	   0.0000000e+00	  -8.7823686e-01	   6.0380859e+01	
   4.0000000e-02	   0.0000000e+00	  -4.8723650e-01	   5.9853516e+01	
   5.0000000e-02	   0.0000000e+00	  -1.4940624e+00	   6.0051270e+01	
   6.0000000e-02	   0.0000000e+00	   3.0453923e-01	   5.9655762e+01	
   7.0000000e-02	   0.0000000e+00	   4.7071439e-01	   5.8425293e+01	
   8.0000000e-02	   0.0000000e+00	  -1.6406876e+00	   5.9194336e+01	
   9.0000000e-02	   0.0000000e+00	  -4.1881143e-01	   5.6711426e+01	
   1.0000000e-01	   0.0000000e+00	  -5.8498659e-01	   6.1589355e+01	
   1.1000000e-01	   0.0000000e+00	  -3.9926142e-01	   5.9150391e+01	
   1.2000000e-01	   0.0000000e+00	  -5.8498659e-01	   5.7941895e+01	
   1.3000000e-01	   0.0000000e+00	  -7.5116174e-01	   5.7832031e+01	
   1.4000000e-01	   0.0000000e+00	  -1.4158624e+00	   6.1633301e+01	
   1.5000000e-01	   0.0000000e+00	  -3.6993639e-01	   5.6271973e+01	
   1.6000000e-01	   0.0000000e+00	  -5.7136101e-02	   5.6909180e+01	
   1.7000000e-01	   0.0000000e+00	  -9.5643693e-01	   5.6843262e+01	
   1.8000000e-01	   0.0000000e+00	  -6.8273668e-01	   5.9875488e+01	
   1.9000000e-01	   0.0000000e+00	  -9.1733689e-01	   6.0710449e+01	
   2.0000000e-01	   0.0000000e+00	   2.8498921e-01	   5.7524414e+01	
   2.1000000e-01	   0.0000000e+00	  -1.2985622e+00	   5.8557129e+01	
   2.2000000e-01	   0.0000000e+00	  -1.8421122e-01	   5.7436523e+01	
   2.3000000e-01	   0.0000000e+00	   4.7071439e-01	   5.9238281e+01	
   2.4000000e-01	   0.0000000e+00	  -1.5488619e-01	   5.9304199e+01	
   2.5000000e-01	   0.0000000e+00	  -9.0756188e-01	   5.9172363e+01	
   2.6000000e-01	   0.0000000e+00	  -6.5341165e-01	   5.7326660e+01	
   2.7000000e-01	   0.0000000e+00	   4.4138936e-01	   5.9106445e+01	
   2.8000000e-01	   0.0000000e+00	   1.2918151e+00	   5.6623535e+01	
   2.9000000e-01	   0.0000000e+00	  -5.7521158e-01	   5.8908691e+01	
   3.0000000e-01	   0.0000000e+00	  -6.3386163e-01	   5.9809570e+01	
   3.1000000e-01	   0.0000000e+00	   6.9939016e-02	   5.9633789e+01	
   3.2000000e-01	   0.0000000e+00	  -7.4138673e-01	   5.9348145e+01	
   3.3000000e-01	   0.0000000e+00	  -1.7286626e+00	   5.8095703e+01	
   3.4000000e-01	   0.0000000e+00	  -8.5868684e-01	   6.2424316e+01	
   3.5000000e-01	   0.0000000e+00	  -3.6993639e-01	   6.1237793e+01	
   3.6000000e-01	   0.0000000e+00	  -1.0346370e+00	   5.8601074e+01	
   3.7000000e-01	   0.0000000e+00	   3.0838980e-02	   5.9194336e+01	
   3.8000000e-01	   0.0000000e+00	  -3.7586083e-02	   5.8666992e+01	
   3.9000000e-01	   0.0000000e+00	  -1.4451874e+00	   5.9875488e+01	
   4.0000000e-01	   0.0000000e+00	   4.6093938e-01	   5.9458008e+01	
   4.1000000e-01	   0.0000000e+00	  -8.0003679e-01	   6.2116699e+01	
   4.2000000e-01	   0.0000000e+00	  -1.3572123e+00	   5.9172363e+01	
   4.3000000e-01	   0.0000000e+00	  -1.8166377e+00	   5.9238281e+01	
   4.4000000e-01	   0.0000000e+00	  -1.0444120e+00	   5.8732910e+01	
   4.5000000e-01	   0.0000000e+00	  -6.5341165e-01	   5.6359863e+01	
   4.6000000e-01	   0.0000000e+00	  -1.0248620e+00	   5.8645020e+01	
   4.7000000e-01	   0.0000000e+00	  -1.5722625e+00	   5.9589844e+01	
   4.8000000e-01	   0.0000000e+00	  -1.1421621e+00	   5.9567871e+01	
   4.9000000e-01	   0.0000000e+00	   6.4666455e-01	   5.9392090e+01	
   5.0000000e-01	   0.0000000e+00	  -9.5643693e-01	   6.2094727e+01	
   5.1000000e-01	   0.0000000e+00	  -2.2331125e-01	   5.9545898e+01	
   5.2000000e-01	   0.0000000e+00	  -1.5722625e+00	   5.9985352e+01	
   5.3000000e-01	   0.0000000e+00	   8.6171475e-01	   5.6645508e+01	
   5.4000000e-01	   0.0000000e+00	  -1.6211375e+00	   5.7436523e+01	
   5.5000000e-01	   0.0000000e+00	  -7.9026178e-01	   6.1018066e+01	
   5.6000000e-01	   0.0000000e+00	  -8.5868684e-01	   5.9941406e+01	
   5.7000000e-01	   0.0000000e+00	   3.0453923e-01	   5.8359375e+01	
   5.8000000e-01	   0.0000000e+00	  -5.9476160e-01	   5.5656738e+01	
   5.9000000e-01	   0.0000000e+00	  -1.1128371e+00	   5.8886719e+01	
   6.0000000e-01	   0.0000000e+00	  -5.0678652e-01	   5.9436035e+01	
   6.1000000e-01	   0.0000000e+00	   5.7823948e-01	   5.8359375e+01	
   6.2000000e-01	   0.0000000e+00	  -1.9437128e+00	   5.6535645e+01	
   6.3000000e-01	   0.0000000e+00	  -5.4588655e-01	   5.6843262e+01	
   6.4000000e-01	   0.0000000e+00	  -1.1519371e+00	   5.9479980e+01	
   6.5000000e-01	   0.0000000e+00	  -1.5722625e+00	   6.0512695e+01	
   6.6000000e-01	   0.0000000e+00	  -6.4363664e-01	   5.9414063e+01	
   6.7000000e-01	   0.0000000e+00	  -8.6846185e-01	   5.8315430e+01	
   6.8000000e-01	   0.0000000e+00	  -8.3913682e-01	   5.7238770e+01	
   6.9000000e-01	   0.0000000e+00	  -1.6993376e+00	   5.9106445e+01	
   7.0000000e-01	   0.0000000e+00	  -4.5791147e-01	   5.6381836e+01	
   7.1000000e-01	   0.0000000e+00	  -1.0444120e+00	   5.9392090e+01	
   7.2000000e-01	   0.0000000e+00	  -6.7296167e-01	   5.9831543e+01	
   7.3000000e-01	   0.0000000e+00	  -2.2331125e-01	   5.7194824e+01	
   7.4000000e-01	   0.0000000e+00	   9.3013981e-01	   5.7612305e+01	
   7.5000000e-01	   0.0000000e+00	  -1.5038374e+00	   5.9809570e+01	
   7.6000000e-01	   0.0000000e+00	  -9.7598695e-01	   5.9414063e+01	
   7.7000000e-01	   0.0000000e+00	  -1.5331625e+00	   6.0249023e+01	
   7.8000000e-01	   0.0000000e+00	  -4.1881143e-01	   5.6755371e+01	
   7.9000000e-01	   0.0000000e+00	  -9.0756188e-01	   5.8798828e+01	
   8.0000000e-01	   0.0000000e+00	   6.0164007e-02	   5.7326660e+01	
   8.1000000e-01	   0.0000000e+00	  -8.6846185e-01	   6.0336914e+01	
   8.2000000e-01	   0.0000000e+00	  -1.4549624e+00	   5.7788086e+01	
   8.3000000e-01	   0.0000000e+00	  -2.2331125e-01	   5.6557617e+01	
   8.4000000e-01	   0.0000000e+00	  -1.4511118e-01	   5.8710938e+01	
   8.5000000e-01	   0.0000000e+00	   6.9553959e-01	   6.0952148e+01	
   8.6000000e-01	   0.0000000e+00	  -2.7811074e-02	   5.7634277e+01	
   8.7000000e-01	   0.0000000e+00	  -4.7746149e-01	   5.6997070e+01	
   8.8000000e-01	   0.0000000e+00	  -1.1714871e+00	   5.8029785e+01	
   8.9000000e-01	   0.0000000e+00	   1.5791410e-01	   6.0754395e+01	
   9.0000000e-01	   0.0000000e+00	  -6.0453661e-01	   5.8271484e+01	
   9.1000000e-01	   0.0000000e+00	  -3.1128633e-01	   5.8952637e+01	
   9.2000000e-01	   0.0000000e+00	  -5.5566156e-01	   6.1171875e+01	
   9.3000000e-01	   0.0000000e+00	  -5.6543657e-01	   6.0051270e+01	
   9.4000000e-01	   0.0000000e+00	   1.0181149e+00	   5.8908691e+01	
   9.5000000e-01	   0.0000000e+00	  -6.1431161e-01	   6.0424805e+01	
   9.6000000e-01	   0.0000000e+00	  -8.8801187e-01	   5.9062500e+01	
   9.7000000e-01	   0.0000000e+00	  -1.4549624e+00	   5.8007813e+01	
   9.8000000e-01	   0.0000000e+00	  -8.2936181e-01	   5.8842773e+01	
   9.9000000e-01	   0.0000000e+00	   4.4138936e-01	   6.0578613e+01	
   1.0000000e+00	   0.0000000e+00	  -6.2408662e-01	   5.9150391e+01	
   1.0100000e+00	   0.0000000e+00	  -1.1812621e+00	   6.0227051e+01	
   1.0200000e+00	   0.0000000e+00	   2.0678914e-01	   5.8930664e+01	
   1.0300000e+00	   0.0000000e+00	  -6.8273668e-01	   5.9172363e+01	
   1.0400000e+00	   0.0000000e+00	  -1.1030621e+00	   6.0622559e+01	
   1.0500000e+00	   0.0000000e+00	  -1.1578615e-01	   5.8513184e+01	
   1.0600000e+00	   0.0000000e+00	   6.9939016e-02	   5.9084473e+01	
   1.0700000e+00	   0.0000000e+00	  -1.5038374e+00	   5.9941406e+01	
   1.0800000e+00	   0.0000000e+00	  -5.5566156e-01	   6.3654785e+01	
   1.0900000e+00	   0.0000000e+00	   4.0613989e-02	   5.9853516e+01	
   1.1000000e+00	   0.0000000e+00	  -3.6993639e-01	   6.2446289e+01	
   1.1100000e+00	   0.0000000e+00	  -7.6686119e-02	   5.8842773e+01	
   1.1200000e+00	   0.0000000e+00	  -1.3572123e+00	   6.1391602e+01	
   1.1300000e+00	   0.0000000e+00	   9.5946484e-01	   6.2402344e+01	
   1.1400000e+00	   0.0000000e+00	   6.9939016e-02	   5.9853516e+01	
   1.1500000e+00	   0.0000000e+00	  -5.7136101e-02	   6.0490723e+01	
   1.1600000e+00	   0.0000000e+00	  -1.7443621e-01	   5.6997070e+01	
   1.1700000e+00	   0.0000000e+00	  -4.7746149e-01	   5.9633789e+01	
   1.1800000e+00	   0.0000000e+00	   6.0164007e-02	   5.8908691e+01	
   1.1900000e+00	   0.0000000e+00	   1.6828155e+00	   5.8732910e+01	
   1.2000000e+00	   0.0000000e+00	  -4.9701151e-01	   5.8996582e+01	
   1.2100000e+00	   0.0000000e+00	   4.3161435e-01	   5.9348145e+01	
   1.2200000e+00	   0.0000000e+00	  -1.4158624e+00	   5.9787598e+01	
   1.2300000e+00	   0.0000000e+00	  -9.3688691e-01	   6.0227051e+01	
   1.2400000e+00	   0.0000000e+00	  -1.2301372e+00	   5.9765625e+01	
   1.2500000e+00	   0.0000000e+00	   1.1288962e-02	   5.7194824e+01	
   1.2600000e+00	   0.0000000e+00	  -6.6911110e-02	   5.9414063e+01	
   1.2700000e+00	   0.0000000e+00	   2.0678914e-01	   5.9501953e+01	
   1.2800000e+00	   0.0000000e+00	  -9.1733689e-01	   5.9589844e+01	
   1.2900000e+00	   0.0000000e+00	  -3.1128633e-01	   5.9436035e+01	
   1.3000000e+00	   0.0000000e+00	   1.3836408e-01	   6.0402832e+01	
   1.3100000e+00	   0.0000000e+00	   1.0669899e+00	   6.0952148e+01	
   1.3200000e+00	   0.0000000e+00	  -4.9701151e-01	   5.7436523e+01	
   1.3300000e+00	   0.0000000e+00	  -5.5566156e-01	   5.9985352e+01	
   1.3400000e+00	   0.0000000e+00	  -4.9701151e-01	   6.0710449e+01	
   1.3500000e+00	   0.0000000e+00	   1.8723912e-01	   5.8359375e+01	
   1.3600000e+00	   0.0000000e+00	  -9.6621194e-01	   6.0446777e+01	
   1.3700000e+00	   0.0000000e+00	   1.3211402e+00	   6.1149902e+01	
   1.3800000e+00	   0.0000000e+00	   3.3386426e-01	   5.8051758e+01	
   1.3900000e+00	   0.0000000e+00	  -2.3308626e-01	   5.9040527e+01	
   1.4000000e+00	   0.0000000e+00	  -1.1812621e+00	   5.8183594e+01	
   1.4100000e+00	   0.0000000e+00	  -5.7521158e-01	   6.2446289e+01	
   1.4200000e+00	   0.0000000e+00	  -1.3533617e-01	   5.8557129e+01	
   1.4300000e+00	   0.0000000e+00	  -3.1128633e-01	   5.9567871e+01	
   1.4400000e+00	   0.0000000e+00	  -1.1226121e+00	   6.0622559e+01	
   1.4500000e+00	   0.0000000e+00	  -9.7598695e-01	   5.8952637e+01	
   1.4600000e+00	   0.0000000e+00	  -1.0541870e+00	   6.0842285e+01	
   1.4700000e+00	   0.0000000e+00	   9.5946484e-01	   5.9919434e+01	
   1.4800000e+00	   0.0000000e+00	  -1.4354124e+00	   5.9238281e+01	
   1.4900000e+00	   0.0000000e+00	  -7.6686119e-02	   5.6645508e+01	
   1.5000000e+00	   0.0000000e+00	  -8.8801187e-01	   6.2402344e+01	
   1.5100000e+00	   0.0000000e+00	  -1.3278873e+00	   5.9414063e+01	
   1.5200000e+00	   0.0000000e+00	  -1.7443621e-01	   5.9216309e+01	
   1.5300000e+00	   0.0000000e+00	   5.2936444e-01	   5.9919434e+01	
   1.5400000e+00	   0.0000000e+00	   3.0838980e-02	   6.0578613e+01	
   1.5500000e+00	   0.0000000e+00	  -1.1030621e+00	   5.8864746e+01	
   1.5600000e+00	   0.0000000e+00	  -4.6768648e-01	   5.9326172e+01	
   1.5700000e+00	   0.0000000e+00	  -6.3386163e-01	   5.9018555e+01	
   1.5800000e+00	   0.0000000e+00	   4.0613989e-02	   5.8820801e+01	
   1.5900000e+00	   0.0000000e+00	   5.0388998e-02	   5.8029785e+01	
   1.6000000e+00	   0.0000000e+00	  -3.1128633e-01	   6.0688477e+01	
   1.6100000e+00	   0.0000000e+00	  -4.4813646e-01	   5.9326172e+01	
   1.6200000e+00	   0.0000000e+00	  -7.2183671e-01	   5.8930664e+01	
   1.6300000e+00	   0.0000000e+00	  -4.8723650e-01	   5.8469238e+01	
   1.6400000e+00	   0.0000000e+00	  -1.1519371e+00	   6.0556641e+01	
   1.6500000e+00	   0.0000000e+00	   1.0903905e-01	   5.8073730e+01	
   1.6600000e+00	   0.0000000e+00	  -2.1353624e-01	   5.8996582e+01	
   1.6700000e+00	   0.0000000e+00	   7.9714025e-02	   5.9963379e+01	
   1.6800000e+00	   0.0000000e+00	  -1.7677627e+00	   5.8425293e+01	
   1.6900000e+00	   0.0000000e+00	   1.1647400e+00	   6.2336426e+01	
   1.7000000e+00	   0.0000000e+00	  -4.5791147e-01	   5.9216309e+01	
   1.7100000e+00	   0.0000000e+00	  -2.4286127e-01	   5.8139648e+01	
   1.7200000e+00	   0.0000000e+00	  -1.6309126e+00	   5.7216797e+01	
   1.7300000e+00	   0.0000000e+00	  -1.3474373e+00	   5.8710938e+01	
   1.7400000e+00	   0.0000000e+00	  -1.6895626e+00	   6.1171875e+01	
   1.7500000e+00	   0.0000000e+00	  -7.6093675e-01	   5.7612305e+01	
   1.7600000e+00	   0.0000000e+00	  -8.8801187e-01	   5.9479980e+01	
   1.7700000e+00	   0.0000000e+00	  -1.0601115e-01	   5.8359375e+01	
   1.7800000e+00	   0.0000000e+00	  -8.1958680e-01	   6.0908203e+01	
   1.7900000e+00	   0.0000000e+00	  -1.8752878e+00	   5.7985840e+01	
   1.8000000e+00	   0.0000000e+00	  -1.0444120e+00	   6.0820313e+01	
   1.8100000e+00	   0.0000000e+00	  -8.2610556e-03	   6.0798340e+01	
   1.8200000e+00	   0.0000000e+00	  -8.6846185e-01	   5.9545898e+01	
   1.8300000e+00	   0.0000000e+00	   1.2858907e-01	   6.0600586e+01	
   1.8400000e+00	   0.0000000e+00	  -7.2183671e-01	   6.1127930e+01	
   1.8500000e+00	   0.0000000e+00	  -6.7296167e-01	   5.8601074e+01	
   1.8600000e+00	   0.0000000e+00	  -5.3611154e-01	   5.9194336e+01	
   1.8700000e+00	   0.0000000e+00	  -5.0678652e-01	   5.8601074e+01	
   1.8800000e+00	   0.0000000e+00	  -1.6406876e+00	   5.8117676e+01	
   1.8900000e+00	   0.0000000e+00	  -9.1733689e-01	   6.1193848e+01	
   1.9000000e+00	   0.0000000e+00	  -1.2692372e+00	   5.9326172e+01	
   1.9100000e+00	   0.0000000e+00	  -1.4354124e+00	   5.8886719e+01	
   1.9200000e+00	   0.0000000e+00	  -1.4451874e+00	   6.0578613e+01	
   1.9300000e+00	   0.0000000e+00	  -5.0678652e-01	   5.7985840e+01	
   1.9400000e+00	   0.0000000e+00	  -7.2183671e-01	   5.8908691e+01	
   1.9500000e+00	   0.0000000e+00	  -1.7873127e+00	   5.9919434e+01	
   1.9600000e+00	   0.0000000e+00	   3.3386426e-01	   5.9150391e+01	
   1.9700000e+00	   0.0000000e+00	   7.0531460e-01	   5.6293945e+01	
   1.9800000e+00	   0.0000000e+00	  -1.0737370e+00	   5.7875977e+01	
   1.9900000e+00	   0.0000000e+00	  -4.8723650e-01	   5.8864746e+01	
   2.0000000e+00	   0.0000000e+00	  -1.3669873e+00	   6.1325684e+01	
   2.0100000e+00	   0.0000000e+00	  -8.0981179e-01	   5.9062500e+01	
   2.0200000e+00	   0.0000000e+00	  -8.2936181e-01	   5.9589844e+01	
   2.0300000e+00	   0.0000000e+00	  -3.1128633e-01	   5.8688965e+01	
   2.0400000e+00	   0.0000000e+00	  -6.6911110e-02	   5.8359375e+01	
   2.0500000e+00	   0.0000000e+00	  -1.1812621e+00	   5.5876465e+01	
   2.0600000e+00	   0.0000000e+00	  -5.8498659e-01	   5.8645020e+01	
   2.0700000e+00	   0.0000000e+00	  -7.0228670e-01	   5.8535156e+01	
   2.0800000e+00	   0.0000000e+00	  -1.4256374e+00	   6.0534668e+01	
   2.0900000e+00	   0.0000000e+00	  -2.9173632e-01	   6.0073242e+01	
   2.1000000e+00	   0.0000000e+00	  -1.6466120e-01	   5.8732910e+01	
   2.1100000e+00	   0.0000000e+00	  -1.1812621e+00	   6.0490723e+01	
   2.1200000e+00	   0.0000000e+00	   4.8048939e-01	   6.0534668e+01	
   2.1300000e+00	   0.0000000e+00	  -1.2556116e-01	   5.7875977e+01	
   2.1400000e+00	   0.0000000e+00	  -3.1128633e-01	   5.8205566e+01	
   2.1500000e+00	   0.0000000e+00	  -1.2496872e+00	   5.8842773e+01	
   2.1600000e+00	   0.0000000e+00	   9.1058979e-01	   5.7392578e+01	
   2.1700000e+00	   0.0000000e+00	  -2.3308626e-01	   5.8601074e+01	
   2.1800000e+00	   0.0000000e+00	  -8.3913682e-01	   5.9238281e+01	
   2.1900000e+00	   0.0000000e+00	   1.1647400e+00	   6.0227051e+01	
   2.2000000e+00	   0.0000000e+00	  -1.3572123e+00	   6.0139160e+01	
   2.2100000e+00	   0.0000000e+00	  -1.7579877e+00	   5.8469238e+01	
   2.2200000e+00	   0.0000000e+00	   2.1063971e-02	   5.9150391e+01	
   2.2300000e+00	   0.0000000e+00	  -7.3161172e-01	   5.8271484e+01	
   2.2400000e+00	   0.0000000e+00	  -9.2711190e-01	   5.9941406e+01	
   2.2500000e+00	   0.0000000e+00	  -7.2183671e-01	   5.6030273e+01	
   2.2600000e+00	   0.0000000e+00	  -4.7746149e-01	   5.9018555e+01	
   2.2700000e+00	   0.0000000e+00	   6.9939016e-02	   6.2072754e+01	
   2.2800000e+00	   0.0000000e+00	  -3.0151133e-01	   6.0314941e+01	
   2.2900000e+00	   0.0000000e+00	  -1.8036065e-02	   6.0512695e+01	
   2.3000000e+00	   0.0000000e+00	  -5.4588655e-01	   5.7502441e+01	
   2.3100000e+00	   0.0000000e+00	  -6.2408662e-01	   5.8425293e+01	
   2.3200000e+00	   0.0000000e+00	  -1.8264127e+00	   6.0952148e+01	
   2.3300000e+00	   0.0000000e+00	  -4.1881143e-01	   5.9523926e+01	
   2.3400000e+00	   0.0000000e+00	   1.2918151e+00	   6.2666016e+01	
   2.3500000e+00	   0.0000000e+00	  -2.2331125e-01	   5.9765625e+01	
   2.3600000e+00	   0.0000000e+00	  -1.5488619e-01	   6.0358887e+01	
   2.3700000e+00	   0.0000000e+00	   3.1431424e-01	   5.8666992e+01	
   2.3800000e+00	   0.0000000e+00	  -6.4363664e-01	   5.7436523e+01	
   2.3900000e+00	   0.0000000e+00	   3.6318929e-01	   5.7832031e+01	
   2.4000000e+00	   0.0000000e+00	   4.9026440e-01	   5.9479980e+01	
   2.4100000e+00	   0.0000000e+00	  -1.0150870e+00	   5.8051758e+01	
   2.4200000e+00	   0.0000000e+00	   7.8351467e-01	   5.8315430e+01	
   2.4300000e+00	   0.0000000e+00	  -9.0756188e-01	   5.9458008e+01	
   2.4400000e+00	   0.0000000e+00	   6.9939016e-02	   5.9216309e+01	
   2.4500000e+00	   0.0000000e+00	  -1.0932871e+00	   5.9150391e+01	
   2.4600000e+00	   0.0000000e+00	  -1.3181123e+00	   5.9282227e+01	
   2.4700000e+00	   0.0000000e+00	  -4.1881143e-01	   5.8139648e+01	
   2.4800000e+00	   0.0000000e+00	  -3.7971140e-01	   5.9589844e+01	
   2.4900000e+00	   0.0000000e+00	  -1.3865373e+00	   6.1193848e+01	
   2.5000000e+00	   0.0000000e+00	   6.3688954e-01	   5.8754883e+01	
   2.5100000e+00	   0.0000000e+00	  -6.6318666e-01	   5.9040527e+01	
   2.5200000e+00	   0.0000000e+00	  -1.2203622e+00	   6.0908203e+01	
   2.5300000e+00	   0.0000000e+00	  -1.5488619e-01	   6.1940918e+01	
   2.5400000e+00	   0.0000000e+00	  -3.8948641e-01	   5.9765625e+01	
   2.5500000e+00	   0.0000000e+00	  -3.4061136e-01	   5.9809570e+01	
   2.5600000e+00	   0.0000000e+00	   2.3611417e-01	   6.1743164e+01	
   2.5700000e+00	   0.0000000e+00	  -2.3308626e-01	   5.8513184e+01	
   2.5800000e+00	   0.0000000e+00	  -9.6621194e-01	   6.2731934e+01	
   2.5900000e+00	   0.0000000e+00	   4.1206433e-01	   5.7832031e+01	
   2.6000000e+00	   0.0000000e+00	  -6.6911110e-02	   6.0227051e+01	
   2.6100000e+00	   0.0000000e+00	   2.0678914e-01	   5.9128418e+01	
   2.6200000e+00	   0.0000000e+00	  -3.7586083e-02	   5.8051758e+01	
   2.6300000e+00	   0.0000000e+00	  -3.1128633e-01	   5.8974609e+01	
   2.6400000e+00	   0.0000000e+00	  -1.4256374e+00	   6.1237793e+01	
   2.6500000e+00	   0.0000000e+00	  -9.1733689e-01	   5.9743652e+01	
   2.6600000e+00	   0.0000000e+00	  -4.6768648e-01	   5.7985840e+01	
   2.6700000e+00	   0.0000000e+00	  -4.7361092e-02	   6.0249023e+01	
   2.6800000e+00	   0.0000000e+00	  -4.3836145e-01	   5.9479980e+01	
   2.6900000e+00	   0.0000000e+00	   6.0164007e-02	   6.0534668e+01	
   2.7000000e+00	   0.0000000e+00	   2.0678914e-01	   5.8359375e+01	
   2.7100000e+00	   0.0000000e+00	  -2.6241129e-01	   6.1567383e+01	
   2.7200000e+00	   0.0000000e+00	   1.4813909e-01	   6.0952148e+01	
   2.7300000e+00	   0.0000000e+00	   2.8498921e-01	   6.0710449e+01	
   2.7400000e+00	   0.0000000e+00	   5.0388998e-02	   5.9919434e+01	
   2.7500000e+00	   0.0000000e+00	  -5.0678652e-01	   5.8820801e+01	
   2.7600000e+00	   0.0000000e+00	  -2.7811074e-02	   5.8381348e+01	
   2.7700000e+00	   0.0000000e+00	  -6.6911110e-02	   5.9128418e+01	
   2.7800000e+00	   0.0000000e+00	  -5.0678652e-01	   6.1040039e+01	
   2.7900000e+00	   0.0000000e+00	  -1.3963123e+00	   5.8161621e+01	
   2.8000000e+00	   0.0000000e+00	  -7.0228670e-01	   5.9348145e+01	
   2.8100000e+00	   0.0000000e+00	  -1.3767623e+00	   6.1809082e+01	
   2.8200000e+00	   0.0000000e+00	   1.4813909e-01	   5.9677734e+01	
   2.8300000e+00	   0.0000000e+00	  -6.3386163e-01	   5.9589844e+01	
   2.8400000e+00	   0.0000000e+00	  -7.6093675e-01	   6.0556641e+01	
   2.8500000e+00	   0.0000000e+00	  -2.4286127e-01	   5.8776855e+01	
   2.8600000e+00	   0.0000000e+00	  -5.7521158e-01	   5.9150391e+01	
   2.8700000e+00	   0.0000000e+00	  -1.3181123e+00	   6.2578125e+01	
   2.8800000e+00	   0.0000000e+00	  -3.9926142e-01	   5.6513672e+01	
   2.8900000e+00	   0.0000000e+00	   4.0613989e-02	   6.2907715e+01	
   2.9000000e+00	   0.0000000e+00	  -1.6466120e-01	   5.9875488e+01	
   2.9100000e+00	   0.0000000e+00	  -9.3688691e-01	   5.9458008e+01	
   2.9200000e+00	   0.0000000e+00	  -2.6241129e-01	   5.9150391e+01	
   2.9300000e+00	   0.0000000e+00	   2.3611417e-01	   6.1699219e+01	
   2.9400000e+00	   0.0000000e+00	  -9.0756188e-01	   6.0908203e+01	
   2.9500000e+00	   0.0000000e+00	  -8.2936181e-01	   5.6733398e+01	
   2.9600000e+00	   0.0000000e+00	  -5.2633653e-01	   5.9304199e+01	
   2.9700000e+00	   0.0000000e+00	  -6.8273668e-01	   5.9611816e+01	
   2.9800000e+00	   0.0000000e+00	  -2.9173632e-01	   5.8557129e+01	
   2.9900000e+00	   0.0000000e+00	  -9.3688691e-01	   5.9501953e+01	
   3.0000000e+00	   0.0000000e+00	  -1.2203622e+00	   6.0446777e+01	
   3.0100000e+00	   0.0000000e+00	  -2.2331125e-01	   6.2753906e+01	
   3.0200000e+00	   0.0000000e+00	  -1.2399122e+00	   5.9677734e+01	
   3.0300000e+00	   0.0000000e+00	   4.5116437e-01	   6.1369629e+01	
   3.0400000e+00	   0.0000000e+00	  -9.8576196e-01	   5.9084473e+01	
   3.0500000e+00	   0.0000000e+00	  -1.1128371e+00	   5.9699707e+01	
   3.0600000e+00	   0.0000000e+00	  -6.5341165e-01	   5.7832031e+01	
   3.0700000e+00	   0.0000000e+00	  -5.4588655e-01	   6.2666016e+01	
   3.0800000e+00	   0.0000000e+00	  -7.6686119e-02	   6.2775879e+01	
   3.0900000e+00	   0.0000000e+00	  -9.9553697e-01	   5.8557129e+01	
   3.1000000e+00	   0.0000000e+00	  -4.7361092e-02	   5.8952637e+01	
   3.1100000e+00	   0.0000000e+00	  -5.1656152e-01	   5.6843262e+01	
   3.1200000e+00	   0.0000000e+00	  -3.7971140e-01	   5.8381348e+01	
   3.1300000e+00	   0.0000000e+00	  -4.9701151e-01	   5.9436035e+01	
   3.1400000e+00	   0.0000000e+00	  -7.7071176e-01	   5.8666992e+01	
   3.1500000e+00	   0.0000000e+00	  -1.9398623e-01	   6.0534668e+01	
   3.1600000e+00	   0.0000000e+00	  -1.7384377e+00	   5.9875488e+01	
   3.1700000e+00	   0.0000000e+00	   4.5116437e-01	   5.8183594e+01	
   3.1800000e+00	   0.0000000e+00	  -6.5341165e-01	   5.7634277e+01	
   3.1900000e+00	   0.0000000e+00	  -9.6236137e-02	   6.4863281e+01	
   3.2000000e+00	   0.0000000e+00	  -5.7136101e-02	   5.7106934e+01	
   3.2100000e+00	   0.0000000e+00	   1.3836408e-01	   5.6843262e+01	
   3.2200000e+00	   0.0000000e+00	   3.0453923e-01	   5.7194824e+01	
   3.2300000e+00	   0.0000000e+00	  -5.0678652e-01	   6.1831055e+01	
   3.2400000e+00	   0.0000000e+00	  -6.8273668e-01	   6.0051270e+01	
   3.2500000e+00	   0.0000000e+00	  -8.8801187e-01	   5.8974609e+01	
   3.2600000e+00	   0.0000000e+00	  -1.8557378e+00	   6.0095215e+01	
   3.2700000e+00	   0.0000000e+00	   8.1283970e-01	   5.6711426e+01	
   3.2800000e+00	   0.0000000e+00	  -5.4588655e-01	   5.8359375e+01	
   3.2900000e+00	   0.0000000e+00	  -2.6241129e-01	   5.9655762e+01	
   3.3000000e+00	   0.0000000e+00	  -1.3767623e+00	   5.8930664e+01	
   3.3100000e+00	   0.0000000e+00	   1.8723912e-01	   5.8535156e+01	
   3.3200000e+00	   0.0000000e+00	  -4.8723650e-01	   5.7612305e+01	
   3.3300000e+00	   0.0000000e+00	   1.3836408e-01	   5.9106445e+01	
   3.3400000e+00	   0.0000000e+00	   7.9714025e-02	   6.0292969e+01	
   3.3500000e+00	   0.0000000e+00	   6.5643956e-01	   5.9040527e+01	
   3.3600000e+00	   0.0000000e+00	   6.0164007e-02	   6.3610840e+01	
   3.3700000e+00	   0.0000000e+00	  -8.8801187e-01	   5.8073730e+01	
   3.3800000e+00	   0.0000000e+00	  -1.4158624e+00	   6.1391602e+01	
   3.3900000e+00	   0.0000000e+00	   3.5341428e-01	   6.1018066e+01	
   3.4000000e+00	   0.0000000e+00	  -7.4138673e-01	   5.9282227e+01	
   3.4100000e+00	   0.0000000e+00	  -1.1226121e+00	   5.8117676e+01	
   3.4200000e+00	   0.0000000e+00	   1.5791410e-01	   5.9941406e+01	
   3.4300000e+00	   0.0000000e+00	  -6.9251169e-01	   5.7546387e+01	
   3.4400000e+00	   0.0000000e+00	   2.2633916e-01	   6.2446289e+01	
   3.4500000e+00	   0.0000000e+00	  -6.5341165e-01	   5.9172363e+01	
   3.4600000e+00	   0.0000000e+00	  -1.5624875e+00	   6.0402832e+01	
   3.4700000e+00	   0.0000000e+00	  -1.2008122e+00	   5.7722168e+01	
   3.4800000e+00	   0.0000000e+00	  -7.3161172e-01	   5.8842773e+01	
   3.4900000e+00	   0.0000000e+00	  -7.6093675e-01	   6.0117188e+01	
   3.5000000e+00	   0.0000000e+00	  -1.6993376e+00	   6.0512695e+01	
   3.5100000e+00	   0.0000000e+00	  -1.3083373e+00	   6.2534180e+01	
   3.5200000e+00	   0.0000000e+00	  -5.5566156e-01	   5.8842773e+01	
   3.5300000e+00	   0.0000000e+00	  -8.9778688e-01	   5.9567871e+01	
   3.5400000e+00	   0.0000000e+00	  -5.5566156e-01	   5.9062500e+01	
   3.5500000e+00	   0.0000000e+00	  -5.3611154e-01	   6.2951660e+01	
   3.5600000e+00	   0.0000000e+00	  -5.9476160e-01	   6.1149902e+01	
   3.5700000e+00	   0.0000000e+00	   4.5116437e-01	   5.7041016e+01	
   3.5800000e+00	   0.0000000e+00	  -7.9026178e-01	   5.8623047e+01	
   3.5900000e+00	   0.0000000e+00	  -1.1714871e+00	   5.5832520e+01	
   3.6000000e+00	   0.0000000e+00	  -6.1431161e-01	   5.8183594e+01	
   3.6100000e+00	   0.0000000e+00	  -9.2711190e-01	   5.7744141e+01	
   3.6200000e+00	   0.0000000e+00	   1.4813909e-01	   5.8864746e+01	
   3.6300000e+00	   0.0000000e+00	  -2.8196131e-01	   5.5788574e+01	
   3.6400000e+00	   0.0000000e+00	   1.4813909e-01	   6.0139160e+01	
   3.6500000e+00	   0.0000000e+00	  -1.5038374e+00	   6.0842285e+01	
   3.6600000e+00	   0.0000000e+00	   1.2858907e-01	   5.7238770e+01	
   3.6700000e+00	   0.0000000e+00	   9.9264043e-02	   5.9392090e+01	
   3.6800000e+00	   0.0000000e+00	  -7.7071176e-01	   6.3281250e+01	
   3.6900000e+00	   0.0000000e+00	  -1.1578615e-01	   6.0776367e+01	
   3.7000000e+00	   0.0000000e+00	  -5.3611154e-01	   5.8029785e+01	
   3.7100000e+00	   0.0000000e+00	  -7.4138673e-01	   5.9501953e+01	
   3.7200000e+00	   0.0000000e+00	  -4.0903642e-01	   5.9040527e+01	
   3.7300000e+00	   0.0000000e+00	   3.6318929e-01	   5.8183594e+01	
   3.7400000e+00	   0.0000000e+00	  -1.5722625e+00	   6.0270996e+01	
   3.7500000e+00	   0.0000000e+00	   7.1508961e-01	   5.8249512e+01	
   3.7600000e+00	   0.0000000e+00	  -1.1578615e-01	   6.2709961e+01	
   3.7700000e+00	   0.0000000e+00	   1.0767649e+00	   5.8293457e+01	
   3.7800000e+00	   0.0000000e+00	   5.0388998e-02	   6.0358887e+01	
   3.7900000e+00	   0.0000000e+00	  -6.1431161e-01	   5.9458008e+01	
   3.8000000e+00	   0.0000000e+00	   1.1158650e+00	   6.1193848e+01	
   3.8100000e+00	   0.0000000e+00	  -4.7746149e-01	   5.9084473e+01	
   3.8200000e+00	   0.0000000e+00	   5.0388998e-02	   5.8425293e+01	
   3.8300000e+00	   0.0000000e+00	   1.5791410e-01	   5.8996582e+01	
   3.8400000e+00	   0.0000000e+00	   2.2633916e-01	   5.8513184e+01	
   3.8500000e+00	   0.0000000e+00	  -3.6016138e-01	   5.9194336e+01	
   3.8600000e+00	   0.0000000e+00	   9.8878986e-01	   6.0710449e+01	
   3.8700000e+00	   0.0000000e+00	  -2.2331125e-01	   5.9260254e+01	
   3.8800000e+00	   0.0000000e+00	  -2.2331125e-01	   6.1062012e+01	
   3.8900000e+00	   0.0000000e+00	  -4.4813646e-01	   6.2753906e+01	
   3.9000000e+00	   0.0000000e+00	  -1.4940624e+00	   5.9436035e+01	
   3.9100000e+00	   0.0000000e+00	  -2.7218630e-01	   6.0710449e+01	
   3.9200000e+00	   0.0000000e+00	  -2.1353624e-01	   6.0820313e+01	
   3.9300000e+00	   0.0000000e+00	  -8.8801187e-01	   5.9260254e+01	
   3.9400000e+00	   0.0000000e+00	   4.4138936e-01	   5.7260742e+01	
   3.9500000e+00	   0.0000000e+00	   1.1549650e+00	   5.7194824e+01	
   3.9600000e+00	   0.0000000e+00	   1.0903905e-01	   6.2138672e+01	
   3.9700000e+00	   0.0000000e+00	   9.9264043e-02	   6.0534668e+01	
   3.9800000e+00	   0.0000000e+00	  -6.6318666e-01	   6.2402344e+01	
   3.9900000e+00	   0.0000000e+00	  -8.9778688e-01	   6.0996094e+01	
   4.0000000e+00	   0.0000000e+00	  -7.6093675e-01	   5.8293457e+01	
   4.0100000e+00	   0.0000000e+00	   1.3836408e-01	   5.8974609e+01	
   4.0200000e+00	   0.0000000e+00	  -8.8801187e-01	   6.1435547e+01	
   4.0300000e+00	   0.0000000e+00	  -6.6318666e-01	   6.1237793e+01	
   4.0400000e+00	   0.0000000e+00	   5.4891446e-01	   6.1435547e+01	
   4.0500000e+00	   0.0000000e+00	  -9.6621194e-01	   5.9436035e+01	
   4.0600000e+00	   0.0000000e+00	  -6.4363664e-01	   5.9919434e+01	
   4.0700000e+00	   0.0000000e+00	  -8.1958680e-01	   6.1018066e+01	
   4.0800000e+00	   0.0000000e+00	   2.2633916e-01	   5.9589844e+01	
   4.0900000e+00	   0.0000000e+00	  -1.1226121e+00	   5.9172363e+01	
   4.1000000e+00	   0.0000000e+00	   2.1656415e-01	   5.9370117e+01	
   4.1100000e+00	   0.0000000e+00	   1.3836408e-01	   5.7700195e+01	
   4.1200000e+00	   0.0000000e+00	   2.8498921e-01	   6.0732422e+01	
   4.1300000e+00	   0.0000000e+00	   1.5791410e-01	   5.9831543e+01	
   4.1400000e+00	   0.0000000e+00	   1.4813909e-01	   5.8886719e+01	
   4.1500000e+00	   0.0000000e+00	  -1.2301372e+00	   6.1105957e+01	
   4.1600000e+00	   0.0000000e+00	  -5.8498659e-01	   5.8205566e+01	
   4.1700000e+00	   0.0000000e+00	   4.1206433e-01	   5.8227539e+01	
   4.1800000e+00	   0.0000000e+00	  -1.5136124e+00	   5.7524414e+01	
   4.1900000e+00	   0.0000000e+00	  -1.0053120e+00	   5.9062500e+01	
   4.2000000e+00	   0.0000000e+00	  -9.0756188e-01	   5.9787598e+01	
   4.2100000e+00	   0.0000000e+00	  -5.5566156e-01	   5.9831543e+01	
   4.2200000e+00	   0.0000000e+00	  -2.5263628e-01	   6.3215332e+01	
   4.2300000e+00	   0.0000000e+00	  -1.0053120e+00	   5.9523926e+01	
   4.2400000e+00	   0.0000000e+00	  -6.2408662e-01	   5.9282227e+01	
   4.2500000e+00	   0.0000000e+00	   4.6093938e-01	   5.6425781e+01	
   4.2600000e+00	   0.0000000e+00	  -6.4363664e-01	   6.1589355e+01	
   4.2700000e+00	   0.0000000e+00	  -1.7443621e-01	   5.7656250e+01	
   4.2800000e+00	   0.0000000e+00	  -4.4813646e-01	   5.9326172e+01	
   4.2900000e+00	   0.0000000e+00	  -2.0376124e-01	   5.8996582e+01	
   4.3000000e+00	   0.0000000e+00	  -1.2105872e+00	   5.9655762e+01	
   4.3100000e+00	   0.0000000e+00	  -1.7443621e-01	   5.9787598e+01	
   4.3200000e+00	   0.0000000e+00	  -9.8576196e-01	   6.0205078e+01	
   4.3300000e+00	   0.0000000e+00	  -9.8576196e-01	   6.0205078e+01	
   4.3400000e+00	   0.0000000e+00	  -1.4451874e+00	   5.5612793e+01	
   4.3500000e+00	   0.0000000e+00	  -3.7971140e-01	   5.8842773e+01	
   4.3600000e+00	   0.0000000e+00	  -1.2692372e+00	   5.8117676e+01	
   4.3700000e+00	   0.0000000e+00	  -5.7521158e-01	   6.0292969e+01	
   4.3800000e+00	   0.0000000e+00	  -8.7823686e-01	   5.8688965e+01	
   4.3900000e+00	   0.0000000e+00	   2.6543920e-01	   5.9721680e+01	
   4.4000000e+00	   0.0000000e+00	   4.0228932e-01	   5.6359863e+01	
   4.4100000e+00	   0.0000000e+00	   6.3688954e-01	   6.2050781e+01	
   4.4200000e+00	   0.0000000e+00	  -4.8723650e-01	   6.0578613e+01	
   4.4300000e+00	   0.0000000e+00	  -3.6993639e-01	   5.8666992e+01	
   4.4400000e+00	   0.0000000e+00	  -9.9553697e-01	   6.0710449e+01	
   4.4500000e+00	   0.0000000e+00	  -1.1910371e+00	   5.8688965e+01	
   4.4600000e+00	   0.0000000e+00	   1.0278899e+00	   6.2929688e+01	
   4.4700000e+00	   0.0000000e+00	  -1.0541870e+00	   5.8183594e+01	
   4.4800000e+00	   0.0000000e+00	  -1.1030621e+00	   5.7568359e+01	
   4.4900000e+00	   0.0000000e+00	  -2.3308626e-01	   5.9831543e+01	
   4.5000000e+00	   0.0000000e+00	  -1.5038374e+00	   6.1281738e+01	
   4.5100000e+00	   0.0000000e+00	  -1.0053120e+00	   5.9721680e+01	
   4.5200000e+00	   0.0000000e+00	  -8.1958680e-01	   5.8798828e+01	
   4.5300000e+00	   0.0000000e+00	  -5.1656152e-01	   5.9545898e+01	
   4.5400000e+00	   0.0000000e+00	  -7.2183671e-01	   5.9392090e+01	
   4.5500000e+00	   0.0000000e+00	  -7.1206170e-01	   6.1413574e+01	
   4.5600000e+00	   0.0000000e+00	   1.5557404e+00	   6.0139160e+01	
   4.5700000e+00	   0.0000000e+00	  -8.6461128e-02	   6.0820313e+01	
   4.5800000e+00	   0.0000000e+00	  -8.8801187e-01	   6.1940918e+01	
   4.5900000e+00	   0.0000000e+00	  -1.4940624e+00	   5.8029785e+01	
   4.6000000e+00	   0.0000000e+00	  -3.7971140e-01	   6.1567383e+01	
   4.6100000e+00	   0.0000000e+00	  -5.7136101e-02	   5.9106445e+01	
   4.6200000e+00	   0.0000000e+00	  -8.0003679e-01	   6.0446777e+01	
   4.6300000e+00	   0.0000000e+00	  -1.2301372e+00	   5.8425293e+01	
   4.6400000e+00	   0.0000000e+00	  -1.1421621e+00	   5.9545898e+01	
   4.6500000e+00	   0.0000000e+00	  -1.6211375e+00	   6.0754395e+01	
   4.6600000e+00	   0.0000000e+00	  -4.7746149e-01	   6.1743164e+01	
   4.6700000e+00	   0.0000000e+00	  -4.5791147e-01	   5.7722168e+01	
   4.6800000e+00	   0.0000000e+00	   6.2711453e-01	   5.7414551e+01	
   4.6900000e+00	   0.0000000e+00	  -1.6504626e+00	   5.9348145e+01	
   4.7000000e+00	   0.0000000e+00	  -1.2301372e+00	   5.9501953e+01	
   4.7100000e+00	   0.0000000e+00	  -8.1958680e-01	   5.8952637e+01	
   4.7200000e+00	   0.0000000e+00	   1.2858907e-01	   5.7414551e+01	
   4.7300000e+00	   0.0000000e+00	  -1.6700126e+00	   5.5920410e+01	
   4.7400000e+00	   0.0000000e+00	  -6.4363664e-01	   6.1237793e+01	
   4.7500000e+00	   0.0000000e+00	  -2.3308626e-01	   5.7524414e+01	
   4.7600000e+00	   0.0000000e+00	   6.0164007e-02	   5.6096191e+01	
   4.7700000e+00	   0.0000000e+00	  -2.4286127e-01	   6.2006836e+01	
   4.7800000e+00	   0.0000000e+00	  -1.0639620e+00	   5.8183594e+01	
   4.7900000e+00	   0.0000000e+00	  -9.0756188e-01	   5.8776855e+01	
   4.8000000e+00	   0.0000000e+00	  -2.0805630e+00	   6.0864258e+01	
   4.8100000e+00	   0.0000000e+00	   1.0474399e+00	   5.8930664e+01	
   4.8200000e+00	   0.0000000e+00	  -1.0541870e+00	   5.8688965e+01	
   4.8300000e+00	   0.0000000e+00	   1.9701413e-01	   5.8425293e+01	
   4.8400000e+00	   0.0000000e+00	  -2.8196131e-01	   6.0710449e+01	
   4.8500000e+00	   0.0000000e+00	  -1.0639620e+00	   5.6491699e+01	
   4.8600000e+00	   0.0000000e+00	  -8.4891183e-01	   6.0051270e+01	
   4.8700000e+00	   0.0000000e+00	  -1.0601115e-01	   5.9501953e+01	
   4.8800000e+00	   0.0000000e+00	  -8.6461128e-02	   6.0578613e+01	
   4.8900000e+00	   0.0000000e+00	   7.8351467e-01	   5.6030273e+01	
   4.9000000e+00	   0.0000000e+00	  -5.9476160e-01	   6.2094727e+01	
   4.9100000e+00	   0.0000000e+00	  -8.8801187e-01	   5.9040527e+01	
   4.9200000e+00	   0.0000000e+00	  -1.1030621e+00	   6.0842285e+01	
   4.9300000e+00	   0.0000000e+00	  -1.0737370e+00	   5.9348145e+01	
   4.9400000e+00	   0.0000000e+00	  -1.5488619e-01	   5.9436035e+01	
   4.9500000e+00	   0.0000000e+00	   1.2858907e-01	   5.7436523e+01	
   4.9600000e+00	   0.0000000e+00	  -1.7775377e+00	   6.1105957e+01	
   4.9700000e+00	   0.0000000e+00	  -1.8655128e+00	   5.7304688e+01	
   4.9800000e+00	   0.0000000e+00	   8.9489034e-02	   6.1984863e+01	
   4.9900000e+00	   0.0000000e+00	   5.0388998e-02	   5.8798828e+01	
   5.0000000e+00	   1.0000000e+00	  -4.2858644e-01	   5.7282715e+01	
   5.0100000e+00	   1.0000000e+00	  -7.0228670e-01	   6.0820313e+01	
   5.0200000e+00	   1.0000000e+00	   3.6318929e-01	   5.9326172e+01	
   5.0300000e+00	   1.0000000e+00	  -2.9173632e-01	   5.7810059e+01	
   5.0400000e+00	   1.0000000e+00	  -3.0151133e-01	   6.1391602e+01	
   5.0500000e+00	   1.0000000e+00	   4.4138936e-01	   5.7722168e+01	
   5.0600000e+00	   1.0000000e+00	   4.0228932e-01	   5.9963379e+01	
   5.0700000e+00	   1.0000000e+00	   1.9662908e+00	   5.7019043e+01	
   5.0800000e+00	   1.0000000e+00	  -2.4286127e-01	   6.1809082e+01	
   5.0900000e+00	   1.0000000e+00	   1.8098906e+00	   5.7194824e+01	
   5.1000000e+00	   1.0000000e+00	   1.3309152e+00	   6.0996094e+01	
   5.1100000e+00	   1.0000000e+00	   6.2711453e-01	   6.0402832e+01	
   5.1200000e+00	   1.0000000e+00	   6.8576458e-01	   6.0314941e+01	
   5.1300000e+00	   1.0000000e+00	   8.2261471e-01	   5.8732910e+01	
   5.1400000e+00	   1.0000000e+00	   1.8294406e+00	   5.9699707e+01	
   5.1500000e+00	   1.0000000e+00	   1.5752904e+00	   6.0270996e+01	
   5.1600000e+00	   1.0000000e+00	   7.5418965e-01	   5.9809570e+01	
   5.1700000e+00	   1.0000000e+00	   2.9144666e+00	   5.8381348e+01	
   5.1800000e+00	   1.0000000e+00	   1.4775403e+00	   6.1567383e+01	
   5.1900000e+00	   1.0000000e+00	   2.0738159e+00	   5.9414063e+01	
   5.2000000e+00	   1.0000000e+00	   1.9858408e+00	   5.8886719e+01	
   5.2100000e+00	   1.0000000e+00	   2.2986411e+00	   5.9501953e+01	
   5.2200000e+00	   1.0000000e+00	   1.6143904e+00	   6.0952148e+01	
   5.2300000e+00	   1.0000000e+00	   2.3377411e+00	   6.2929688e+01	
   5.2400000e+00	   1.0000000e+00	   2.5430163e+00	   6.3259277e+01	
   5.2500000e+00	   1.0000000e+00	   3.6671423e+00	   6.0732422e+01	
   5.2600000e+00	   1.0000000e+00	   3.5596172e+00	   6.6818848e+01	
   5.2700000e+00	   1.0000000e+00	   2.6994164e+00	   6.3061523e+01	
   5.2800000e+00	   1.0000000e+00	   2.4745912e+00	   6.4819336e+01	
   5.2900000e+00	   1.0000000e+00	   1.9076407e+00	   6.2819824e+01	
   5.3000000e+00	   1.0000000e+00	   3.5107422e+00	   6.7587891e+01	
   5.3100000e+00	   1.0000000e+00	   4.0581427e+00	   6.3237305e+01	
   5.3200000e+00	   1.0000000e+00	   4.8792434e+00	   6.6093750e+01	
   5.3300000e+00	   1.0000000e+00	   4.7912684e+00	   6.3215332e+01	
   5.3400000e+00	   1.0000000e+00	   5.0845186e+00	   6.3830566e+01	
   5.3500000e+00	   1.0000000e+00	   5.2213688e+00	   6.3874512e+01	
   5.3600000e+00	   1.0000000e+00	   5.3777689e+00	   6.6445313e+01	
   5.3700000e+00	   1.0000000e+00	   5.6710192e+00	   6.5280762e+01	
   5.3800000e+00	   1.0000000e+00	   5.5048440e+00	   6.6291504e+01	
   5.3900000e+00	   1.0000000e+00	   4.9574435e+00	   6.8972168e+01	
   5.4000000e+00	   1.0000000e+00	   6.0131445e+00	   6.7697754e+01	
   5.4100000e+00	   1.0000000e+00	   5.3777689e+00	   6.9477539e+01	
   5.4200000e+00	   1.0000000e+00	   4.8401434e+00	   6.8400879e+01	
   5.4300000e+00	   1.0000000e+00	   7.9583713e+00	   6.5280762e+01	
   5.4400000e+00	   1.0000000e+00	   6.4236949e+00	   6.9433594e+01	
   5.4500000e+00	   1.0000000e+00	   6.6485201e+00	   7.0466309e+01	
   5.4600000e+00	   1.0000000e+00	   5.5048440e+00	   7.1696777e+01	
   5.4700000e+00	   1.0000000e+00	   7.4989459e+00	   6.8510742e+01	
   5.4800000e+00	   1.0000000e+00	   6.4921199e+00	   7.3432617e+01	
   5.4900000e+00	   1.0000000e+00	   5.7296692e+00	   7.2114258e+01	
   5.5000000e+00	   1.0000000e+00	   7.2643456e+00	   7.2883301e+01	
   5.5100000e+00	   1.0000000e+00	   7.4891709e+00	   7.5849609e+01	
   5.5200000e+00	   1.0000000e+00	   6.5605450e+00	   7.3476563e+01	
   5.5300000e+00	   1.0000000e+00	   7.2643456e+00	   7.2597656e+01	
   5.5400000e+00	   1.0000000e+00	   6.2086447e+00	   7.4135742e+01	
   5.5500000e+00	   1.0000000e+00	   6.0717945e+00	   7.7695313e+01	
   5.5600000e+00	   1.0000000e+00	   7.6846710e+00	   7.4509277e+01	
   5.5700000e+00	   1.0000000e+00	   8.4471217e+00	   7.4750977e+01	
   5.5800000e+00	   1.0000000e+00	   9.7569729e+00	   7.3959961e+01	
   5.5900000e+00	   1.0000000e+00	   7.3229957e+00	   7.9343262e+01	
   5.6000000e+00	   1.0000000e+00	   8.2125215e+00	   7.3366699e+01	
   5.6100000e+00	   1.0000000e+00	   7.4891709e+00	   7.6047363e+01	
   5.6200000e+00	   1.0000000e+00	   8.8381221e+00	   7.4069824e+01	
   5.6300000e+00	   1.0000000e+00	   8.4177967e+00	   7.7607422e+01	
   5.6400000e+00	   1.0000000e+00	   9.3073225e+00	   7.8552246e+01	
   5.6500000e+00	   1.0000000e+00	   8.4568967e+00	   7.6047363e+01	
   5.6600000e+00	   1.0000000e+00	   8.7012720e+00	   8.0419922e+01	
   5.6700000e+00	   1.0000000e+00	   7.5771459e+00	   8.1386719e+01	
   5.6800000e+00	   1.0000000e+00	   8.3200466e+00	   8.2001953e+01	
   5.6900000e+00	   1.0000000e+00	   9.3268725e+00	   7.8486328e+01	
   5.7000000e+00	   1.0000000e+00	   7.9779213e+00	   8.2573242e+01	
   5.7100000e+00	   1.0000000e+00	   7.7921961e+00	   8.2946777e+01	
   5.7200000e+00	   1.0000000e+00	   9.4734977e+00	   8.3540039e+01	
   5.7300000e+00	   1.0000000e+00	   9.7862980e+00	   8.6879883e+01	
   5.7400000e+00	   1.0000000e+00	   8.8869971e+00	   8.4001465e+01	
   5.7500000e+00	   1.0000000e+00	   9.4930477e+00	   8.4462891e+01	
   5.7600000e+00	   1.0000000e+00	   8.6328469e+00	   8.5473633e+01	
   5.7700000e+00	   1.0000000e+00	   8.7696970e+00	   8.6857910e+01	
   5.7800000e+00	   1.0000000e+00	   8.8772221e+00	   8.7692871e+01	
   5.7900000e+00	   1.0000000e+00	   8.4275717e+00	   8.8923340e+01	
   5.8000000e+00	   1.0000000e+00	   1.0490099e+01	   8.7758789e+01	
   5.8100000e+00	   1.0000000e+00	   1.0050223e+01	   8.9428711e+01	
   5.8200000e+00	   1.0000000e+00	   8.4666718e+00	   9.0791016e+01	
   5.8300000e+00	   1.0000000e+00	   8.1245464e+00	   9.0834961e+01	
   5.8400000e+00	   1.0000000e+00	   9.3561976e+00	   9.3493652e+01	
   5.8500000e+00	   1.0000000e+00	   8.7403720e+00	   9.1516113e+01	
   5.8600000e+00	   1.0000000e+00	   1.0314148e+01	   9.1823730e+01	
   5.8700000e+00	   1.0000000e+00	   1.0265273e+01	   9.1230469e+01	
   5.8800000e+00	   1.0000000e+00	   9.0531723e+00	   9.2790527e+01	
   5.8900000e+00	   1.0000000e+00	   1.0568299e+01	   9.4570313e+01	
   5.9000000e+00	   1.0000000e+00	   1.1301424e+01	   9.5537109e+01	
   5.9100000e+00	   1.0000000e+00	   9.0922723e+00	   9.6042480e+01	
   5.9200000e+00	   1.0000000e+00	   9.5419227e+00	   9.5449219e+01	
   5.9300000e+00	   1.0000000e+00	   9.2975475e+00	   9.6569824e+01	
   5.9400000e+00	   1.0000000e+00	   9.6298978e+00	   1.0039307e+02	
   5.9500000e+00	   1.0000000e+00	   9.2291225e+00	   9.7097168e+01	
   5.9600000e+00	   1.0000000e+00	   9.0727223e+00	   9.9645996e+01	
   5.9700000e+00	   1.0000000e+00	   9.0531723e+00	   1.0039307e+02	
   5.9800000e+00	   1.0000000e+00	   1.0001348e+01	   1.0037109e+02	
   5.9900000e+00	   1.0000000e+00	   1.0059998e+01	   9.8613281e+01	
   6.0000000e+00	   1.0000000e+00	   9.1704724e+00	   1.0456787e+02	
   6.0100000e+00	   1.0000000e+00	   9.6201228e+00	   1.0423828e+02	
   6.0200000e+00	   1.0000000e+00	   1.0626949e+01	   1.0287598e+02	
   6.0300000e+00	   1.0000000e+00	   1.1369849e+01	   1.0166748e+02	
   6.0400000e+00	   1.0000000e+00	   1.1350299e+01	   1.0764404e+02	
   6.0500000e+00	   1.0000000e+00	   9.5712478e+00	   1.0524902e+02	
   6.0600000e+00	   1.0000000e+00	   8.7599220e+00	   1.0711670e+02	
   6.0700000e+00	   1.0000000e+00	   9.1704724e+00	   1.0373291e+02	
   6.0800000e+00	   1.0000000e+00	   1.1487150e+01	   1.0766602e+02	
   6.0900000e+00	   1.0000000e+00	   1.0314148e+01	   1.0705078e+02	
   6.1000000e+00	   1.0000000e+00	   9.2584475e+00	   1.0854492e+02	
   6.1100000e+00	   1.0000000e+00	   1.0744249e+01	   1.1388428e+02	
   6.1200000e+00	   1.0000000e+00	   1.1604450e+01	   1.0909424e+02	
   6.1300000e+00	   1.0000000e+00	   1.0929974e+01	   1.0999512e+02	
   6.1400000e+00	   1.0000000e+00	   1.0255498e+01	   1.1080811e+02	
   6.1500000e+00	   1.0000000e+00	   1.0187073e+01	   1.1399414e+02	
   6.1600000e+00	   1.0000000e+00	   9.6592229e+00	   1.1416992e+02	
   6.1700000e+00	   1.0000000e+00	   9.9426981e+00	   1.1601563e+02	
   6.1800000e+00	   1.0000000e+00	   1.1985675e+01	   1.1087402e+02	
   6.1900000e+00	   1.0000000e+00	   9.8840481e+00	   1.1456543e+02	
   6.2000000e+00	   1.0000000e+00	   1.1027724e+01	   1.1564209e+02	
   6.2100000e+00	   1.0000000e+00	   1.1125474e+01	   1.1513672e+02	
   6.2200000e+00	   1.0000000e+00	   1.0382574e+01	   1.1781738e+02	
   6.2300000e+00	   1.0000000e+00	   1.0597624e+01	   1.1746582e+02	
   6.2400000e+00	   1.0000000e+00	   9.9720231e+00	   1.2161865e+02	
   6.2500000e+00	   1.0000000e+00	   1.0040448e+01	   1.1867432e+02	
   6.2600000e+00	   1.0000000e+00	   1.0587849e+01	   1.1700439e+02	
   6.2700000e+00	   1.0000000e+00	   1.1369849e+01	   1.2052002e+02	
   6.2800000e+00	   1.0000000e+00	   1.2366900e+01	   1.1805908e+02	
   6.2900000e+00	   1.0000000e+00	   1.0304373e+01	   1.2247559e+02	
   6.3000000e+00	   1.0000000e+00	   9.7471979e+00	   1.2429932e+02	
   6.3100000e+00	   1.0000000e+00	   1.1301424e+01	   1.1966309e+02	
   6.3200000e+00	   1.0000000e+00	   1.0099098e+01	   1.2350830e+02	
   6.3300000e+00	   1.0000000e+00	   1.0470549e+01	   1.2513428e+02	
   6.3400000e+00	   1.0000000e+00	   1.0157748e+01	   1.2871582e+02	
   6.3500000e+00	   1.0000000e+00	   1.2005225e+01	   1.2704590e+02	
   6.3600000e+00	   1.0000000e+00	   1.0822449e+01	   1.2843018e+02	
   6.3700000e+00	   1.0000000e+00	   1.1956350e+01	   1.2654053e+02	
   6.3800000e+00	   1.0000000e+00	   1.2112750e+01	   1.2772705e+02	
   6.3900000e+00	   1.0000000e+00	   1.1408949e+01	   1.3166016e+02	
   6.4000000e+00	   1.0000000e+00	   1.0969074e+01	   1.3045166e+02	
   6.4100000e+00	   1.0000000e+00	   1.1907475e+01	   1.3190186e+02	
   6.4200000e+00	   1.0000000e+00	   1.1428499e+01	   1.3053955e+02	
   6.4300000e+00	   1.0000000e+00	   1.0978849e+01	   1.3425293e+02	
   6.4400000e+00	   1.0000000e+00	   1.0108873e+01	   1.3590088e+02	
   6.4500000e+00	   1.0000000e+00	   1.1066824e+01	   1.3715332e+02	
   6.4600000e+00	   1.0000000e+00	   1.0841999e+01	   1.3500000e+02	
   6.4700000e+00	   1.0000000e+00	   1.1164574e+01	   1.3790039e+02	
   6.4800000e+00	   1.0000000e+00	   1.1936800e+01	   1.3623047e+02	
   6.4900000e+00	   1.0000000e+00	   1.1291649e+01	   1.3847168e+02	
   6.5000000e+00	   1.0000000e+00	   1.1360074e+01	   1.3833984e+02	
   6.5100000e+00	   1.0000000e+00	   1.3520351e+01	   1.3919678e+02	
   6.5200000e+00	   1.0000000e+00	   1.1604450e+01	   1.4255859e+02	
   6.5300000e+00	   1.0000000e+00	   1.1975900e+01	   1.3996582e+02	
   6.5400000e+00	   1.0000000e+00	   1.0949524e+01	   1.4121826e+02	
   6.5500000e+00	   1.0000000e+00	   1.2151850e+01	   1.4464600e+02	
   6.5600000e+00	   1.0000000e+00	   1.1467600e+01	   1.4275635e+02	
   6.5700000e+00	   1.0000000e+00	   1.1418724e+01	   1.4262451e+02	
   6.5800000e+00	   1.0000000e+00	   1.2044325e+01	   1.4042725e+02	
   6.5900000e+00	   1.0000000e+00	   1.2611276e+01	   1.4640381e+02	
   6.6000000e+00	   1.0000000e+00	   1.0890874e+01	   1.4521729e+02	
   6.6100000e+00	   1.0000000e+00	   1.1868375e+01	   1.4521729e+02	
   6.6200000e+00	   1.0000000e+00	   1.0001348e+01	   1.5042480e+02	
   6.6300000e+00	   1.0000000e+00	   1.0470549e+01	   1.5044678e+02	
   6.6400000e+00	   1.0000000e+00	   1.1301424e+01	   1.4781006e+02	
   6.6500000e+00	   1.0000000e+00	   1.0138198e+01	   1.5073242e+02	
   6.6600000e+00	   1.0000000e+00	   1.0744249e+01	   1.5088623e+02	
   6.6700000e+00	   1.0000000e+00	   1.1516475e+01	   1.4829346e+02	
   6.6800000e+00	   1.0000000e+00	   1.1467600e+01	   1.5141357e+02	
   6.6900000e+00	   1.0000000e+00	   1.1975900e+01	   1.5117188e+02	
   6.7000000e+00	   1.0000000e+00	   1.1125474e+01	   1.5789551e+02	
   6.7100000e+00	   1.0000000e+00	   9.8742731e+00	   1.5556641e+02	
   6.7200000e+00	   1.0000000e+00	   1.1799950e+01	   1.5242432e+02	
   6.7300000e+00	   1.0000000e+00	   1.1096149e+01	   1.5477539e+02	
   6.7400000e+00	   1.0000000e+00	   1.1389399e+01	   1.5495117e+02	
   6.7500000e+00	   1.0000000e+00	   1.2308250e+01	   1.5666504e+02	
   6.7600000e+00	   1.0000000e+00	   1.1057049e+01	   1.6053223e+02	
   6.7700000e+00	   1.0000000e+00	   1.0509649e+01	   1.5884033e+02	
   6.7800000e+00	   1.0000000e+00	   1.1516475e+01	   1.5730225e+02	
   6.7900000e+00	   1.0000000e+00	   1.1545800e+01	   1.6437744e+02	
   6.8000000e+00	   1.0000000e+00	   1.2308250e+01	   1.6490479e+02	
   6.8100000e+00	   1.0000000e+00	   1.1467600e+01	   1.6224609e+02	
   6.8200000e+00	   1.0000000e+00	   1.0030673e+01	   1.6402588e+02	
   6.8300000e+00	   1.0000000e+00	   1.1526250e+01	   1.6244385e+02	
   6.8400000e+00	   1.0000000e+00	   1.1017949e+01	   1.6431152e+02	
   6.8500000e+00	   1.0000000e+00	   9.8449480e+00	   1.6809082e+02	
   6.8600000e+00	   1.0000000e+00	   1.2894751e+01	   1.6617920e+02	
   6.8700000e+00	   1.0000000e+00	   1.1369849e+01	   1.6637695e+02	
   6.8800000e+00	   1.0000000e+00	   1.2278925e+01	   1.6688232e+02	
   6.8900000e+00	   1.0000000e+00	   1.0030673e+01	   1.6532227e+02	
   6.9000000e+00	   1.0000000e+00	   1.1360074e+01	   1.6976074e+02	
   6.9100000e+00	   1.0000000e+00	   1.0910424e+01	   1.7028809e+02	
   6.9200000e+00	   1.0000000e+00	   1.1780400e+01	   1.7121094e+02	
   6.9300000e+00	   1.0000000e+00	   1.1047274e+01	   1.7162842e+02	
   6.9400000e+00	   1.0000000e+00	   1.1624000e+01	   1.7683594e+02	
   6.9500000e+00	   1.0000000e+00	   1.0529199e+01	   1.7417725e+02	
   6.9600000e+00	   1.0000000e+00	   1.2024775e+01	   1.7228760e+02	
   6.9700000e+00	   1.0000000e+00	   1.0939749e+01	   1.7325439e+02	
   6.9800000e+00	   1.0000000e+00	   1.0382574e+01	   1.7582520e+02	
   6.9900000e+00	   1.0000000e+00	   1.0343473e+01	   1.7589111e+02	
   7.0000000e+00	   1.0000000e+00	   1.1418724e+01	   1.7802246e+02	
   7.0100000e+00	   1.0000000e+00	   1.1448050e+01	   1.7896729e+02	
   7.0200000e+00	   1.0000000e+00	   1.1956350e+01	   1.7637451e+02	
   7.0300000e+00	   1.0000000e+00	   1.2318025e+01	   1.7474854e+02	
   7.0400000e+00	   1.0000000e+00	   1.1956350e+01	   1.7556152e+02	
   7.0500000e+00	   1.0000000e+00	   1.0323923e+01	   1.7749512e+02	
   7.0600000e+00	   1.0000000e+00	   1.1086374e+01	   1.7927490e+02	
   7.0700000e+00	   1.0000000e+00	   1.1232999e+01	   1.7279297e+02	
   7.0800000e+00	   1.0000000e+00	   1.0294598e+01	   1.7751709e+02	
   7.0900000e+00	   1.0000000e+00	   1.0363024e+01	   1.7745117e+02	
   7.1000000e+00	   1.0000000e+00	   1.1506700e+01	   1.7641846e+02	
   7.1100000e+00	   1.0000000e+00	   1.1125474e+01	   1.7624268e+02	
   7.1200000e+00	   1.0000000e+00	   1.1878150e+01	  -1.1755371e+01	
   7.1300000e+00	   1.0000000e+00	   1.3334626e+01	  -1.3491211e+01	
   7.1400000e+00	   1.0000000e+00	   1.0607399e+01	  -1.1865234e+01	
   7.1500000e+00	   1.0000000e+00	   1.0812674e+01	  -1.0129395e+01	
   7.1600000e+00	   1.0000000e+00	   1.0636724e+01	  -1.1601563e+01	
   7.1700000e+00	   1.0000000e+00	   1.1360074e+01	  -1.3579102e+01	
   7.1800000e+00	   1.0000000e+00	   1.0861549e+01	  -1.8000000e+02	
   7.1900000e+00	   1.0000000e+00	   1.1516475e+01	  -1.8000000e+02	
   7.2000000e+00	   1.0000000e+00	   1.1975900e+01	  -1.8000000e+02	
   7.2100000e+00	   1.0000000e+00	   1.1653325e+01	  -1.8000000e+02	
   7.2200000e+00	   1.0000000e+00	   1.0001348e+01	  -1.8000000e+02	
   7.2300000e+00	   1.0000000e+00	   1.0626949e+01	  -1.8000000e+02	
   7.2400000e+00	   1.0000000e+00	   1.2396225e+01	  -1.8000000e+02	
   7.2500000e+00	   1.0000000e+00	   1.1037499e+01	  -1.8000000e+02	
   7.2600000e+00	   1.0000000e+00	   9.7569729e+00	  -1.8000000e+02	
   7.2700000e+00	   1.0000000e+00	   1.2493975e+01	  -1.8000000e+02	
   7.2800000e+00	   1.0000000e+00	   1.2083425e+01	  -1.8000000e+02	
   7.2900000e+00	   1.0000000e+00	   1.1487150e+01	  -1.8000000e+02	
   7.3000000e+00	   1.0000000e+00	   1.1301424e+01	  -1.8000000e+02	
   7.3100000e+00	   1.0000000e+00	   1.0480324e+01	  -1.8000000e+02	
   7.3200000e+00	   1.0000000e+00	   1.1193899e+01	  -1.8000000e+02	
   7.3300000e+00	   1.0000000e+00	   1.1643550e+01	  -1.8000000e+02	
   7.3400000e+00	   1.0000000e+00	   1.1702200e+01	  -1.8000000e+02	
   7.3500000e+00	   1.0000000e+00	   1.2142075e+01	  -1.8000000e+02	
   7.3600000e+00	   1.0000000e+00	   1.1418724e+01	  -1.7934082e+02	
   7.3700000e+00	   1.0000000e+00	   1.1242774e+01	  -1.7912109e+02	
   7.3800000e+00	   1.0000000e+00	   1.1663100e+01	  -1.7971436e+02	
   7.3900000e+00	   1.0000000e+00	   1.0470549e+01	  -1.7738525e+02	
   7.4000000e+00	   1.0000000e+00	   1.1536025e+01	  -1.7356201e+02	
   7.4100000e+00	   1.0000000e+00	   1.0646499e+01	  -1.7560547e+02	
   7.4200000e+00	   1.0000000e+00	   1.0754024e+01	  -1.7312256e+02	
   7.4300000e+00	   1.0000000e+00	   1.0734474e+01	  -1.7206787e+02	
   7.4400000e+00	   1.0000000e+00	   1.2073650e+01	  -1.7244141e+02	
   7.4500000e+00	   1.0000000e+00	   1.0920199e+01	  -1.7494629e+02	
   7.4600000e+00	   1.0000000e+00	   9.9329231e+00	  -1.7037598e+02	
   7.4700000e+00	   1.0000000e+00	   1.0724699e+01	  -1.7158447e+02	
   7.4800000e+00	   1.0000000e+00	   1.0802899e+01	  -1.6729980e+02	
   7.4900000e+00	   1.0000000e+00	   1.0841999e+01	  -1.6844238e+02	
   7.5000000e+00	   1.0000000e+00	   1.0392349e+01	  -1.6657471e+02	
   7.5100000e+00	   1.0000000e+00	   9.9426981e+00	  -1.6890381e+02	
   7.5200000e+00	   1.0000000e+00	   1.0363024e+01	  -1.6556396e+02	
   7.5300000e+00	   1.0000000e+00	   1.0187073e+01	  -1.6587158e+02	
   7.5400000e+00	   1.0000000e+00	   1.1145024e+01	  -1.6725586e+02	
   7.5500000e+00	   1.0000000e+00	   1.0519424e+01	  -1.6521240e+02	
   7.5600000e+00	   1.0000000e+00	   1.1819500e+01	  -1.6310303e+02	
   7.5700000e+00	   1.0000000e+00	   9.9035981e+00	  -1.6165283e+02	
   7.5800000e+00	   1.0000000e+00	   1.3432376e+01	  -1.6435547e+02	
   7.5900000e+00	   1.0000000e+00	   1.0617174e+01	  -1.6044434e+02	
   7.6000000e+00	   1.0000000e+00	   1.0509649e+01	  -1.5987305e+02	
   7.6100000e+00	   1.0000000e+00	   9.9524731e+00	  -1.5736816e+02	
   7.6200000e+00	   1.0000000e+00	   1.0881099e+01	  -1.6174072e+02	
   7.6300000e+00	   1.0000000e+00	   1.0587849e+01	  -1.5846680e+02	
   7.6400000e+00	   1.0000000e+00	   1.0998399e+01	  -1.5684082e+02	
   7.6500000e+00	   1.0000000e+00	   1.2757901e+01	  -1.5822510e+02	
   7.6600000e+00	   1.0000000e+00	   1.0929974e+01	  -1.5829102e+02	
   7.6700000e+00	   1.0000000e+00	   1.0460774e+01	  -1.5596191e+02	
   7.6800000e+00	   1.0000000e+00	   1.0734474e+01	  -1.5339111e+02	
   7.6900000e+00	   1.0000000e+00	   1.1164574e+01	  -1.5503906e+02	
   7.7000000e+00	   1.0000000e+00	   1.0187073e+01	  -1.5262207e+02	
   7.7100000e+00	   1.0000000e+00	   1.1897700e+01	  -1.5073242e+02	
   7.7200000e+00	   1.0000000e+00	   9.7374229e+00	  -1.5275391e+02	
   7.7300000e+00	   1.0000000e+00	   1.0343473e+01	  -1.5260010e+02	
   7.7400000e+00	   1.0000000e+00	   1.0597624e+01	  -1.5031494e+02	
   7.7500000e+00	   1.0000000e+00	   1.1252549e+01	  -1.5027100e+02	
   7.7600000e+00	   1.0000000e+00	   1.2845876e+01	  -1.4897461e+02	
   7.7700000e+00	   1.0000000e+00	   1.1477375e+01	  -1.4752441e+02	
   7.7800000e+00	   1.0000000e+00	   1.1819500e+01	  -1.4807373e+02	
   7.7900000e+00	   1.0000000e+00	   1.0910424e+01	  -1.4717285e+02	
   7.8000000e+00	   1.0000000e+00	   1.1232999e+01	  -1.4521729e+02	
   7.8100000e+00	   1.0000000e+00	   1.0226173e+01	  -1.4543701e+02	
   7.8200000e+00	   1.0000000e+00	   1.0030673e+01	  -1.4253662e+02	
   7.8300000e+00	   1.0000000e+00	   1.0773574e+01	  -1.4084473e+02	
   7.8400000e+00	   1.0000000e+00	   1.0812674e+01	  -1.4211914e+02	
   7.8500000e+00	   1.0000000e+00	   1.2552626e+01	  -1.4156982e+02	
   7.8600000e+00	   1.0000000e+00	   1.1643550e+01	  -1.3950439e+02	
   7.8700000e+00	   1.0000000e+00	   1.1897700e+01	  -1.3968018e+02	
   7.8800000e+00	   1.0000000e+00	   1.0548749e+01	  -1.3860352e+02	
   7.8900000e+00	   1.0000000e+00	   1.1184124e+01	  -1.3989990e+02	
   7.9000000e+00	   1.0000000e+00	   1.0470549e+01	  -1.3998779e+02	
   7.9100000e+00	   1.0000000e+00	   1.0802899e+01	  -1.3807617e+02	
   7.9200000e+00	   1.0000000e+00	   1.1643550e+01	  -1.3774658e+02	
   7.9300000e+00	   1.0000000e+00	   1.1291649e+01	  -1.3475830e+02	
   7.9400000e+00	   1.0000000e+00	   1.0157748e+01	  -1.3581299e+02	
   7.9500000e+00	   1.0000000e+00	   1.1291649e+01	  -1.3374756e+02	
   7.9600000e+00	   1.0000000e+00	   1.0636724e+01	  -1.3434082e+02	
   7.9700000e+00	   1.0000000e+00	   1.0079548e+01	  -1.3359375e+02	
   7.9800000e+00	   1.0000000e+00	   1.1340524e+01	  -1.3278076e+02	
   7.9900000e+00	   1.0000000e+00	   1.1164574e+01	  -1.3383545e+02	
   8.0000000e+00	   1.0000000e+00	   1.1066824e+01	  -1.3337402e+02	
   8.0100000e+00	   1.0000000e+00	   1.1105924e+01	  -1.3247314e+02	
   8.0200000e+00	   1.0000000e+00	   1.2855651e+01	  -1.2869385e+02	
   8.0300000e+00	   1.0000000e+00	   1.1878150e+01	  -1.2875977e+02	
   8.0400000e+00	   1.0000000e+00	   1.1125474e+01	  -1.2963867e+02	
   8.0500000e+00	   1.0000000e+00	   9.9720231e+00	  -1.2970459e+02	
   8.0600000e+00	   1.0000000e+00	   1.0773574e+01	  -1.2572754e+02	
   8.0700000e+00	   1.0000000e+00	   1.0812674e+01	  -1.2636475e+02	
   8.0800000e+00	   1.0000000e+00	   1.1516475e+01	  -1.2823242e+02	
   8.0900000e+00	   1.0000000e+00	   1.2093200e+01	  -1.2660645e+02	
   8.1000000e+00	   1.0000000e+00	   1.1281874e+01	  -1.2563965e+02	
   8.1100000e+00	   1.0000000e+00	   1.0118648e+01	  -1.2337646e+02	
   8.1200000e+00	   1.0000000e+00	   1.1174349e+01	  -1.2172852e+02	
   8.1300000e+00	   1.0000000e+00	   1.1145024e+01	  -1.2469482e+02	
   8.1400000e+00	   1.0000000e+00	   1.1037499e+01	  -1.2291504e+02	
   8.1500000e+00	   1.0000000e+00	   1.1584900e+01	  -1.2095947e+02	
   8.1600000e+00	   1.0000000e+00	   1.0255498e+01	  -1.1825684e+02	
   8.1700000e+00	   1.0000000e+00	   1.0929974e+01	  -1.2133301e+02	
   8.1800000e+00	   1.0000000e+00	   1.1360074e+01	  -1.1869629e+02	
   8.1900000e+00	   1.0000000e+00	   1.2777451e+01	  -1.1663086e+02	
   8.2000000e+00	   1.0000000e+00	   1.1428499e+01	  -1.1577393e+02	
   8.2100000e+00	   1.0000000e+00	   1.1330749e+01	  -1.1735596e+02	
   8.2200000e+00	   1.0000000e+00	   1.1057049e+01	  -1.1599365e+02	
   8.2300000e+00	   1.0000000e+00	   1.0802899e+01	  -1.1531250e+02	
   8.2400000e+00	   1.0000000e+00	   1.0969074e+01	  -1.1702637e+02	
   8.2500000e+00	   1.0000000e+00	   1.1731525e+01	  -1.1474121e+02	
   8.2600000e+00	   1.0000000e+00	   1.1145024e+01	  -1.1326904e+02	
   8.2700000e+00	   1.0000000e+00	   1.0978849e+01	  -1.1212646e+02	
   8.2800000e+00	   1.0000000e+00	   1.1066824e+01	  -1.1148926e+02	
   8.2900000e+00	   1.0000000e+00	   1.1389399e+01	  -1.1047852e+02	
   8.3000000e+00	   1.0000000e+00	   1.1702200e+01	  -1.1102783e+02	
   8.3100000e+00	   1.0000000e+00	   1.0929974e+01	  -1.0951172e+02	
   8.3200000e+00	   1.0000000e+00	   1.0529199e+01	  -1.0997314e+02	
   8.3300000e+00	   1.0000000e+00	   1.0167523e+01	  -1.0828125e+02	
   8.3400000e+00	   1.0000000e+00	   1.0900649e+01	  -1.0889648e+02	
   8.3500000e+00	   1.0000000e+00	   1.0773574e+01	  -1.0779785e+02	
   8.3600000e+00	   1.0000000e+00	   1.1624000e+01	  -1.0639160e+02	
   8.3700000e+00	   1.0000000e+00	   1.1037499e+01	  -1.0639160e+02	
   8.3800000e+00	   1.0000000e+00	   1.0372799e+01	  -1.0485352e+02	
   8.3900000e+00	   1.0000000e+00	   9.3659726e+00	  -1.0467773e+02	
   8.4000000e+00	   1.0000000e+00	   1.1203674e+01	  -1.0571045e+02	
   8.4100000e+00	   1.0000000e+00	   1.1047274e+01	  -1.0382080e+02	
   8.4200000e+00	   1.0000000e+00	   1.1975900e+01	  -1.0311768e+02	
   8.4300000e+00	   1.0000000e+00	   1.1457825e+01	  -1.0221680e+02	
   8.4400000e+00	   1.0000000e+00	   1.1360074e+01	  -1.0193115e+02	
   8.4500000e+00	   1.0000000e+00	   1.0138198e+01	  -1.0054688e+02	
   8.4600000e+00	   1.0000000e+00	   1.0929974e+01	  -9.9733887e+01	
   8.4700000e+00	   1.0000000e+00	   1.0714924e+01	  -1.0015137e+02	
   8.4800000e+00	   1.0000000e+00	   1.1643550e+01	  -9.8986816e+01	
   8.4900000e+00	   1.0000000e+00	   1.0705149e+01	  -9.7558594e+01	
   8.5000000e+00	   1.0000000e+00	   1.1340524e+01	  -9.6899414e+01	
   8.5100000e+00	   1.0000000e+00	   1.1809725e+01	  -9.6437988e+01	
   8.5200000e+00	   1.0000000e+00	   1.0578074e+01	  -9.5976563e+01	
   8.5300000e+00	   1.0000000e+00	   1.1887925e+01	  -9.3845215e+01	
   8.5400000e+00	   1.0000000e+00	   1.2298475e+01	  -9.5427246e+01	
   8.5500000e+00	   1.0000000e+00	   1.1125474e+01	  -9.3977051e+01	
   8.5600000e+00	   1.0000000e+00	   1.0666049e+01	  -9.4548340e+01	
   8.5700000e+00	   1.0000000e+00	   1.1145024e+01	  -9.2636719e+01	
   8.5800000e+00	   1.0000000e+00	   1.1428499e+01	  -9.2241211e+01	
   8.5900000e+00	   1.0000000e+00	   1.0480324e+01	  -9.1032715e+01	
   8.6000000e+00	   1.0000000e+00	   1.1145024e+01	  -9.0527344e+01	
   8.6100000e+00	   1.0000000e+00	   1.1418724e+01	  -9.0461426e+01	
   8.6200000e+00	   1.0000000e+00	   1.1232999e+01	  -9.0087891e+01	
   8.6300000e+00	   1.0000000e+00	   1.1887925e+01	  -8.8110352e+01	
   8.6400000e+00	   1.0000000e+00	   9.8449480e+00	  -8.8923340e+01	
   8.6500000e+00	   1.0000000e+00	   1.0714924e+01	  -8.6923828e+01	
   8.6600000e+00	   1.0000000e+00	   1.1164574e+01	  -8.7539063e+01	
   8.6700000e+00	   1.0000000e+00	   1.1223224e+01	  -8.6440430e+01	
   8.6800000e+00	   1.0000000e+00	   1.1154799e+01	  -8.5803223e+01	
   8.6900000e+00	   1.0000000e+00	   9.9720231e+00	  -8.5407715e+01	
   8.7000000e+00	   1.0000000e+00	   9.8840481e+00	  -8.4375000e+01	
   8.7100000e+00	   1.0000000e+00	   9.9622481e+00	  -8.3386230e+01	
   8.7200000e+00	   1.0000000e+00	   1.0724699e+01	  -8.2089844e+01	
   8.7300000e+00	   1.0000000e+00	   1.0773574e+01	  -8.3122559e+01	
   8.7400000e+00	   1.0000000e+00	   1.1907475e+01	  -8.1936035e+01	
   8.7500000e+00	   1.0000000e+00	   1.0157748e+01	  -8.0397949e+01	
   8.7600000e+00	   1.0000000e+00	   1.1252549e+01	  -7.9277344e+01	
   8.7700000e+00	   1.0000000e+00	   1.0402124e+01	  -8.0244141e+01	
   8.7800000e+00	   1.0000000e+00	   1.0460774e+01	  -7.8750000e+01	
   8.7900000e+00	   1.0000000e+00	   1.0460774e+01	  -7.7299805e+01	
   8.8000000e+00	   1.0000000e+00	   1.1057049e+01	  -7.7102051e+01	
   8.8100000e+00	   1.0000000e+00	   1.0890874e+01	  -7.7080078e+01	
   8.8200000e+00	   1.0000000e+00	   1.1135249e+01	  -7.5717773e+01	
   8.8300000e+00	   1.0000000e+00	   1.1096149e+01	  -7.5761719e+01	
   8.8400000e+00	   1.0000000e+00	   1.0372799e+01	  -7.3344727e+01	
   8.8500000e+00	   1.0000000e+00	   1.1066824e+01	  -7.5256348e+01	
   8.8600000e+00	   1.0000000e+00	   1.2396225e+01	  -7.4201660e+01	
   8.8700000e+00	   1.0000000e+00	   1.0626949e+01	  -7.3674316e+01	
   8.8800000e+00	   1.0000000e+00	   1.0881099e+01	  -7.2246094e+01	
   8.8900000e+00	   1.0000000e+00	   1.0754024e+01	  -7.0708008e+01	
   8.9000000e+00	   1.0000000e+00	   1.0353248e+01	  -7.0905762e+01	
   8.9100000e+00	   1.0000000e+00	   9.6005728e+00	  -7.0620117e+01	
   8.9200000e+00	   1.0000000e+00	   9.8058480e+00	  -7.0510254e+01	
   8.9300000e+00	   1.0000000e+00	   9.9817982e+00	  -6.8444824e+01	
   8.9400000e+00	   1.0000000e+00	   1.0265273e+01	  -6.8400879e+01	
   8.9500000e+00	   1.0000000e+00	   1.2161625e+01	  -6.6247559e+01	
   8.9600000e+00	   1.0000000e+00	   1.0255498e+01	  -6.7148438e+01	
   8.9700000e+00	   1.0000000e+00	   1.2210500e+01	  -6.6972656e+01	
   8.9800000e+00	   1.0000000e+00	   1.0069773e+01	  -6.4160156e+01	
   8.9900000e+00	   1.0000000e+00	   1.0988624e+01	  -6.5610352e+01	
   9.0000000e+00	   1.0000000e+00	   1.0284823e+01	  -6.4731445e+01	
   9.0100000e+00	   1.0000000e+00	   9.9035981e+00	  -6.3237305e+01	
   9.0200000e+00	   1.0000000e+00	   1.2034550e+01	  -6.2556152e+01	
   9.0300000e+00	   1.0000000e+00	   1.1760850e+01	  -6.2182617e+01	
   9.0400000e+00	   1.0000000e+00	   1.0871324e+01	  -6.0886230e+01	
   9.0500000e+00	   1.0000000e+00	   1.0832224e+01	  -6.0139160e+01	
   9.0600000e+00	   1.0000000e+00	   1.2816551e+01	  -5.7700195e+01	
   9.0700000e+00	   1.0000000e+00	   1.0734474e+01	  -5.9699707e+01	
   9.0800000e+00	   1.0000000e+00	   9.4539477e+00	  -5.8820801e+01	
   9.0900000e+00	   1.0000000e+00	   1.0881099e+01	  -5.6887207e+01	
   9.1000000e+00	   1.0000000e+00	   1.0548749e+01	  -5.5612793e+01	
   9.1100000e+00	   1.0000000e+00	   1.2386450e+01	  -5.6381836e+01	
   9.1200000e+00	   1.0000000e+00	   1.0949524e+01	  -5.4008789e+01	
   9.1300000e+00	   1.0000000e+00	   1.0089323e+01	  -5.3547363e+01	
   9.1400000e+00	   1.0000000e+00	   1.1565350e+01	  -5.3020020e+01	
   9.1500000e+00	   1.0000000e+00	   1.0470549e+01	  -5.3217773e+01	
   9.1600000e+00	   1.0000000e+00	   1.0118648e+01	  -5.2229004e+01	
   9.1700000e+00	   1.0000000e+00	   1.1174349e+01	  -5.0339355e+01	
   9.1800000e+00	   1.0000000e+00	   1.0626949e+01	  -5.1965332e+01	
   9.1900000e+00	   1.0000000e+00	   1.1154799e+01	  -5.0273438e+01	
   9.2000000e+00	   1.0000000e+00	   1.0333698e+01	  -4.9196777e+01	
   9.2100000e+00	   1.0000000e+00	   1.1751075e+01	  -4.7043457e+01	
   9.2200000e+00	   1.0000000e+00	   1.1506700e+01	  -4.6164551e+01	
   9.2300000e+00	   1.0000000e+00	   1.2200725e+01	  -4.8867188e+01	
   9.2400000e+00	   1.0000000e+00	   1.2953401e+01	  -4.7878418e+01	
   9.2500000e+00	   1.0000000e+00	   1.0841999e+01	  -4.3681641e+01	
   9.2600000e+00	   1.0000000e+00	   1.0382574e+01	  -4.6098633e+01	
   9.2700000e+00	   1.0000000e+00	   1.1995450e+01	  -4.6735840e+01	
   9.2800000e+00	   1.0000000e+00	   1.1682650e+01	  -4.1418457e+01	
   9.2900000e+00	   1.0000000e+00	   1.0705149e+01	  -4.3813477e+01	
   9.3000000e+00	   1.0000000e+00	   1.3403051e+01	  -4.3659668e+01	
   9.3100000e+00	   1.0000000e+00	   1.0871324e+01	  -4.1660156e+01	
   9.3200000e+00	   1.0000000e+00	   1.0519424e+01	  -4.0913086e+01	
   9.3300000e+00	   1.0000000e+00	   1.1242774e+01	  -4.0539551e+01	
   9.3400000e+00	   1.0000000e+00	   1.0304373e+01	  -3.9484863e+01	
   9.3500000e+00	   1.0000000e+00	   1.0871324e+01	  -3.9155273e+01	
   9.3600000e+00	   1.0000000e+00	   1.1516475e+01	  -3.8869629e+01	
   9.3700000e+00	   1.0000000e+00	   1.2630826e+01	  -3.9814453e+01	
   9.3800000e+00	   1.0000000e+00	   1.1594675e+01	  -3.8078613e+01	
   9.3900000e+00	   1.0000000e+00	   9.8938231e+00	  -3.7463379e+01	
   9.4000000e+00	   1.0000000e+00	   9.6983229e+00	  -3.5397949e+01	
   9.4100000e+00	   1.0000000e+00	   1.2650376e+01	  -3.8100586e+01	
   9.4200000e+00	   1.0000000e+00	   1.0724699e+01	  -3.3618164e+01	
   9.4300000e+00	   1.0000000e+00	   1.0226173e+01	  -3.4101563e+01	
   9.4400000e+00	   1.0000000e+00	   1.2581951e+01	  -3.4760742e+01	
   9.4500000e+00	   1.0000000e+00	   1.0578074e+01	  -2.9443359e+01	
   9.4600000e+00	   1.0000000e+00	   1.0450999e+01	  -3.2058105e+01	
   9.4700000e+00	   1.0000000e+00	   1.0509649e+01	  -2.8696289e+01	
   9.4800000e+00	   1.0000000e+00	   1.2347350e+01	  -2.9948730e+01	
   9.4900000e+00	   1.0000000e+00	   1.0920199e+01	  -3.0410156e+01	
   9.5000000e+00	   1.0000000e+00	   1.1457825e+01	  -2.7114258e+01	
   9.5100000e+00	   1.0000000e+00	   1.2757901e+01	  -2.7509766e+01	
   9.5200000e+00	   1.0000000e+00	   1.1448050e+01	  -2.8608398e+01	
   9.5300000e+00	   1.0000000e+00	   1.1848825e+01	  -2.7377930e+01	
   9.5400000e+00	   1.0000000e+00	   1.0773574e+01	  -2.6674805e+01	
   9.5500000e+00	   1.0000000e+00	   1.1135249e+01	  -2.4367676e+01	
   9.5600000e+00	   1.0000000e+00	   1.1428499e+01	  -2.5180664e+01	
   9.5700000e+00	   1.0000000e+00	   1.1369849e+01	  -2.2741699e+01	
   9.5800000e+00	   1.0000000e+00	   1.2797001e+01	  -2.5576172e+01	
   9.5900000e+00	   1.0000000e+00	   1.2396225e+01	  -2.2873535e+01	
   9.6000000e+00	   1.0000000e+00	   1.0372799e+01	  -2.3049316e+01	
   9.6100000e+00	   1.0000000e+00	   1.0411899e+01	  -2.1555176e+01	
   9.6200000e+00	   1.0000000e+00	   1.0304373e+01	  -1.8940430e+01	
   9.6300000e+00	   1.0000000e+00	   1.1164574e+01	  -2.0698242e+01	
   9.6400000e+00	   1.0000000e+00	   1.0920199e+01	  -2.0126953e+01	
   9.6500000e+00	   1.0000000e+00	   1.0382574e+01	  -1.8259277e+01	
   9.6600000e+00	   1.0000000e+00	   1.1790175e+01	  -1.9204102e+01	
   9.6700000e+00	   1.0000000e+00	   1.1242774e+01	  -1.7885742e+01	
   9.6800000e+00	   1.0000000e+00	   1.1956350e+01	  -1.5007324e+01	
   9.6900000e+00	   1.0000000e+00	   1.0988624e+01	  -1.8698730e+01	
   9.7000000e+00	   1.0000000e+00	   1.1575125e+01	  -1.5314941e+01	
   9.7100000e+00	   1.0000000e+00	   1.0705149e+01	  -1.3051758e+01	
   9.7200000e+00	   1.0000000e+00	   1.1956350e+01	  -1.4436035e+01	
   9.7300000e+00	   1.0000000e+00	   1.0626949e+01	  -1.2634277e+01	
   9.7400000e+00	   1.0000000e+00	   1.1848825e+01	  -1.1271973e+01	
   9.7500000e+00	   1.0000000e+00	   1.2151850e+01	  -1.2590332e+01	
   9.7600000e+00	   1.0000000e+00	   1.1320974e+01	  -6.8774414e+00	
   9.7700000e+00	   1.0000000e+00	   1.2259375e+01	  -1.0415039e+01	
   9.7800000e+00	   1.0000000e+00	   1.0617174e+01	  -1.0678711e+01	
   9.7900000e+00	   1.0000000e+00	   1.0861549e+01	  -1.1689453e+01	
   9.8000000e+00	   1.0000000e+00	   1.0255498e+01	  -6.6577148e+00	
   9.8100000e+00	   1.0000000e+00	   1.1145024e+01	  -8.0859375e+00	
   9.8200000e+00	   1.0000000e+00	   1.0695374e+01	  -7.0532227e+00	
   9.8300000e+00	   1.0000000e+00	   1.0851774e+01	  -3.9550781e+00	
   9.8400000e+00	   1.0000000e+00	   1.0685599e+01	  -5.9765625e+00	
   9.8500000e+00	   1.0000000e+00	   1.3051151e+01	  -4.5922852e+00	
   9.8600000e+00	   1.0000000e+00	   1.0216398e+01	  -6.7016602e+00	
   9.8700000e+00	   1.0000000e+00	   1.0998399e+01	  -3.3837891e+00	
   9.8800000e+00	   1.0000000e+00	   9.7862980e+00	  -4.3066406e+00	
   9.8900000e+00	   1.0000000e+00	   1.1174349e+01	  -4.6801758e+00	
   9.9000000e+00	   1.0000000e+00	   1.0490099e+01	  -1.2084961e+00	
   9.9100000e+00	   1.0000000e+00	   1.1135249e+01	  -3.3178711e+00	
   9.9200000e+00	   1.0000000e+00	   1.1017949e+01	  -1.9995117e+00	
   9.9300000e+00	   1.0000000e+00	   1.2093200e+01	   1.4941406e+00	
   9.9400000e+00	   1.0000000e+00	   1.0744249e+01	   1.6259766e+00	
   9.9500000e+00	   1.0000000e+00	   1.0851774e+01	   1.7797852e+00	
   9.9600000e+00	   1.0000000e+00	   9.6689979e+00	   3.6914063e+00	
   9.9700000e+00	   1.0000000e+00	   1.0685599e+01	   4.6142578e+00	
   9.9800000e+00	   1.0000000e+00	   1.0793124e+01	   2.6806641e+00	
   9.9900000e+00	   1.0000000e+00	   9.4050726e+00	   2.9663086e+00	
   1.0000000e+01	   1.0000000e+00	   1.1887925e+01	   2.9223633e+00	
