   0.0000000e+00	   4.9026440e-01	   9.8461592e-03	  -8.0815430e+01	  -2.5309487e-01	
   1.0000000e-02	  -1.2105872e+00	   1.0749686e-02	  -8.0991211e+01	  -7.5824985e-01	
   2.0000000e-02	  -1.5527125e+00	  -5.9497257e-02	  -7.8706055e+01	  -1.2536347e+00	
   3.0000000e-02	  -2.3151632e+00	  -2.3294694e-01	  -8.0178223e+01	  -1.7433706e+00	
   4.0000000e-02	  -3.9964647e+00	  -5.2991442e-01	  -8.0463867e+01	  -2.2355441e+00	
   5.0000000e-02	  -3.0482889e+00	  -9.4604620e-01	  -7.8486328e+01	  -2.7193363e+00	
   6.0000000e-02	  -4.9055406e+00	  -1.4381558e+00	  -8.1452637e+01	  -3.2031948e+00	
   7.0000000e-02	  -5.1792408e+00	  -2.0005151e+00	  -8.1254883e+01	  -3.6926931e+00	
   8.0000000e-02	  -6.4206670e+00	  -2.6359783e+00	  -8.1474609e+01	  -4.1791942e+00	
   9.0000000e-02	  -6.3522419e+00	  -3.3212645e+00	  -8.0661621e+01	  -4.6607901e+00	
   1.0000000e-01	  -7.4372679e+00	  -4.0274280e+00	  -8.2375488e+01	  -5.1421909e+00	
   1.1000000e-01	  -9.2260946e+00	  -4.7683859e+00	  -8.3518066e+01	  -5.6295222e+00	
   1.2000000e-01	  -8.3463437e+00	  -5.5481096e+00	  -8.2639160e+01	  -6.1146267e+00	
   1.3000000e-01	  -1.0047195e+01	  -6.3248056e+00	  -8.4331055e+01	  -6.5992389e+00	
   1.4000000e-01	  -1.1249521e+01	  -7.1119611e+00	  -8.4946289e+01	  -7.0880412e+00	
   1.5000000e-01	  -1.2168372e+01	  -7.9434960e+00	  -8.5957031e+01	  -7.5788739e+00	
   1.6000000e-01	  -1.2080397e+01	  -8.7959806e+00	  -8.5671387e+01	  -8.0689032e+00	
   1.7000000e-01	  -1.3791024e+01	  -9.6426935e+00	  -8.6748047e+01	  -8.5583404e+00	
   1.8000000e-01	  -1.3546649e+01	  -1.0479721e+01	  -8.7868652e+01	  -9.0515933e+00	
   1.9000000e-01	  -1.4719650e+01	  -1.1291392e+01	  -8.7648926e+01	  -9.5445781e+00	
   2.0000000e-01	  -1.4993350e+01	  -1.2069302e+01	  -8.8725586e+01	  -1.0037159e+01	
   2.1000000e-01	  -1.5286600e+01	  -1.2803507e+01	  -9.0263672e+01	  -1.0534843e+01	
   2.2000000e-01	  -1.7036327e+01	  -1.3503117e+01	  -9.1296387e+01	  -1.1037461e+01	
   2.3000000e-01	  -1.6733301e+01	  -1.4194421e+01	  -9.2109375e+01	  -1.1542711e+01	
   2.4000000e-01	  -1.8336403e+01	  -1.4880029e+01	  -9.2570801e+01	  -1.2048788e+01	
   2.5000000e-01	  -1.8766503e+01	  -1.5573849e+01	  -9.6174316e+01	  -1.2564425e+01	
   2.6000000e-01	  -1.8815378e+01	  -1.6267653e+01	  -9.5515137e+01	  -1.3086053e+01	
   2.7000000e-01	  -1.9284579e+01	  -1.6925734e+01	  -9.5251465e+01	  -1.3601525e+01	
   2.8000000e-01	  -2.0887680e+01	  -1.7560062e+01	  -9.8239746e+01	  -1.4122300e+01	
   2.9000000e-01	  -2.1210256e+01	  -1.8208491e+01	  -1.0228271e+02	  -1.4661834e+01	
   3.0000000e-01	  -2.1542606e+01	  -1.8865700e+01	  -1.0004150e+02	  -1.5203631e+01	
   3.1000000e-01	  -2.1982481e+01	  -1.9504407e+01	  -1.0175537e+02	  -1.5740382e+01	
   3.2000000e-01	  -2.3595358e+01	  -2.0136673e+01	  -1.0452393e+02	  -1.6287810e+01	
   3.3000000e-01	  -2.3194582e+01	  -2.0779585e+01	  -1.0513916e+02	  -1.6842406e+01	
   3.4000000e-01	  -2.3311883e+01	  -2.1396327e+01	  -1.0687500e+02	  -1.7400892e+01	
   3.5000000e-01	  -2.4592409e+01	  -2.1969120e+01	  -1.1030273e+02	  -1.7972050e+01	
   3.6000000e-01	  -2.5305984e+01	  -2.2535834e+01	  -1.1012695e+02	  -1.8549816e+01	
   3.7000000e-01	  -2.6107535e+01	  -2.3123599e+01	  -1.1214844e+02	  -1.9129743e+01	
   3.8000000e-01	  -2.6322585e+01	  -2.3728494e+01	  -1.1436768e+02	  -1.9719318e+01	
   3.9000000e-01	  -2.6821111e+01	  -2.4330530e+01	  -1.1704834e+02	  -2.0320546e+01	
   4.0000000e-01	  -2.7026386e+01	  -2.4910834e+01	  -1.1627930e+02	  -2.0923995e+01	
   4.1000000e-01	  -2.7837712e+01	  -2.5465134e+01	  -1.1797119e+02	  -2.1526554e+01	
   4.2000000e-01	  -2.7309861e+01	  -2.5984338e+01	  -1.2032227e+02	  -2.2138001e+01	
   4.3000000e-01	  -2.9822039e+01	  -2.6484867e+01	  -1.2155273e+02	  -2.2756834e+01	
   4.4000000e-01	  -2.9567888e+01	  -2.7018412e+01	  -1.2313477e+02	  -2.3380600e+01	
   4.5000000e-01	  -2.9890464e+01	  -2.7576993e+01	  -1.2333252e+02	  -2.4006032e+01	
   4.6000000e-01	  -3.0975490e+01	  -2.8136401e+01	  -1.2739746e+02	  -2.4640897e+01	
   4.7000000e-01	  -3.1346940e+01	  -2.8708921e+01	  -1.2880371e+02	  -2.5288919e+01	
   4.8000000e-01	  -3.1474015e+01	  -2.9283121e+01	  -1.3133057e+02	  -2.5945201e+01	
   4.9000000e-01	  -3.2060516e+01	  -2.9836614e+01	  -1.3365967e+02	  -2.6612579e+01	
   5.0000000e-01	  -3.2412416e+01	  -3.0365540e+01	  -1.3568115e+02	  -2.7289402e+01	
   5.1000000e-01	  -3.2686116e+01	  -3.0867629e+01	  -1.3946045e+02	  -2.7980153e+01	
   5.2000000e-01	  -3.3849342e+01	  -3.1353595e+01	  -1.4025146e+02	  -2.8680890e+01	
   5.3000000e-01	  -3.3038016e+01	  -3.1826106e+01	  -1.4238281e+02	  -2.9386391e+01	
   5.4000000e-01	  -3.4553143e+01	  -3.2273232e+01	  -1.4282227e+02	  -3.0095523e+01	
   5.5000000e-01	  -3.3927542e+01	  -3.2700157e+01	  -1.4532715e+02	  -3.0809435e+01	
   5.6000000e-01	  -3.4367418e+01	  -3.3093965e+01	  -1.4655762e+02	  -3.1530574e+01	
   5.7000000e-01	  -3.5843444e+01	  -3.3469644e+01	  -1.5057861e+02	  -3.2263642e+01	
   5.8000000e-01	  -3.5442669e+01	  -3.3863589e+01	  -1.5279785e+02	  -3.3011661e+01	
   5.9000000e-01	  -3.6205119e+01	  -3.4266461e+01	  -1.5822510e+02	  -3.3778942e+01	
   6.0000000e-01	  -3.5237394e+01	  -3.4645835e+01	  -1.5514893e+02	  -3.4548780e+01	
   6.1000000e-01	  -3.6693870e+01	  -3.4985355e+01	  -1.6143311e+02	  -3.5323843e+01	
   6.2000000e-01	  -3.6928470e+01	  -3.5315819e+01	  -1.6534424e+02	  -3.6125981e+01	
   6.3000000e-01	  -3.6879595e+01	  -3.5651619e+01	  -1.6503662e+02	  -3.6934380e+01	
   6.4000000e-01	  -3.7485646e+01	  -3.5978785e+01	  -1.6885986e+02	  -3.7748725e+01	
   6.5000000e-01	  -3.7270595e+01	  -3.6293175e+01	  -1.6956299e+02	  -3.8572146e+01	
   6.6000000e-01	  -3.8248096e+01	  -3.6597279e+01	  -1.7219971e+02	  -3.9400868e+01	
   6.7000000e-01	  -3.8062371e+01	  -3.6901571e+01	  -1.7424316e+02	  -4.0239057e+01	
   6.8000000e-01	  -3.7896196e+01	  -3.7190373e+01	  -1.7630859e+02	  -4.1084864e+01	
   6.9000000e-01	  -3.9225597e+01	  -3.7462334e+01	  -1.8000000e+02	  -4.1943402e+01	
   7.0000000e-01	  -3.9577498e+01	  -3.7758774e+01	  -1.8000000e+02	  -4.2808124e+01	
   7.1000000e-01	  -3.8658647e+01	  -3.8069480e+01	  -1.8000000e+02	  -4.3667429e+01	
   7.2000000e-01	  -3.9694798e+01	  -3.8355344e+01	  -1.8000000e+02	  -4.4521352e+01	
   7.3000000e-01	  -4.0017373e+01	  -3.8631956e+01	  -1.8000000e+02	  -4.5369926e+01	
   7.4000000e-01	  -4.0242198e+01	  -3.8918693e+01	  -1.3666992e+01	  -4.5692270e+01	
   7.5000000e-01	  -4.0916674e+01	  -3.9217945e+01	  -1.1953125e+01	  -4.5486311e+01	
   7.6000000e-01	  -4.0926449e+01	  -3.9532986e+01	   1.7393555e+02	  -4.4694116e+01	
   7.7000000e-01	  -4.0848249e+01	  -3.9845213e+01	   1.7839600e+02	  -4.3310753e+01	
   7.8000000e-01	  -4.0682074e+01	  -4.0124270e+01	   1.7597900e+02	  -4.1929656e+01	
   7.9000000e-01	  -4.1708449e+01	  -4.0372005e+01	   1.7239746e+02	  -4.0575996e+01	
   8.0000000e-01	  -4.2079900e+01	  -4.0625098e+01	   1.7661621e+02	  -3.9228818e+01	
   8.1000000e-01	  -4.2158100e+01	  -4.0898400e+01	   1.6940918e+02	  -3.7899438e+01	
   8.2000000e-01	  -4.2119000e+01	  -4.1172522e+01	   1.6635498e+02	  -3.6610519e+01	
   8.3000000e-01	  -4.1952825e+01	  -4.1421813e+01	   1.6305908e+02	  -3.5349561e+01	
   8.4000000e-01	  -4.2451350e+01	  -4.1637703e+01	   1.6242188e+02	  -3.4108818e+01	
   8.5000000e-01	  -4.3507051e+01	  -4.1852718e+01	   1.6062012e+02	  -3.2883485e+01	
   8.6000000e-01	  -4.3624351e+01	  -4.2104670e+01	   1.5833496e+02	  -3.1678627e+01	
   8.7000000e-01	  -4.2842351e+01	  -4.2370280e+01	   1.5257813e+02	  -3.0506500e+01	
   8.8000000e-01	  -4.3741651e+01	  -4.2612319e+01	   1.4754639e+02	  -2.9375503e+01	
   8.9000000e-01	  -4.2822801e+01	  -4.2821759e+01	   1.4447021e+02	  -2.8276981e+01	
   9.0000000e-01	  -4.3770976e+01	  -4.2993664e+01	   1.4271240e+02	  -2.7200479e+01	
   9.1000000e-01	  -4.3047626e+01	  -4.3132790e+01	   1.4152588e+02	  -2.6139941e+01	
   9.2000000e-01	  -4.3956702e+01	  -4.3247961e+01	   1.3656006e+02	  -2.5105313e+01	
   9.3000000e-01	  -4.4533427e+01	  -4.3372088e+01	   1.3537354e+02	  -2.4096434e+01	
   9.4000000e-01	  -4.4660502e+01	  -4.3535960e+01	   1.3113281e+02	  -2.3110870e+01	
   9.5000000e-01	  -4.4777802e+01	  -4.3731202e+01	   1.2759521e+02	  -2.2155839e+01	
   9.6000000e-01	  -4.4963527e+01	  -4.3941872e+01	   1.2702393e+02	  -2.1219658e+01	
   9.7000000e-01	  -4.5022178e+01	  -4.4156507e+01	   1.2662842e+02	  -2.0292369e+01	
   9.8000000e-01	  -4.5579353e+01	  -4.4373717e+01	   1.1924561e+02	  -1.9395248e+01	
   9.9000000e-01	  -4.5227453e+01	  -4.4591621e+01	   1.1750977e+02	  -1.8532303e+01	
   1.0000000e+00	  -4.5422953e+01	  -4.4793446e+01	   1.1548828e+02	  -1.7686530e+01	
   1.0100000e+00	  -4.5520703e+01	  -4.4971495e+01	   1.1570801e+02	  -1.6851698e+01	
   1.0200000e+00	  -4.5647778e+01	  -4.5130395e+01	   1.0775391e+02	  -1.6046317e+01	
   1.0300000e+00	  -4.6195179e+01	  -4.5282310e+01	   1.0507324e+02	  -1.5279286e+01	
   1.0400000e+00	  -4.5794403e+01	  -4.5434033e+01	   1.0351318e+02	  -1.4530340e+01	
   1.0500000e+00	  -4.6068104e+01	  -4.5573836e+01	   9.9558105e+01	  -1.3803357e+01	
   1.0600000e+00	  -4.5960578e+01	  -4.5695549e+01	   9.6899414e+01	  -1.3101641e+01	
   1.0700000e+00	  -4.6107204e+01	  -4.5800005e+01	   9.5405273e+01	  -1.2417326e+01	
   1.0800000e+00	  -4.5989903e+01	  -4.5886375e+01	   9.4020996e+01	  -1.1746311e+01	
   1.0900000e+00	  -4.6126754e+01	  -4.5955190e+01	   8.8220215e+01	  -1.1102001e+01	
   1.1000000e+00	  -4.6077879e+01	  -4.6009377e+01	   8.3825684e+01	  -1.0493656e+01	
   1.1100000e+00	  -4.6898979e+01	  -4.6067105e+01	   8.2111816e+01	  -9.9082518e+00	
   1.1200000e+00	  -4.6791454e+01	  -4.6152306e+01	   7.5454102e+01	  -9.3527319e+00	
   1.1300000e+00	  -4.7035829e+01	  -4.6265362e+01	   7.7167969e+01	  -8.8161745e+00	
   1.1400000e+00	  -4.6928304e+01	  -4.6392698e+01	   7.2839355e+01	  -8.2911665e+00	
   1.1500000e+00	  -4.7329080e+01	  -4.6527601e+01	   6.8027344e+01	  -7.7980733e+00	
   1.1600000e+00	  -4.7280205e+01	  -4.6669476e+01	   6.7697754e+01	  -7.3241708e+00	
   1.1700000e+00	  -4.7241105e+01	  -4.6809726e+01	   6.3369141e+01	  -6.8678251e+00	
   1.1800000e+00	  -4.7319305e+01	  -4.6936685e+01	   6.1303711e+01	  -6.4343623e+00	
   1.1900000e+00	  -4.8003555e+01	  -4.7061020e+01	   6.0842285e+01	  -6.0115280e+00	
   1.2000000e+00	  -4.7788505e+01	  -4.7198418e+01	   5.4074707e+01	  -5.6139817e+00	
   1.2100000e+00	  -4.7778730e+01	  -4.7338065e+01	   5.4514160e+01	  -5.2387436e+00	
   1.2200000e+00	  -4.7475705e+01	  -4.7457138e+01	   4.9438477e+01	  -4.8803754e+00	
   1.2300000e+00	  -4.7612555e+01	  -4.7543832e+01	   4.6582031e+01	  -4.5490935e+00	
   1.2400000e+00	  -4.7886255e+01	  -4.7607702e+01	   4.2978516e+01	  -4.2401176e+00	
   1.2500000e+00	  -4.7514805e+01	  -4.7658086e+01	   4.0517578e+01	  -3.9520694e+00	
   1.2600000e+00	  -4.7817830e+01	  -4.7692435e+01	   3.7836914e+01	  -3.6819277e+00	
   1.2700000e+00	  -4.7964455e+01	  -4.7721397e+01	   3.6650391e+01	  -3.4255892e+00	
   1.2800000e+00	  -4.7856930e+01	  -4.7754394e+01	   2.9707031e+01	  -3.1963171e+00	
   1.2900000e+00	  -4.8619381e+01	  -4.7801265e+01	   2.7949219e+01	  -2.9957311e+00	
   1.3000000e+00	  -4.8120855e+01	  -4.7871724e+01	   2.6916504e+01	  -2.8051408e+00	
   1.3100000e+00	  -4.9020156e+01	  -4.7964999e+01	   2.2478027e+01	  -2.6328786e+00	
   1.3200000e+00	  -4.8453206e+01	  -4.8080138e+01	   1.9533691e+01	  -2.4848167e+00	
   1.3300000e+00	  -4.7680980e+01	  -4.8179831e+01	   1.6127930e+01	  -2.3575692e+00	
   1.3400000e+00	  -4.7749405e+01	  -4.8220577e+01	   1.2744141e+01	  -2.2523820e+00	
   1.3500000e+00	  -4.8599831e+01	  -4.8224564e+01	   1.0502930e+01	  -2.1654698e+00	
   1.3600000e+00	  -4.8590056e+01	  -4.8239992e+01	   7.3388672e+00	  -2.0960300e+00	
   1.3700000e+00	  -4.7827605e+01	  -4.8262892e+01	   2.6806641e+00	  -2.0515227e+00	
   1.3800000e+00	  -4.8287031e+01	  -4.8267151e+01	   2.3730469e+00	  -2.0228459e+00	
   1.3900000e+00	  -4.8091530e+01	  -4.8258326e+01	  -2.2851563e+00	  -2.0099005e+00	
   1.4000000e+00	  -4.8375006e+01	  -4.8248886e+01	  -4.7241211e+00	  -2.0192628e+00	
   1.4100000e+00	  -4.7759180e+01	  -4.8234902e+01	  -6.0644531e+00	  -2.0404024e+00	
   1.4200000e+00	  -4.7720080e+01	  -4.8199300e+01	  -1.0041504e+01	  -2.0780623e+00	
   1.4300000e+00	  -4.8355456e+01	  -4.8151515e+01	  -1.0942383e+01	  -2.1307629e+00	
   1.4400000e+00	  -4.8306581e+01	  -4.8123509e+01	  -1.5446777e+01	  -2.2000614e+00	
   1.4500000e+00	  -4.7993780e+01	  -4.8114954e+01	  -1.5710449e+01	  -2.2838584e+00	
   1.4600000e+00	  -4.8707356e+01	  -4.8120346e+01	  -2.2280273e+01	  -2.3885313e+00	
   1.4700000e+00	  -4.8883306e+01	  -4.8160163e+01	  -2.3862305e+01	  -2.5180784e+00	
   1.4800000e+00	  -4.8365231e+01	  -4.8229854e+01	  -2.7070313e+01	  -2.6618153e+00	
   1.4900000e+00	  -4.8375006e+01	  -4.8296027e+01	  -3.0212402e+01	  -2.8245389e+00	
   1.5000000e+00	  -4.8345681e+01	  -4.8344026e+01	  -3.5354004e+01	  -3.0121858e+00	
   1.5100000e+00	  -4.8844206e+01	  -4.8385545e+01	  -3.7375488e+01	  -3.2210905e+00	
   1.5200000e+00	  -4.8668256e+01	  -4.8435473e+01	  -3.9902344e+01	  -3.4429311e+00	
   1.5300000e+00	  -4.9069031e+01	  -4.8497777e+01	  -4.2473145e+01	  -3.6793468e+00	
   1.5400000e+00	  -4.9147231e+01	  -4.8577148e+01	  -4.5000000e+01	  -3.9302464e+00	
   1.5500000e+00	  -4.9166781e+01	  -4.8672672e+01	  -4.9262695e+01	  -4.2008377e+00	
   1.5600000e+00	  -4.9332957e+01	  -4.8776575e+01	  -5.0207520e+01	  -4.4860429e+00	
   1.5700000e+00	  -4.8404331e+01	  -4.8865922e+01	  -5.3525391e+01	  -4.7828114e+00	
   1.5800000e+00	  -4.8756231e+01	  -4.8911860e+01	  -5.7656250e+01	  -5.1010489e+00	
   1.5900000e+00	  -4.9284081e+01	  -4.8932355e+01	  -5.9655762e+01	  -5.4364919e+00	
   1.6000000e+00	  -4.8912631e+01	  -4.8955693e+01	  -6.2358398e+01	  -5.7845598e+00	
   1.6100000e+00	  -4.9137456e+01	  -4.8979177e+01	  -6.6225586e+01	  -6.1510228e+00	
   1.6200000e+00	  -4.9508907e+01	  -4.9009899e+01	  -6.8203125e+01	  -6.5334947e+00	
   1.6300000e+00	  -4.8678031e+01	  -4.9045542e+01	  -7.0422363e+01	  -6.9267143e+00	
   1.6400000e+00	  -4.8531406e+01	  -4.9052621e+01	  -7.3564453e+01	  -7.3342614e+00	
   1.6500000e+00	  -4.8414106e+01	  -4.9015879e+01	  -7.6574707e+01	  -7.7585235e+00	
   1.6600000e+00	  -4.8697581e+01	  -4.8952020e+01	  -7.8706055e+01	  -8.1962305e+00	
   1.6700000e+00	  -4.8687806e+01	  -4.8884735e+01	  -8.2639160e+01	  -8.6501884e+00	
   1.6800000e+00	  -4.9108131e+01	  -4.8834400e+01	  -8.6286621e+01	  -9.1250434e+00	
   1.6900000e+00	  -4.9235206e+01	  -4.8818217e+01	  -8.8395996e+01	  -9.6149532e+00	
   1.7000000e+00	  -4.8697581e+01	  -4.8827988e+01	  -9.2416992e+01	  -1.0120993e+01	
   1.7100000e+00	  -4.8863756e+01	  -4.8837912e+01	  -9.5031738e+01	  -1.0644645e+01	
   1.7200000e+00	  -4.8726906e+01	  -4.8840268e+01	  -9.7229004e+01	  -1.1180088e+01	
   1.7300000e+00	  -4.9088581e+01	  -4.8842684e+01	  -9.9733887e+01	  -1.1726902e+01	
   1.7400000e+00	  -4.8756231e+01	  -4.8850049e+01	  -1.0353516e+02	  -1.2290041e+01	
   1.7500000e+00	  -4.9088581e+01	  -4.8860585e+01	  -1.0643555e+02	  -1.2870641e+01	
   1.7600000e+00	  -4.8873531e+01	  -4.8874665e+01	  -1.1135742e+02	  -1.3472101e+01	
   1.7700000e+00	  -4.9166781e+01	  -4.8893812e+01	  -1.1190674e+02	  -1.4086929e+01	
   1.7800000e+00	  -4.9372057e+01	  -4.8926254e+01	  -1.1597168e+02	  -1.4712357e+01	
   1.7900000e+00	  -4.8287031e+01	  -4.8956960e+01	  -1.1882813e+02	  -1.5355543e+01	
   1.8000000e+00	  -4.8560731e+01	  -4.8950123e+01	  -1.2212402e+02	  -1.6013969e+01	
   1.8100000e+00	  -4.8550956e+01	  -4.8908764e+01	  -1.2458496e+02	  -1.6686299e+01	
   1.8200000e+00	  -4.9274306e+01	  -4.8868218e+01	  -1.2735352e+02	  -1.7370796e+01	
   1.8300000e+00	  -4.9157006e+01	  -4.8857953e+01	  -1.3172607e+02	  -1.8073370e+01	
   1.8400000e+00	  -4.9401382e+01	  -4.8882657e+01	  -1.3205566e+02	  -1.8786269e+01	
   1.8500000e+00	  -4.9303631e+01	  -4.8933301e+01	  -1.3618652e+02	  -1.9508672e+01	
   1.8600000e+00	  -5.0017207e+01	  -4.9011826e+01	  -1.3765869e+02	  -2.0244097e+01	
   1.8700000e+00	  -4.9635982e+01	  -4.9120966e+01	  -1.4207520e+02	  -2.0993358e+01	
   1.8800000e+00	  -4.9381832e+01	  -4.9234889e+01	  -1.4778809e+02	  -2.1769649e+01	
   1.8900000e+00	  -4.9000606e+01	  -4.9317205e+01	  -1.4838135e+02	  -2.2560827e+01	
   1.9000000e+00	  -4.9557782e+01	  -4.9363412e+01	  -1.5330322e+02	  -2.3364322e+01	
   1.9100000e+00	  -4.8844206e+01	  -4.9383140e+01	  -1.5807129e+02	  -2.4193130e+01	
   1.9200000e+00	  -4.8619381e+01	  -4.9362314e+01	  -1.5662109e+02	  -2.5027138e+01	
   1.9300000e+00	  -4.9284081e+01	  -4.9307140e+01	  -1.6321289e+02	  -2.5872025e+01	
   1.9400000e+00	  -4.9225431e+01	  -4.9255374e+01	  -1.6530029e+02	  -2.6738800e+01	
   1.9500000e+00	  -4.8746456e+01	  -4.9211327e+01	  -1.6714600e+02	  -2.7612465e+01	
   1.9600000e+00	  -4.9342732e+01	  -4.9167327e+01	  -1.6804688e+02	  -2.8489258e+01	
   1.9700000e+00	  -4.8834431e+01	  -4.9131015e+01	  -1.7450684e+02	  -2.9383612e+01	
   1.9800000e+00	  -4.8805106e+01	  -4.9093520e+01	  -1.7593506e+02	  -3.0297069e+01	
   1.9900000e+00	  -4.8961506e+01	  -4.9050033e+01	  -1.8000000e+02	  -3.1222007e+01	
   2.0000000e+00	  -4.9293856e+01	  -4.9018565e+01	  -1.8000000e+02	  -3.2153882e+01	
   2.0100000e+00	  -4.9244981e+01	  -4.9012842e+01	  -1.8000000e+02	  -3.3079920e+01	
   2.0200000e+00	  -4.9567557e+01	  -4.9035279e+01	  -1.8000000e+02	  -3.4000158e+01	
   2.0300000e+00	  -4.8511856e+01	  -4.9064749e+01	  -1.2634277e+01	  -3.4390483e+01	
   2.0400000e+00	  -4.9372057e+01	  -4.9077712e+01	   1.7459473e+02	  -3.3667855e+01	
   2.0500000e+00	  -4.8951731e+01	  -4.9083954e+01	   1.7701172e+02	  -3.2355827e+01	
   2.0600000e+00	  -4.9205881e+01	  -4.9090881e+01	   1.7872559e+02	  -3.1039080e+01	
   2.0700000e+00	  -4.8951731e+01	  -4.9094353e+01	   1.7934082e+02	  -2.9723286e+01	
   2.0800000e+00	  -4.9039706e+01	  -4.9091994e+01	   1.7441895e+02	  -2.8429221e+01	
   2.0900000e+00	  -4.9293856e+01	  -4.9089618e+01	   1.6613525e+02	  -2.7184619e+01	
   2.1000000e+00	  -4.9381832e+01	  -4.9101164e+01	   1.6560791e+02	  -2.5975406e+01	
   2.1100000e+00	  -4.9557782e+01	  -4.9132883e+01	   1.6143311e+02	  -2.4788493e+01	
   2.1200000e+00	  -4.9460032e+01	  -4.9181863e+01	   1.5690674e+02	  -2.3636264e+01	
   2.1300000e+00	  -4.9811932e+01	  -4.9244653e+01	   1.5679688e+02	  -2.2505772e+01	
   2.1400000e+00	  -4.9352507e+01	  -4.9314200e+01	   1.4972168e+02	  -2.1404862e+01	
   2.1500000e+00	  -4.9381832e+01	  -4.9371698e+01	   1.4697510e+02	  -2.0341608e+01	
   2.1600000e+00	  -4.9821707e+01	  -4.9417633e+01	   1.4730469e+02	  -1.9292583e+01	
   2.1700000e+00	  -4.8932181e+01	  -4.9452856e+01	   1.4014160e+02	  -1.8271529e+01	
   2.1800000e+00	  -4.9235206e+01	  -4.9457569e+01	   1.4253662e+02	  -1.7271803e+01	
   2.1900000e+00	  -4.9870582e+01	  -4.9449403e+01	   1.3627441e+02	  -1.6290450e+01	
   2.2000000e+00	  -4.9088581e+01	  -4.9449535e+01	   1.3322021e+02	  -1.5344421e+01	
   2.2100000e+00	  -4.9362282e+01	  -4.9441825e+01	   1.3229736e+02	  -1.4416772e+01	
   2.2200000e+00	  -4.9831482e+01	  -4.9434416e+01	   1.2552979e+02	  -1.3519019e+01	
   2.2300000e+00	  -5.0173607e+01	  -4.9459010e+01	   1.2335449e+02	  -1.2654895e+01	
   2.2400000e+00	  -5.0026982e+01	  -4.9522374e+01	   1.1619141e+02	  -1.1825430e+01	
   2.2500000e+00	  -4.9821707e+01	  -4.9602372e+01	   1.1669678e+02	  -1.1022010e+01	
   2.2600000e+00	  -4.9890132e+01	  -4.9676795e+01	   1.1228027e+02	  -1.0235871e+01	
   2.2700000e+00	  -4.9489357e+01	  -4.9732241e+01	   1.0716064e+02	  -9.4845211e+00	
   2.2800000e+00	  -4.9508907e+01	  -4.9756732e+01	   1.0606201e+02	  -8.7573514e+00	
   2.2900000e+00	  -4.9381832e+01	  -4.9749585e+01	   1.0428223e+02	  -8.0437509e+00	
   2.3000000e+00	  -4.9010381e+01	  -4.9710551e+01	   1.0092041e+02	  -7.3507224e+00	
   2.3100000e+00	  -4.9772832e+01	  -4.9652042e+01	   9.7053223e+01	  -6.6846742e+00	
   2.3200000e+00	  -4.9274306e+01	  -4.9598896e+01	   9.2592773e+01	  -6.0488780e+00	
   2.3300000e+00	  -4.9098356e+01	  -4.9545214e+01	   9.0087891e+01	  -5.4388779e+00	
   2.3400000e+00	  -4.9645757e+01	  -4.9489414e+01	   8.8527832e+01	  -4.8454290e+00	
   2.3500000e+00	  -4.9460032e+01	  -4.9451463e+01	   8.5012207e+01	  -4.2715931e+00	
   2.3600000e+00	  -4.9616432e+01	  -4.9434682e+01	   8.1364746e+01	  -3.7237844e+00	
   2.3700000e+00	  -5.0388657e+01	  -4.9450888e+01	   7.5344238e+01	  -3.2096848e+00	
   2.3800000e+00	  -5.0036757e+01	  -4.9514040e+01	   7.4487305e+01	  -2.7203438e+00	
   2.3900000e+00	  -4.9655532e+01	  -4.9595945e+01	   7.0576172e+01	  -2.2490002e+00	
   2.4000000e+00	  -5.0505958e+01	  -4.9677998e+01	   6.6928711e+01	  -1.8042807e+00	
   2.4100000e+00	  -4.9235206e+01	  -4.9754535e+01	   6.4687500e+01	  -1.3807886e+00	
   2.4200000e+00	  -4.9479582e+01	  -4.9792331e+01	   6.1765137e+01	  -9.7612011e-01	
   2.4300000e+00	  -5.0535283e+01	  -4.9807742e+01	   6.0644531e+01	  -5.8664794e-01	
   2.4400000e+00	  -5.0085632e+01	  -4.9845839e+01	   5.6513672e+01	  -2.1606158e-01	
   2.4500000e+00	  -4.9890132e+01	  -4.9894640e+01	   5.1657715e+01	   1.2405900e-01	
   2.4600000e+00	  -5.0026982e+01	  -4.9932252e+01	   4.9855957e+01	   4.4119884e-01	
   2.4700000e+00	  -4.9635982e+01	  -4.9953383e+01	   4.7856445e+01	   7.4444759e-01	
   2.4800000e+00	  -4.9489357e+01	  -4.9946345e+01	   4.2868652e+01	   1.0239143e+00	
   2.4900000e+00	  -4.9763057e+01	  -4.9913562e+01	   4.3637695e+01	   1.2884185e+00	
   2.5000000e+00	  -4.9430707e+01	  -4.9868274e+01	   3.5991211e+01	   1.5297274e+00	
   2.5100000e+00	  -4.9753282e+01	  -4.9817230e+01	   3.3750000e+01	   1.7385590e+00	
   2.5200000e+00	  -4.9870582e+01	  -4.9775233e+01	   3.1157227e+01	   1.9309436e+00	
   2.5300000e+00	  -5.0378882e+01	  -4.9763811e+01	   2.8168945e+01	   2.1046446e+00	
   2.5400000e+00	  -4.9254756e+01	  -4.9773112e+01	   2.4675293e+01	   2.2569578e+00	
   2.5500000e+00	  -4.9890132e+01	  -4.9772772e+01	   2.2478027e+01	   2.3904944e+00	
   2.5600000e+00	  -4.9851032e+01	  -4.9768436e+01	   1.8017578e+01	   2.5023442e+00	
   2.5700000e+00	  -4.9362282e+01	  -4.9763260e+01	   1.5358887e+01	   2.5911979e+00	
   2.5800000e+00	  -4.9225431e+01	  -4.9734796e+01	   1.2436523e+01	   2.6620165e+00	
   2.5900000e+00	  -4.9557782e+01	  -4.9685044e+01	   8.8330078e+00	   2.7119540e+00	
   2.6000000e+00	  -4.9469807e+01	  -4.9634471e+01	   5.9765625e+00	   2.7413477e+00	
   2.6100000e+00	  -4.9166781e+01	  -4.9584489e+01	   5.2514648e+00	   2.7593407e+00	
   2.6200000e+00	  -4.9821707e+01	  -4.9538116e+01	  -2.3291016e+00	   2.7512097e+00	
   2.6300000e+00	  -4.9342732e+01	  -4.9508384e+01	  -3.4936523e+00	   2.7157419e+00	
   2.6400000e+00	  -4.9215656e+01	  -4.9483075e+01	  -5.5810547e+00	   2.6703119e+00	
   2.6500000e+00	  -4.9616432e+01	  -4.9455961e+01	  -6.7895508e+00	   2.6148445e+00	
   2.6600000e+00	  -4.8805106e+01	  -4.9427120e+01	  -8.2836914e+00	   2.5512606e+00	
   2.6700000e+00	  -4.9196106e+01	  -4.9382801e+01	  -1.2150879e+01	   2.4712844e+00	
   2.6800000e+00	  -4.9352507e+01	  -4.9334667e+01	  -1.4809570e+01	   2.3713717e+00	
   2.6900000e+00	  -5.0017207e+01	  -4.9315438e+01	  -2.0083008e+01	   2.2472432e+00	
   2.7000000e+00	  -4.9469807e+01	  -4.9335138e+01	  -2.5378418e+01	   2.0907931e+00	
   2.7100000e+00	  -4.9352507e+01	  -4.9367229e+01	  -2.7399902e+01	   1.9124081e+00	
   2.7200000e+00	  -4.9342732e+01	  -4.9388787e+01	  -2.8498535e+01	   1.7253689e+00	
   2.7300000e+00	  -4.9635982e+01	  -4.9405000e+01	  -3.1069336e+01	   1.5280095e+00	
   2.7400000e+00	  -5.0222482e+01	  -4.9439842e+01	  -3.4738770e+01	   1.3123433e+00	
   2.7500000e+00	  -5.0154057e+01	  -4.9511908e+01	  -3.8496094e+01	   1.0747691e+00	
   2.7600000e+00	  -4.9411157e+01	  -4.9596168e+01	  -4.2539063e+01	   8.1425421e-01	
   2.7700000e+00	  -4.9978107e+01	  -4.9661651e+01	  -4.2780762e+01	   5.4195253e-01	
   2.7800000e+00	  -4.9352507e+01	  -4.9705121e+01	  -4.7263184e+01	   2.5656159e-01	
   2.7900000e+00	  -4.8824656e+01	  -4.9706637e+01	  -4.9921875e+01	  -4.9406084e-02	
   2.8000000e+00	  -4.9802157e+01	  -4.9666989e+01	  -5.0581055e+01	  -3.6384811e-01	
   2.8100000e+00	  -4.9440482e+01	  -4.9625524e+01	  -5.6228027e+01	  -6.9607000e-01	
   2.8200000e+00	  -4.9078806e+01	  -4.9584065e+01	  -5.8403320e+01	  -1.0507085e+00	
   2.8300000e+00	  -4.9694632e+01	  -4.9536518e+01	  -6.1655273e+01	  -1.4201226e+00	
   2.8400000e+00	  -5.0271357e+01	  -4.9517940e+01	  -6.4555664e+01	  -1.8064905e+00	
   2.8500000e+00	  -4.9675082e+01	  -4.9542992e+01	  -6.8049316e+01	  -2.2104630e+00	
   2.8600000e+00	  -5.0154057e+01	  -4.9591265e+01	  -7.0686035e+01	  -2.6311041e+00	
   2.8700000e+00	  -4.9352507e+01	  -4.9641718e+01	  -7.4509277e+01	  -3.0693416e+00	
   2.8800000e+00	  -4.9332957e+01	  -4.9666549e+01	  -7.7849121e+01	  -3.5272673e+00	
   2.8900000e+00	  -4.9088581e+01	  -4.9651160e+01	  -7.9101563e+01	  -3.9967067e+00	
   2.9000000e+00	  -4.9499132e+01	  -4.9609250e+01	  -8.1254883e+01	  -4.4738718e+00	
   2.9100000e+00	  -4.9029931e+01	  -4.9555856e+01	  -8.5451660e+01	  -4.9679351e+00	
   2.9200000e+00	  -4.9567557e+01	  -4.9499583e+01	  -8.8461914e+01	  -5.4814747e+00	
   2.9300000e+00	  -4.8726906e+01	  -4.9441272e+01	  -9.0549316e+01	  -6.0077623e+00	
   2.9400000e+00	  -4.9000606e+01	  -4.9368867e+01	  -9.3977051e+01	  -6.5480255e+00	
   2.9500000e+00	  -4.9342732e+01	  -4.9294220e+01	  -9.6481934e+01	  -7.1034844e+00	
   2.9600000e+00	  -4.9225431e+01	  -4.9241016e+01	  -9.8547363e+01	  -7.6697773e+00	
   2.9700000e+00	  -4.8853981e+01	  -4.9200537e+01	  -1.0318359e+02	  -8.2535113e+00	
   2.9800000e+00	  -4.8863756e+01	  -4.9154392e+01	  -1.0606201e+02	  -8.8571231e+00	
   2.9900000e+00	  -4.9528457e+01	  -4.9114602e+01	  -1.1104980e+02	  -9.4815892e+00	
   3.0000000e+00	  -4.9313406e+01	  -4.9104661e+01	  -1.1247803e+02	  -1.0122237e+01	
   3.0100000e+00	  -5.0046532e+01	  -4.9134097e+01	  -1.1542236e+02	  -1.0772567e+01	
   3.0200000e+00	  -4.9528457e+01	  -4.9201146e+01	  -1.1841064e+02	  -1.1437402e+01	
   3.0300000e+00	  -4.9391607e+01	  -4.9278099e+01	  -1.2161865e+02	  -1.2117479e+01	
   3.0400000e+00	  -4.9157006e+01	  -4.9334608e+01	  -1.2460693e+02	  -1.2812701e+01	
   3.0500000e+00	  -4.9430707e+01	  -4.9366791e+01	  -1.2871582e+02	  -1.3525796e+01	
   3.0600000e+00	  -4.9469807e+01	  -4.9387855e+01	  -1.3130859e+02	  -1.4255412e+01	
   3.0700000e+00	  -4.9244981e+01	  -4.9402647e+01	  -1.3240723e+02	  -1.4992018e+01	
   3.0800000e+00	  -4.9420932e+01	  -4.9407517e+01	  -1.3669189e+02	  -1.5740870e+01	
   3.0900000e+00	  -4.9117906e+01	  -4.9402099e+01	  -1.4014160e+02	  -1.6509254e+01	
   3.1000000e+00	  -4.8707356e+01	  -4.9373634e+01	  -1.4205322e+02	  -1.7289616e+01	
   3.1100000e+00	  -5.0124732e+01	  -4.9338565e+01	  -1.4464600e+02	  -1.8079196e+01	
   3.1200000e+00	  -4.8922406e+01	  -4.9326616e+01	  -1.4882080e+02	  -1.8885025e+01	
   3.1300000e+00	  -4.9450257e+01	  -4.9321229e+01	  -1.5174316e+02	  -1.9708034e+01	
   3.1400000e+00	  -4.8883306e+01	  -4.9306152e+01	  -1.5714844e+02	  -2.0551968e+01	
   3.1500000e+00	  -5.0144282e+01	  -4.9299224e+01	  -1.6057617e+02	  -2.1418279e+01	
   3.1600000e+00	  -4.9332957e+01	  -4.9321049e+01	  -1.6143311e+02	  -2.2292582e+01	
   3.1700000e+00	  -4.9254756e+01	  -4.9350727e+01	  -1.6321289e+02	  -2.3169666e+01	
   3.1800000e+00	  -4.9117906e+01	  -4.9360873e+01	  -1.6758545e+02	  -2.4060525e+01	
   3.1900000e+00	  -4.9665307e+01	  -4.9361604e+01	  -1.7077148e+02	  -2.4969475e+01	
   3.2000000e+00	  -4.9010381e+01	  -4.9362323e+01	  -1.7085938e+02	  -2.5882985e+01	
   3.2100000e+00	  -5.0408208e+01	  -4.9375738e+01	  -1.7714355e+02	  -2.6810730e+01	
   3.2200000e+00	  -4.8805106e+01	  -4.9407015e+01	  -1.8000000e+02	  -2.7761289e+01	
   3.2300000e+00	  -5.0095407e+01	  -4.9436830e+01	  -1.8000000e+02	  -2.8714841e+01	
   3.2400000e+00	  -4.8912631e+01	  -4.9459190e+01	  -1.8000000e+02	  -2.9662420e+01	
   3.2500000e+00	  -5.0085632e+01	  -4.9476936e+01	  -1.8000000e+02	  -3.0604063e+01	
   3.2600000e+00	  -4.9069031e+01	  -4.9493241e+01	  -1.5183105e+01	  -3.1023641e+01	
   3.2700000e+00	  -4.9635982e+01	  -4.9501424e+01	   1.7690186e+02	  -3.0322859e+01	
   3.2800000e+00	  -4.9069031e+01	  -4.9494708e+01	   1.7501221e+02	  -2.9030819e+01	
   3.2900000e+00	  -4.9020156e+01	  -4.9466610e+01	   1.7305664e+02	  -2.7758914e+01	
   3.3000000e+00	  -4.9616432e+01	  -4.9425681e+01	   1.7468262e+02	  -2.6496008e+01	
   3.3100000e+00	  -4.9254756e+01	  -4.9395515e+01	   1.7310059e+02	  -2.5240875e+01	
   3.3200000e+00	  -4.9372057e+01	  -4.9374481e+01	   1.7323242e+02	  -2.3998144e+01	
   3.3300000e+00	  -5.0330007e+01	  -4.9377678e+01	   1.6536621e+02	  -2.2787420e+01	
   3.3400000e+00	  -4.8805106e+01	  -4.9406369e+01	   1.6516846e+02	  -2.1609534e+01	
   3.3500000e+00	  -4.9108131e+01	  -4.9413179e+01	   1.5903809e+02	  -2.0458843e+01	
   3.3600000e+00	  -4.9479582e+01	  -4.9394416e+01	   1.5545654e+02	  -1.9345776e+01	
   3.3700000e+00	  -4.9215656e+01	  -4.9376463e+01	   1.5244629e+02	  -1.8260324e+01	
   3.3800000e+00	  -4.9049481e+01	  -4.9353994e+01	   1.5161133e+02	  -1.7193713e+01	
   3.3900000e+00	  -4.9381832e+01	  -4.9325133e+01	   1.4504150e+02	  -1.6156973e+01	
   3.4000000e+00	  -4.9059256e+01	  -4.9298024e+01	   1.4414063e+02	  -1.5150123e+01	
   3.4100000e+00	  -4.9479582e+01	  -4.9276377e+01	   1.4161377e+02	  -1.4160315e+01	
   3.4200000e+00	  -4.9499132e+01	  -4.9270769e+01	   1.3816406e+02	  -1.3195423e+01	
   3.4300000e+00	  -4.9313406e+01	  -4.9281395e+01	   1.3350586e+02	  -1.2261967e+01	
   3.4400000e+00	  -4.9313406e+01	  -4.9294511e+01	   1.3080322e+02	  -1.1357410e+01	
   3.4500000e+00	  -4.9577332e+01	  -4.9309742e+01	   1.2669434e+02	  -1.0479851e+01	
   3.4600000e+00	  -4.9381832e+01	  -4.9331780e+01	   1.2484863e+02	  -9.6264366e+00	
   3.4700000e+00	  -4.9704407e+01	  -4.9360339e+01	   1.1687256e+02	  -8.8091274e+00	
   3.4800000e+00	  -4.9841257e+01	  -4.9402566e+01	   1.1707031e+02	  -8.0212973e+00	
   3.4900000e+00	  -4.9899907e+01	  -4.9463319e+01	   1.1386230e+02	  -7.2478291e+00	
   3.5000000e+00	  -4.9508907e+01	  -4.9528326e+01	   1.1120361e+02	  -6.4975788e+00	
   3.5100000e+00	  -4.9460032e+01	  -4.9575329e+01	   1.0880859e+02	  -5.7678546e+00	
   3.5200000e+00	  -4.9508907e+01	  -4.9598175e+01	   1.0217285e+02	  -5.0709834e+00	
   3.5300000e+00	  -4.9635982e+01	  -4.9607227e+01	   9.9624023e+01	  -4.4072409e+00	
   3.5400000e+00	  -4.9010381e+01	  -4.9600226e+01	   9.3977051e+01	  -3.7733231e+00	
   3.5500000e+00	  -4.9430707e+01	  -4.9569357e+01	   9.5317383e+01	  -3.1568632e+00	
   3.5600000e+00	  -4.9147231e+01	  -4.9524287e+01	   9.2834473e+01	  -2.5478429e+00	
   3.5700000e+00	  -4.9645757e+01	  -4.9480796e+01	   8.8395996e+01	  -1.9643133e+00	
   3.5800000e+00	  -4.9137456e+01	  -4.9445934e+01	   8.1936035e+01	  -1.4185700e+00	
   3.5900000e+00	  -4.9342732e+01	  -4.9413125e+01	   8.5012207e+01	  -8.8684220e-01	
   3.6000000e+00	  -4.9645757e+01	  -4.9388392e+01	   7.9035645e+01	  -3.6752825e-01	
   3.6100000e+00	  -4.9704407e+01	  -4.9388296e+01	   7.1125488e+01	   1.0504304e-01	
   3.6200000e+00	  -4.9645757e+01	  -4.9411273e+01	   7.1213379e+01	   5.5015687e-01	
   3.6300000e+00	  -4.9870582e+01	  -4.9450539e+01	   7.1037598e+01	   9.9220747e-01	
   3.6400000e+00	  -4.9518682e+01	  -4.9497884e+01	   6.3544922e+01	   1.4074735e+00	
   3.6500000e+00	  -4.9479582e+01	  -4.9536201e+01	   6.0358887e+01	   1.7866952e+00	
   3.6600000e+00	  -4.9792382e+01	  -4.9563295e+01	   5.7919922e+01	   2.1459256e+00	
   3.6700000e+00	  -4.9958557e+01	  -4.9596130e+01	   5.3635254e+01	   2.4818490e+00	
   3.6800000e+00	  -5.0124732e+01	  -4.9646304e+01	   5.3986816e+01	   2.8033508e+00	
   3.6900000e+00	  -4.9538232e+01	  -4.9701801e+01	   4.9746094e+01	   3.1106590e+00	
   3.7000000e+00	  -4.9166781e+01	  -4.9728572e+01	   4.8823242e+01	   3.3998712e+00	
   3.7100000e+00	  -4.9078806e+01	  -4.9706305e+01	   4.4296875e+01	   3.6702063e+00	
   3.7200000e+00	  -4.8922406e+01	  -4.9640241e+01	   4.2429199e+01	   3.9188234e+00	
   3.7300000e+00	  -4.9420932e+01	  -4.9553357e+01	   3.5485840e+01	   4.1382893e+00	
   3.7400000e+00	  -5.0388657e+01	  -4.9496419e+01	   3.5815430e+01	   4.3356678e+00	
   3.7500000e+00	  -4.9381832e+01	  -4.9491923e+01	   3.4409180e+01	   4.5284381e+00	
   3.7600000e+00	  -4.9362282e+01	  -4.9500023e+01	   3.1794434e+01	   4.7074082e+00	
   3.7700000e+00	  -4.9548007e+01	  -4.9498275e+01	   2.5466309e+01	   4.8572504e+00	
   3.7800000e+00	  -4.9479582e+01	  -4.9496045e+01	   2.2675781e+01	   4.9775965e+00	
   3.7900000e+00	  -5.0251807e+01	  -4.9510176e+01	   1.6896973e+01	   5.0703517e+00	
   3.8000000e+00	  -4.9508907e+01	  -4.9548387e+01	   1.6633301e+01	   5.1436024e+00	
   3.8100000e+00	  -4.9401382e+01	  -4.9582483e+01	   1.4040527e+01	   5.2074485e+00	
   3.8200000e+00	  -4.9919457e+01	  -4.9602366e+01	   8.2836914e+00	   5.2447457e+00	
   3.8300000e+00	  -4.9323182e+01	  -4.9618211e+01	   6.8774414e+00	   5.2593761e+00	
   3.8400000e+00	  -4.9137456e+01	  -4.9612918e+01	   8.0859375e+00	   5.2732957e+00	
   3.8500000e+00	  -4.9293856e+01	  -4.9578199e+01	   1.1865234e+00	   5.2693054e+00	
   3.8600000e+00	  -4.9919457e+01	  -4.9542512e+01	  -2.8784180e+00	   5.2310023e+00	
   3.8700000e+00	  -4.9029931e+01	  -4.9519477e+01	  -4.6582031e+00	   5.1746349e+00	
   3.8800000e+00	  -4.8775781e+01	  -4.9478137e+01	  -5.9326172e+00	   5.1090554e+00	
   3.8900000e+00	  -4.9440482e+01	  -4.9413655e+01	  -1.0305176e+01	   5.0262018e+00	
   3.9000000e+00	  -4.9157006e+01	  -4.9355411e+01	  -1.5205078e+01	   4.9148279e+00	
   3.9100000e+00	  -4.9420932e+01	  -4.9313112e+01	  -1.8654785e+01	   4.7780027e+00	
   3.9200000e+00	  -5.0046532e+01	  -4.9301908e+01	  -2.1687012e+01	   4.6217345e+00	
   3.9300000e+00	  -4.9684857e+01	  -4.9334713e+01	  -2.2741699e+01	   4.4536459e+00	
   3.9400000e+00	  -4.8863756e+01	  -4.9374654e+01	  -2.4938965e+01	   4.2764258e+00	
   3.9500000e+00	  -4.9127681e+01	  -4.9381019e+01	  -2.8674316e+01	   4.0817361e+00	
   3.9600000e+00	  -4.9049481e+01	  -4.9357879e+01	  -3.2321777e+01	   3.8651446e+00	
   3.9700000e+00	  -4.9753282e+01	  -4.9333968e+01	  -3.4694824e+01	   3.6310550e+00	
   3.9800000e+00	  -4.8717131e+01	  -4.9317374e+01	  -3.7749023e+01	   3.3814347e+00	
   3.9900000e+00	  -5.0046532e+01	  -4.9306020e+01	  -3.9506836e+01	   3.1183079e+00	
   4.0000000e+00	  -4.9196106e+01	  -4.9314448e+01	  -4.4428711e+01	   2.8359099e+00	
   4.0100000e+00	  -4.9723957e+01	  -4.9338026e+01	  -4.6999512e+01	   2.5318155e+00	
   4.0200000e+00	  -4.9694632e+01	  -4.9372962e+01	  -5.0778809e+01	   2.2097387e+00	
   4.0300000e+00	  -4.9479582e+01	  -4.9417479e+01	  -5.3481445e+01	   1.8693794e+00	
   4.0400000e+00	  -4.8785556e+01	  -4.9441399e+01	  -5.4711914e+01	   1.5188344e+00	
   4.0500000e+00	  -4.9528457e+01	  -4.9432913e+01	  -5.8315430e+01	   1.1553462e+00	
   4.0600000e+00	  -4.9391607e+01	  -4.9417477e+01	  -6.1347656e+01	   7.7335307e-01	
   4.0700000e+00	  -4.9675082e+01	  -4.9413940e+01	  -6.4929199e+01	   3.7303981e-01	
   4.0800000e+00	  -4.9264531e+01	  -4.9418712e+01	  -6.6115723e+01	  -3.9698536e-02	
   4.0900000e+00	  -4.9860807e+01	  -4.9429607e+01	  -7.0334473e+01	  -4.6677972e-01	
   4.1000000e+00	  -4.8902856e+01	  -4.9440021e+01	  -7.2048340e+01	  -9.0976543e-01	
   4.1100000e+00	  -4.9020156e+01	  -4.9425142e+01	  -7.4289551e+01	  -1.3623629e+00	
   4.1200000e+00	  -4.8941956e+01	  -4.9379139e+01	  -7.6882324e+01	  -1.8272643e+00	
   4.1300000e+00	  -4.9567557e+01	  -4.9328649e+01	  -8.2001953e+01	  -2.3134073e+00	
   4.1400000e+00	  -4.9274306e+01	  -4.9297006e+01	  -8.4880371e+01	  -2.8215533e+00	
   4.1500000e+00	  -4.9313406e+01	  -4.9281563e+01	  -8.7780762e+01	  -3.3446144e+00	
   4.1600000e+00	  -4.9479582e+01	  -4.9276769e+01	  -9.0637207e+01	  -3.8824283e+00	
   4.1700000e+00	  -4.9323182e+01	  -4.9283508e+01	  -9.4306641e+01	  -4.4373111e+00	
   4.1800000e+00	  -4.9274306e+01	  -4.9293177e+01	  -9.6372070e+01	  -5.0066787e+00	
   4.1900000e+00	  -4.9460032e+01	  -4.9302574e+01	  -9.8635254e+01	  -5.5860362e+00	
   4.2000000e+00	  -4.9157006e+01	  -4.9311434e+01	  -1.0184326e+02	  -6.1788993e+00	
   4.2100000e+00	  -4.8932181e+01	  -4.9306281e+01	  -1.0810547e+02	  -6.7977075e+00	
   4.2200000e+00	  -4.8814881e+01	  -4.9275083e+01	  -1.0711670e+02	  -7.4291550e+00	
   4.2300000e+00	  -5.0026982e+01	  -4.9244803e+01	  -1.1175293e+02	  -8.0680703e+00	
   4.2400000e+00	  -4.9215656e+01	  -4.9247581e+01	  -1.1399414e+02	  -8.7245223e+00	
   4.2500000e+00	  -4.8990831e+01	  -4.9258577e+01	  -1.1691650e+02	  -9.3930337e+00	
   4.2600000e+00	  -4.9244981e+01	  -4.9253740e+01	  -1.2019043e+02	  -1.0076763e+01	
   4.2700000e+00	  -4.9049481e+01	  -4.9240904e+01	  -1.2500244e+02	  -1.0781533e+01	
   4.2800000e+00	  -4.8834431e+01	  -4.9216901e+01	  -1.2717773e+02	  -1.1503772e+01	
   4.2900000e+00	  -4.9851032e+01	  -4.9195517e+01	  -1.2884766e+02	  -1.2233529e+01	
   4.3000000e+00	  -4.9254756e+01	  -4.9202070e+01	  -1.3326416e+02	  -1.2977776e+01	
   4.3100000e+00	  -4.9577332e+01	  -4.9228959e+01	  -1.3510986e+02	  -1.3736974e+01	
   4.3200000e+00	  -4.9460032e+01	  -4.9265356e+01	  -1.3783447e+02	  -1.4505729e+01	
   4.3300000e+00	  -4.8990831e+01	  -4.9297271e+01	  -1.4130615e+02	  -1.5289075e+01	
   4.3400000e+00	  -4.8902856e+01	  -4.9300779e+01	  -1.4367920e+02	  -1.6085818e+01	
   4.3500000e+00	  -4.9372057e+01	  -4.9282252e+01	  -1.4662354e+02	  -1.6894224e+01	
   4.3600000e+00	  -4.9137456e+01	  -4.9263449e+01	  -1.5027100e+02	  -1.7718210e+01	
   4.3700000e+00	  -4.9313406e+01	  -4.9249514e+01	  -1.5455566e+02	  -1.8561877e+01	
   4.3800000e+00	  -4.9489357e+01	  -4.9245709e+01	  -1.5666504e+02	  -1.9420284e+01	
   4.3900000e+00	  -4.8814881e+01	  -4.9245763e+01	  -1.6406982e+02	  -2.0303110e+01	
   4.4000000e+00	  -4.9411157e+01	  -4.9236704e+01	  -1.6367432e+02	  -2.1202358e+01	
   4.4100000e+00	  -4.9381832e+01	  -4.9232344e+01	  -1.6756348e+02	  -2.2106915e+01	
   4.4200000e+00	  -4.8707356e+01	  -4.9228600e+01	  -1.6967285e+02	  -2.3024593e+01	
   4.4300000e+00	  -4.9372057e+01	  -4.9211220e+01	  -1.7481445e+02	  -2.3959231e+01	
   4.4400000e+00	  -4.9108131e+01	  -4.9194345e+01	  -1.7775879e+02	  -2.4913338e+01	
   4.4500000e+00	  -4.9117906e+01	  -4.9182092e+01	  -1.8000000e+02	  -2.5877708e+01	
   4.4600000e+00	  -4.8795331e+01	  -4.9162403e+01	  -1.8000000e+02	  -2.6843058e+01	
   4.4700000e+00	  -4.9518682e+01	  -4.9141293e+01	  -1.8000000e+02	  -2.7802361e+01	
   4.4800000e+00	  -4.9479582e+01	  -4.9142759e+01	  -1.8000000e+02	  -2.8755655e+01	
   4.4900000e+00	  -4.9655532e+01	  -4.9175076e+01	  -1.5578613e+01	  -2.9188049e+01	
   4.5000000e+00	  -4.8805106e+01	  -4.9213786e+01	  -1.1623535e+01	  -2.9090420e+01	
   4.5100000e+00	  -4.9059256e+01	  -4.9227965e+01	   1.7613281e+02	  -2.8393007e+01	
   4.5200000e+00	  -4.8580281e+01	  -4.9208783e+01	   1.7312256e+02	  -2.7121381e+01	
   4.5300000e+00	  -4.9274306e+01	  -4.9169548e+01	   1.7611084e+02	  -2.5857789e+01	
   4.5400000e+00	  -4.8883306e+01	  -4.9131010e+01	   1.7430908e+02	  -2.4598395e+01	
   4.5500000e+00	  -4.9147231e+01	  -4.9099547e+01	   1.7074951e+02	  -2.3363680e+01	
   4.5600000e+00	  -4.9127681e+01	  -4.9077506e+01	   1.6729980e+02	  -2.2158650e+01	
   4.5700000e+00	  -4.9010381e+01	  -4.9065438e+01	   1.6239990e+02	  -2.0987317e+01	
   4.5800000e+00	  -4.8883306e+01	  -4.9053078e+01	   1.6266357e+02	  -1.9837840e+01	
   4.5900000e+00	  -4.9274306e+01	  -4.9041918e+01	   1.5655518e+02	  -1.8713868e+01	
   4.6000000e+00	  -4.9303631e+01	  -4.9046165e+01	   1.5334717e+02	  -1.7626112e+01	
   4.6100000e+00	  -4.9508907e+01	  -4.9073106e+01	   1.4991943e+02	  -1.6565951e+01	
   4.6200000e+00	  -4.9244981e+01	  -4.9115971e+01	   1.4921631e+02	  -1.5525367e+01	
   4.6300000e+00	  -4.9538232e+01	  -4.9165016e+01	   1.4167969e+02	  -1.4517105e+01	
   4.6400000e+00	  -4.8658481e+01	  -4.9202895e+01	   1.3935059e+02	  -1.3546057e+01	
   4.6500000e+00	  -4.9665307e+01	  -4.9221343e+01	   1.3895508e+02	  -1.2589623e+01	
   4.6600000e+00	  -4.9489357e+01	  -4.9245086e+01	   1.3473633e+02	  -1.1653630e+01	
   4.6700000e+00	  -4.8971281e+01	  -4.9273065e+01	   1.2717773e+02	  -1.0760384e+01	
   4.6800000e+00	  -4.8873531e+01	  -4.9275208e+01	   1.2719971e+02	  -9.8963362e+00	
   4.6900000e+00	  -4.9196106e+01	  -4.9252756e+01	   1.2577148e+02	  -9.0421041e+00	
   4.7000000e+00	  -4.9303631e+01	  -4.9229486e+01	   1.2416748e+02	  -8.2027187e+00	
   4.7100000e+00	  -5.0427758e+01	  -4.9240935e+01	   1.1808105e+02	  -7.3926755e+00	
   4.7200000e+00	  -4.9811932e+01	  -4.9308676e+01	   1.1737793e+02	  -6.6089692e+00	
   4.7300000e+00	  -4.9039706e+01	  -4.9389409e+01	   1.1203857e+02	  -5.8490954e+00	
   4.7400000e+00	  -4.9626207e+01	  -4.9440382e+01	   1.0735840e+02	  -5.1253598e+00	
   4.7500000e+00	  -4.9557782e+01	  -4.9474848e+01	   1.0595215e+02	  -4.4252186e+00	
   4.7600000e+00	  -4.9802157e+01	  -4.9509898e+01	   1.0217285e+02	  -3.7457027e+00	
   4.7700000e+00	  -4.9244981e+01	  -4.9539757e+01	   9.7624512e+01	  -3.0965232e+00	
   4.7800000e+00	  -4.9518682e+01	  -4.9551914e+01	   9.7888184e+01	  -2.4648283e+00	
   4.7900000e+00	  -4.8981056e+01	  -4.9540747e+01	   9.3383789e+01	  -1.8503711e+00	
   4.8000000e+00	  -4.8638931e+01	  -4.9492549e+01	   8.6638184e+01	  -1.2749949e+00	
   4.8100000e+00	  -4.9078806e+01	  -4.9408769e+01	   8.7297363e+01	  -7.2228377e-01	
   4.8200000e+00	  -4.9411157e+01	  -4.9326370e+01	   8.2463379e+01	  -1.8610910e-01	
   4.8300000e+00	  -4.9000606e+01	  -4.9265414e+01	   8.2287598e+01	   3.3101781e-01	
   4.8400000e+00	  -4.9948782e+01	  -4.9232335e+01	   7.8332520e+01	   8.3196881e-01	
   4.8500000e+00	  -4.9499132e+01	  -4.9240601e+01	   7.5410156e+01	   1.3082436e+00	
   4.8600000e+00	  -4.9811932e+01	  -4.9281984e+01	   7.0729980e+01	   1.7577258e+00	
   4.8700000e+00	  -5.0134507e+01	  -4.9351294e+01	   6.7807617e+01	   2.1805833e+00	
   4.8800000e+00	  -5.0202932e+01	  -4.9453560e+01	   6.4182129e+01	   2.5802859e+00	
   4.8900000e+00	  -4.9430707e+01	  -4.9562465e+01	   6.1127930e+01	   2.9565658e+00	
   4.9000000e+00	  -5.0633033e+01	  -4.9661382e+01	   6.1083984e+01	   3.3207862e+00	
   4.9100000e+00	  -4.9743507e+01	  -4.9760868e+01	   5.6491699e+01	   3.6682057e+00	
   4.9200000e+00	  -4.9166781e+01	  -4.9829560e+01	   5.5634766e+01	   3.9963834e+00	
   4.9300000e+00	  -4.9802157e+01	  -4.9844716e+01	   4.9833984e+01	   4.3016552e+00	
   4.9400000e+00	  -4.9108131e+01	  -4.9824319e+01	   4.6296387e+01	   4.5757693e+00	
   4.9500000e+00	  -4.9098356e+01	  -4.9767445e+01	   4.2714844e+01	   4.8258710e+00	
   4.9600000e+00	  -4.9117906e+01	  -4.9677808e+01	   4.0495605e+01	   5.0562396e+00	
   4.9700000e+00	  -4.9499132e+01	  -4.9582603e+01	   3.5002441e+01	   5.2610117e+00	
   4.9800000e+00	  -4.9098356e+01	  -4.9499133e+01	   3.4101563e+01	   5.4444767e+00	
   4.9900000e+00	  -4.9000606e+01	  -4.9419490e+01	   2.8190918e+01	   5.6054604e+00	
   5.0000000e+00	  -5.0095407e+01	  -4.9358710e+01	   2.8388672e+01	   5.7475444e+00	
   5.0100000e+00	  -4.9020156e+01	  -4.9335328e+01	   2.4938965e+01	   5.8785541e+00	
   5.0200000e+00	  -4.8365231e+01	  -4.9303455e+01	   2.4191895e+01	   5.9955999e+00	
   5.0300000e+00	  -4.6723029e+01	  -4.9187815e+01	   1.8083496e+01	   6.0904428e+00	
   5.0400000e+00	  -4.5305653e+01	  -4.8920159e+01	   1.6633301e+01	   6.1610200e+00	
   5.0500000e+00	  -4.3536376e+01	  -4.8451064e+01	   1.2414551e+01	   6.2134013e+00	
   5.0600000e+00	  -4.2949876e+01	  -4.7779150e+01	   1.2436523e+01	   6.2523111e+00	
   5.0700000e+00	  -4.0300848e+01	  -4.6918842e+01	   9.5800781e+00	   6.2821004e+00	
   5.0800000e+00	  -3.9645923e+01	  -4.5875484e+01	   7.3388672e+00	   6.2957385e+00	
   5.0900000e+00	  -3.8208996e+01	  -4.4690177e+01	   5.2514648e+00	   6.2957349e+00	
   5.1000000e+00	  -3.6029169e+01	  -4.3394403e+01	   1.4501953e+00	   6.2772894e+00	
   5.1100000e+00	  -3.4093717e+01	  -4.1976590e+01	  -3.2080078e+00	   6.2324663e+00	
   5.1200000e+00	  -3.2910941e+01	  -4.0449131e+01	  -3.7353516e-01	   6.1822126e+00	
   5.1300000e+00	  -3.0301014e+01	  -3.8835262e+01	  -1.5161133e+00	   6.1375722e+00	
   5.1400000e+00	  -2.9098688e+01	  -3.7142888e+01	  -5.4711914e+00	   6.0772467e+00	
   5.1500000e+00	  -2.5364634e+01	  -3.5360418e+01	  -4.3945313e+00	   6.0082846e+00	
   5.1600000e+00	  -2.4015683e+01	  -3.3462132e+01	  -8.2617188e+00	   5.9310151e+00	
   5.1700000e+00	  -2.1992256e+01	  -3.1472252e+01	  -1.0942383e+01	   5.8337233e+00	
   5.1800000e+00	  -2.0301180e+01	  -2.9441154e+01	  -1.1008301e+01	   5.7284393e+00	
   5.1900000e+00	  -1.8355953e+01	  -2.7399156e+01	  -1.2766113e+01	   5.6181032e+00	
   5.2000000e+00	  -1.6967902e+01	  -2.5374235e+01	  -1.4523926e+01	   5.4974481e+00	
   5.2100000e+00	  -1.4964025e+01	  -2.3387871e+01	  -1.3337402e+01	   5.3757595e+00	
   5.2200000e+00	  -1.4416624e+01	  -2.1466448e+01	  -1.2172852e+01	   5.2621962e+00	
   5.2300000e+00	  -1.1748047e+01	  -1.9625203e+01	  -1.3491211e+01	   5.1488625e+00	
   5.2400000e+00	  -8.8155442e+00	  -1.7806218e+01	  -1.4941406e+01	   5.0275682e+00	
   5.2500000e+00	  -8.2388186e+00	  -1.5964670e+01	  -1.7226563e+01	   4.8953354e+00	
   5.2600000e+00	  -5.9123665e+00	  -1.4127805e+01	  -1.3666992e+01	   4.7679220e+00	
   5.2700000e+00	  -5.1401408e+00	  -1.2320968e+01	  -1.5776367e+01	   4.6458483e+00	
   5.2800000e+00	  -2.8723387e+00	  -1.0555254e+01	  -1.7006836e+01	   4.5140796e+00	
   5.2900000e+00	  -2.0414629e+00	  -8.8344731e+00	  -1.2788086e+01	   4.3924949e+00	
   5.3000000e+00	  -2.2760631e+00	  -7.2065402e+00	  -1.6962891e+01	   4.2718093e+00	
   5.3100000e+00	   9.7901485e-01	  -5.6962962e+00	  -1.4787598e+01	   4.1456177e+00	
   5.3200000e+00	   6.7598957e-01	  -4.2629067e+00	  -1.2128906e+01	   4.0353554e+00	
   5.3300000e+00	   2.2106660e+00	  -2.9099343e+00	  -1.7622070e+01	   3.9169068e+00	
   5.3400000e+00	   2.6994164e+00	  -1.6518535e+00	  -1.5314941e+01	   3.7892221e+00	
   5.3500000e+00	   3.9017425e+00	  -4.8109786e-01	  -1.3315430e+01	   3.6758247e+00	
   5.3600000e+00	   3.1783919e+00	   5.8318274e-01	  -1.5754395e+01	   3.5617612e+00	
   5.3700000e+00	   6.0033695e+00	   1.5455052e+00	  -1.3403320e+01	   3.4481369e+00	
   5.3800000e+00	   7.6553460e+00	   2.4972501e+00	  -1.1250000e+01	   3.3493310e+00	
   5.3900000e+00	   6.6680701e+00	   3.4690158e+00	  -1.2282715e+01	   3.2546535e+00	
   5.4000000e+00	   8.7305970e+00	   4.4105006e+00	  -1.2480469e+01	   3.1567154e+00	
   5.4100000e+00	   8.6035219e+00	   5.3173971e+00	  -1.1821289e+01	   3.0608359e+00	
   5.4200000e+00	   9.9133731e+00	   6.1918806e+00	  -9.6459961e+00	   2.9744338e+00	
   5.4300000e+00	   1.1223224e+01	   7.0516924e+00	  -1.0480957e+01	   2.8927704e+00	
   5.4400000e+00	   1.2249600e+01	   7.9325544e+00	  -9.0747070e+00	   2.8134078e+00	
   5.4500000e+00	   1.2298475e+01	   8.8246684e+00	  -6.4379883e+00	   2.7472038e+00	
   5.4600000e+00	   1.1917250e+01	   9.6672521e+00	  -7.5585938e+00	   2.6861626e+00	
   5.4700000e+00	   1.2757901e+01	   1.0412934e+01	  -5.8886719e+00	   2.6272241e+00	
   5.4800000e+00	   1.4888853e+01	   1.1105471e+01	  -3.6694336e+00	   2.5808347e+00	
   5.4900000e+00	   1.6619029e+01	   1.1845514e+01	  -7.4047852e+00	   2.5299877e+00	
   5.5000000e+00	   1.5172328e+01	   1.2639812e+01	  -2.9443359e+00	   2.4817300e+00	
   5.5100000e+00	   1.9258282e+01	   1.3463797e+01	  -1.9335938e+00	   2.4509091e+00	
   5.5200000e+00	   1.7772480e+01	   1.4345852e+01	  -3.9990234e+00	   2.4169782e+00	
   5.5300000e+00	   1.8534931e+01	   1.5231985e+01	   6.8115234e-01	   2.3914486e+00	
   5.5400000e+00	   1.9297382e+01	   1.6065645e+01	  -1.7578125e-01	   2.3780524e+00	
   5.5500000e+00	   2.0822283e+01	   1.6875243e+01	  -3.2958984e-01	   2.3615747e+00	
   5.5600000e+00	   2.0607233e+01	   1.7676615e+01	   5.5151367e+00	   2.3630228e+00	
   5.5700000e+00	   2.1467434e+01	   1.8447598e+01	   4.8120117e+00	   2.3805642e+00	
   5.5800000e+00	   2.3060760e+01	   1.9199386e+01	   7.2070313e+00	   2.4032942e+00	
   5.5900000e+00	   2.3969836e+01	   1.9978003e+01	   9.6679688e+00	   2.4410897e+00	
   5.6000000e+00	   2.3021660e+01	   2.0760747e+01	   7.4047852e+00	   2.4792677e+00	
   5.6100000e+00	   2.5748888e+01	   2.1518203e+01	   1.2722168e+01	   2.5267716e+00	
   5.6200000e+00	   2.6061688e+01	   2.2295374e+01	   1.3337402e+01	   2.5925575e+00	
   5.6300000e+00	   2.4683412e+01	   2.3062413e+01	   1.5798340e+01	   2.6675652e+00	
   5.6400000e+00	   2.4243536e+01	   2.3703421e+01	   1.8083496e+01	   2.7569668e+00	
   5.6500000e+00	   2.7576814e+01	   2.4233699e+01	   1.8500977e+01	   2.8542724e+00	
   5.6600000e+00	   2.7596364e+01	   2.4775807e+01	   2.0456543e+01	   2.9584003e+00	
   5.6700000e+00	   2.8114440e+01	   2.5360086e+01	   1.9160156e+01	   3.0639405e+00	
   5.6800000e+00	   2.8925766e+01	   2.5961971e+01	   2.1884766e+01	   3.1732924e+00	
   5.6900000e+00	   2.8808466e+01	   2.6567432e+01	   2.4829102e+01	   3.2997132e+00	
   5.7000000e+00	   2.8691165e+01	   2.7135776e+01	   2.7136230e+01	   3.4417885e+00	
   5.7100000e+00	   3.0646167e+01	   2.7666853e+01	   3.0520020e+01	   3.6007966e+00	
   5.7200000e+00	   2.9991242e+01	   2.8194382e+01	   3.0651855e+01	   3.7698188e+00	
   5.7300000e+00	   3.1604118e+01	   2.8722607e+01	   3.2695313e+01	   3.9445948e+00	
   5.7400000e+00	   3.2425219e+01	   2.9276965e+01	   3.6013184e+01	   4.1350665e+00	
   5.7500000e+00	   3.1349968e+01	   2.9847328e+01	   3.8078613e+01	   4.3412045e+00	
   5.7600000e+00	   3.1780068e+01	   3.0364076e+01	   4.0715332e+01	   4.5607773e+00	
   5.7700000e+00	   3.1995118e+01	   3.0804926e+01	   4.4362793e+01	   4.7986553e+00	
   5.7800000e+00	   3.2718469e+01	   3.1193487e+01	   4.2956543e+01	   5.0420624e+00	
   5.7900000e+00	   3.4047870e+01	   3.1577369e+01	   4.7285156e+01	   5.2930970e+00	
   5.8000000e+00	   3.2894419e+01	   3.1972173e+01	   4.8273926e+01	   5.5592121e+00	
   5.8100000e+00	   3.4546396e+01	   3.2355810e+01	   4.9108887e+01	   5.8293718e+00	
   5.8200000e+00	   3.4888521e+01	   3.2751528e+01	   5.2932129e+01	   6.1124278e+00	
   5.8300000e+00	   3.5494572e+01	   3.3182294e+01	   5.8249512e+01	   6.4223371e+00	
   5.8400000e+00	   3.5357722e+01	   3.3629401e+01	   5.8205566e+01	   6.7468204e+00	
   5.8500000e+00	   3.6872848e+01	   3.4088172e+01	   5.9348145e+01	   7.0727120e+00	
   5.8600000e+00	   3.5709622e+01	   3.4552318e+01	   6.2929688e+01	   7.4113572e+00	
   5.8700000e+00	   3.6735998e+01	   3.4986944e+01	   6.7851563e+01	   7.7745120e+00	
   5.8800000e+00	   3.7821024e+01	   3.5407377e+01	   6.7038574e+01	   8.1482603e+00	
   5.8900000e+00	   3.7185648e+01	   3.5836368e+01	   7.2465820e+01	   8.5341183e+00	
   5.9000000e+00	   3.8397749e+01	   3.6256997e+01	   7.2158203e+01	   8.9335929e+00	
   5.9100000e+00	   3.8094724e+01	   3.6668314e+01	   7.4970703e+01	   9.3384102e+00	
   5.9200000e+00	   3.9111325e+01	   3.7073204e+01	   7.9760742e+01	   9.7645012e+00	
   5.9300000e+00	   3.7029248e+01	   3.7434378e+01	   8.0332031e+01	   1.0204714e+01	
   5.9400000e+00	   4.0489601e+01	   3.7744782e+01	   8.2287598e+01	   1.0650083e+01	
   5.9500000e+00	   4.0137701e+01	   3.8087799e+01	   8.8813477e+01	   1.1119224e+01	
   5.9600000e+00	   4.0372301e+01	   3.8484248e+01	   9.2329102e+01	   1.1616874e+01	
   5.9700000e+00	   4.1496427e+01	   3.8908049e+01	   8.9033203e+01	   1.2112095e+01	
   5.9800000e+00	   4.1046777e+01	   3.9356182e+01	   9.4790039e+01	   1.2611922e+01	
   5.9900000e+00	   4.1633277e+01	   3.9800213e+01	   9.6481934e+01	   1.3131946e+01	
   6.0000000e+00	   3.9365475e+01	   4.0174925e+01	   9.9953613e+01	   1.3664883e+01	
   6.0100000e+00	   4.0030176e+01	   4.0409116e+01	   1.0103027e+02	   1.4208727e+01	
   6.0200000e+00	   4.0518926e+01	   4.0525340e+01	   1.0434814e+02	   1.4762927e+01	
   6.0300000e+00	   4.2581453e+01	   4.0630971e+01	   1.0533691e+02	   1.5327143e+01	
   6.0400000e+00	   4.1877653e+01	   4.0799850e+01	   1.0680908e+02	   1.5895532e+01	
   6.0500000e+00	   4.3070204e+01	   4.1032830e+01	   1.1148926e+02	   1.6479629e+01	
   6.0600000e+00	   4.2757403e+01	   4.1315688e+01	   1.1370850e+02	   1.7081675e+01	
   6.0700000e+00	   4.4037930e+01	   4.1644917e+01	   1.1579590e+02	   1.7693437e+01	
   6.0800000e+00	   4.2337078e+01	   4.1988432e+01	   1.2172852e+02	   1.8326484e+01	
   6.0900000e+00	   4.2464153e+01	   4.2273464e+01	   1.2115723e+02	   1.8972356e+01	
   6.1000000e+00	   4.2395728e+01	   4.2467662e+01	   1.2632080e+02	   1.9628565e+01	
   6.1100000e+00	   4.2718303e+01	   4.2594286e+01	   1.3205566e+02	   2.0314795e+01	
   6.1200000e+00	   4.1203177e+01	   4.2648551e+01	   1.3214355e+02	   2.1014963e+01	
   6.1300000e+00	   4.1906978e+01	   4.2611806e+01	   1.3484619e+02	   2.1719484e+01	
   6.1400000e+00	   4.2464153e+01	   4.2528674e+01	   1.3682373e+02	   2.2434249e+01	
   6.1500000e+00	   4.2796503e+01	   4.2465658e+01	   1.4163574e+02	   2.3165801e+01	
   6.1600000e+00	   4.3510079e+01	   4.2459477e+01	   1.4820557e+02	   2.3928416e+01	
   6.1700000e+00	   4.2786728e+01	   4.2511053e+01	   1.4750244e+02	   2.4704628e+01	
   6.1800000e+00	   4.3637154e+01	   4.2597884e+01	   1.4994141e+02	   2.5481414e+01	
   6.1900000e+00	   4.3363454e+01	   4.2714485e+01	   1.5317139e+02	   2.6271088e+01	
   6.2000000e+00	   4.3558954e+01	   4.2850825e+01	   1.5558838e+02	   2.7073501e+01	
   6.2100000e+00	   4.4643980e+01	   4.3013017e+01	   1.5989502e+02	   2.7891945e+01	
   6.2200000e+00	   4.3490529e+01	   4.3203104e+01	   1.6044434e+02	   2.8720470e+01	
   6.2300000e+00	   4.5807206e+01	   4.3417799e+01	   1.6554199e+02	   2.9561491e+01	
   6.2400000e+00	   4.5758331e+01	   4.3699935e+01	   1.7083740e+02	   3.0429793e+01	
   6.2500000e+00	   4.6315507e+01	   4.4058412e+01	   1.7035400e+02	   3.1307726e+01	
   6.2600000e+00	   4.4986105e+01	   4.4431754e+01	   1.7510010e+02	   3.2193510e+01	
   6.2700000e+00	   4.6139556e+01	   4.4765594e+01	   1.7742920e+02	   3.3095904e+01	
   6.2800000e+00	   4.4692855e+01	   4.5037859e+01	   1.7652832e+02	   3.3997118e+01	
   6.2900000e+00	   4.5787656e+01	   4.5235802e+01	   1.7613281e+02	   3.4888628e+01	
   6.3000000e+00	   4.4458255e+01	   4.5358400e+01	  -1.2963867e+01	   3.5181108e+01	
   6.3100000e+00	   4.4673305e+01	   4.5395734e+01	  -1.3139648e+01	   3.4879000e+01	
   6.3200000e+00	   4.6217757e+01	   4.5388342e+01	  -1.8000000e+02	   3.4055667e+01	
   6.3300000e+00	   4.5279356e+01	   4.5400367e+01	  -1.8000000e+02	   3.2714923e+01	
   6.3400000e+00	   4.6872682e+01	   4.5449204e+01	  -1.8000000e+02	   3.1382577e+01	
   6.3500000e+00	   4.5934281e+01	   4.5544032e+01	  -1.8000000e+02	   3.0058576e+01	
   6.3600000e+00	   4.7195257e+01	   4.5680372e+01	  -1.7749512e+02	   2.8750713e+01	
   6.3700000e+00	   4.7361433e+01	   4.5867522e+01	  -1.7617676e+02	   2.7463015e+01	
   6.3800000e+00	   4.7556933e+01	   4.6108151e+01	  -1.7285889e+02	   2.6197903e+01	
   6.3900000e+00	   4.6051581e+01	   4.6344706e+01	  -1.6976074e+02	   2.4960807e+01	
   6.4000000e+00	   4.7253908e+01	   4.6527252e+01	  -1.6604736e+02	   2.3752793e+01	
   6.4100000e+00	   4.5015430e+01	   4.6633600e+01	  -1.6242188e+02	   2.2575328e+01	
   6.4200000e+00	   4.6286182e+01	   4.6642291e+01	  -1.5963135e+02	   2.1425332e+01	
   6.4300000e+00	   4.6276407e+01	   4.6593540e+01	  -1.5745605e+02	   2.0298091e+01	
   6.4400000e+00	   4.7801308e+01	   4.6567618e+01	  -1.5367676e+02	   1.9196559e+01	
   6.4500000e+00	   4.6882457e+01	   4.6601021e+01	  -1.5376465e+02	   1.8113487e+01	
   6.4600000e+00	   4.8778809e+01	   4.6701592e+01	  -1.4756836e+02	   1.7056328e+01	
   6.4700000e+00	   4.6892232e+01	   4.6856989e+01	  -1.4488770e+02	   1.6033592e+01	
   6.4800000e+00	   4.7537383e+01	   4.7010330e+01	  -1.4244873e+02	   1.5033295e+01	
   6.4900000e+00	   4.7097507e+01	   4.7129224e+01	  -1.3812012e+02	   1.4060459e+01	
   6.5000000e+00	   4.5377106e+01	   4.7177212e+01	  -1.3666992e+02	   1.3111813e+01	
   6.5100000e+00	   4.7009532e+01	   4.7130717e+01	  -1.3374756e+02	   1.2182803e+01	
   6.5200000e+00	   4.7938158e+01	   4.7077027e+01	  -1.2847412e+02	   1.1285279e+01	
   6.5300000e+00	   4.7488508e+01	   4.7084090e+01	  -1.2726563e+02	   1.0413677e+01	
   6.5400000e+00	   4.8622409e+01	   4.7152911e+01	  -1.2596924e+02	   9.5553785e+00	
   6.5500000e+00	   4.7107282e+01	   4.7261898e+01	  -1.2381592e+02	   8.7132599e+00	
   6.5600000e+00	   4.8182533e+01	   4.7371400e+01	  -1.1750977e+02	   7.9029090e+00	
   6.5700000e+00	   4.6941107e+01	   4.7460264e+01	  -1.1608154e+02	   7.1218560e+00	
   6.5800000e+00	   4.8553984e+01	   4.7532875e+01	  -1.1208252e+02	   6.3626920e+00	
   6.5900000e+00	   4.8319383e+01	   4.7624370e+01	  -1.0966553e+02	   5.6283765e+00	
   6.6000000e+00	   4.8270508e+01	   4.7742613e+01	  -1.0625977e+02	   4.9168959e+00	
   6.6100000e+00	   4.8133658e+01	   4.7859089e+01	  -1.0379883e+02	   4.2282448e+00	
   6.6200000e+00	   4.7684008e+01	   4.7949567e+01	  -9.9843750e+01	   3.5640005e+00	
   6.6300000e+00	   4.8407359e+01	   4.8009819e+01	  -9.8327637e+01	   2.9210512e+00	
   6.6400000e+00	   4.8270508e+01	   4.8063122e+01	  -9.5361328e+01	   2.2961670e+00	
   6.6500000e+00	   4.7283233e+01	   4.8096888e+01	  -9.2702637e+01	   1.6928129e+00	
   6.6600000e+00	   4.8475784e+01	   4.8096959e+01	  -8.9978027e+01	   1.1100971e+00	
   6.6700000e+00	   4.7674233e+01	   4.8087388e+01	  -8.7121582e+01	   5.4850979e-01	
   6.6800000e+00	   4.6628307e+01	   4.8043152e+01	  -8.3891602e+01	   9.5012073e-03	
   6.6900000e+00	   4.8202083e+01	   4.7953734e+01	  -8.1166992e+01	  -5.0748290e-01	
   6.7000000e+00	   4.7322333e+01	   4.7867062e+01	  -7.7585449e+01	  -1.0014795e+00	
   6.7100000e+00	   4.7684008e+01	   4.7792646e+01	  -7.5080566e+01	  -1.4733207e+00	
   6.7200000e+00	   4.9199134e+01	   4.7759357e+01	  -7.3608398e+01	  -1.9297513e+00	
   6.7300000e+00	   4.8055458e+01	   4.7800272e+01	  -7.0070801e+01	  -2.3676336e+00	
   6.7400000e+00	   4.8661509e+01	   4.7882153e+01	  -6.6511230e+01	  -2.7805466e+00	
   6.7500000e+00	   4.6755382e+01	   4.7946823e+01	  -6.3940430e+01	  -3.1716744e+00	
   6.7600000e+00	   4.7361433e+01	   4.7943040e+01	  -6.0556641e+01	  -3.5417040e+00	
   6.7700000e+00	   4.7664458e+01	   4.7887805e+01	  -5.8117676e+01	  -3.8911804e+00	
   6.7800000e+00	   4.7293008e+01	   4.7820892e+01	  -5.3701172e+01	  -4.2169981e+00	
   6.7900000e+00	   4.7840408e+01	   4.7754024e+01	  -4.9174805e+01	  -4.5127681e+00	
   6.8000000e+00	   4.8553984e+01	   4.7721415e+01	  -4.7175293e+01	  -4.7862481e+00	
   6.8100000e+00	   4.8133658e+01	   4.7744612e+01	  -4.6472168e+01	  -5.0495511e+00	
   6.8200000e+00	   4.7684008e+01	   4.7790154e+01	  -4.3220215e+01	  -5.2988184e+00	
   6.8300000e+00	   4.8172758e+01	   4.7829681e+01	  -3.7595215e+01	  -5.5187240e+00	
   6.8400000e+00	   4.7840408e+01	   4.7866102e+01	  -3.9133301e+01	  -5.7244529e+00	
   6.8500000e+00	   4.8749484e+01	   4.7912329e+01	  -3.5441895e+01	  -5.9221496e+00	
   6.8600000e+00	   5.0186410e+01	   4.8019829e+01	  -3.2673340e+01	  -6.0983769e+00	
   6.8700000e+00	   4.9678110e+01	   4.8223757e+01	  -2.7993164e+01	  -6.2501727e+00	
   6.8800000e+00	   4.7781758e+01	   4.8443502e+01	  -2.5598145e+01	  -6.3788599e+00	
   6.8900000e+00	   4.8368259e+01	   4.8581141e+01	  -2.2170410e+01	  -6.4885056e+00	
   6.9000000e+00	   4.7498283e+01	   4.8623062e+01	  -2.0698242e+01	  -6.5821192e+00	
   6.9100000e+00	   4.8505109e+01	   4.8597284e+01	  -1.6743164e+01	  -6.6581496e+00	
   6.9200000e+00	   4.7048632e+01	   4.8523875e+01	  -1.2238770e+01	  -6.7072106e+00	
   6.9300000e+00	   4.8495334e+01	   4.8416588e+01	  -7.6684570e+00	  -6.7275446e+00	
   6.9400000e+00	   4.8857009e+01	   4.8332315e+01	  -3.9111328e+00	  -6.7216709e+00	
   6.9500000e+00	   5.0411235e+01	   4.8344366e+01	  -2.9882813e+00	  -6.7011769e+00	
   6.9600000e+00	   4.8358484e+01	   4.8445694e+01	  -2.7026367e+00	  -6.6770265e+00	
   6.9700000e+00	   4.8563759e+01	   4.8549024e+01	  -7.9101563e-01	  -6.6461461e+00	
   6.9800000e+00	   4.7605808e+01	   4.8593117e+01	   2.5048828e+00	  -6.5991503e+00	
   6.9900000e+00	   4.8084783e+01	   4.8570940e+01	   8.7231445e+00	  -6.5226528e+00	
   7.0000000e+00	   4.6892232e+01	   4.8484093e+01	   1.1821289e+01	  -6.4174577e+00	
   7.0100000e+00	   4.6941107e+01	   4.8325445e+01	   1.2480469e+01	  -6.3011544e+00	
   7.0200000e+00	   4.8299833e+01	   4.8138794e+01	   1.5402832e+01	  -6.1743630e+00	
   7.0300000e+00	   4.9032959e+01	   4.8019458e+01	   2.0676270e+01	  -6.0226984e+00	
   7.0400000e+00	   4.9609685e+01	   4.8021198e+01	   2.1401367e+01	  -5.8531979e+00	
   7.0500000e+00	   4.7742658e+01	   4.8100844e+01	   2.7685547e+01	  -5.6628075e+00	
   7.0600000e+00	   4.9101384e+01	   4.8187935e+01	   2.8718262e+01	  -5.4506950e+00	
   7.0700000e+00	   4.8886334e+01	   4.8285565e+01	   3.2673340e+01	  -5.2242904e+00	
   7.0800000e+00	   4.9003634e+01	   4.8403116e+01	   3.4958496e+01	  -4.9797609e+00	
   7.0900000e+00	   4.8162983e+01	   4.8507511e+01	   3.6628418e+01	  -4.7243767e+00	
   7.1000000e+00	   4.8426909e+01	   4.8568971e+01	   4.1286621e+01	  -4.4507739e+00	
   7.1100000e+00	   4.8759259e+01	   4.8598350e+01	   4.6845703e+01	  -4.1468867e+00	
   7.1200000e+00	   4.9101384e+01	   4.8630316e+01	   4.8054199e+01	  -3.8237084e+00	
   7.1300000e+00	   4.8094558e+01	   4.8661568e+01	   4.6428223e+01	  -3.5038618e+00	
   7.1400000e+00	   4.8769034e+01	   4.8669828e+01	   5.3767090e+01	  -3.1681272e+00	
   7.1500000e+00	   4.8524659e+01	   4.8664641e+01	   5.6337891e+01	  -2.8034607e+00	
   7.1600000e+00	   4.9423960e+01	   4.8673038e+01	   6.0644531e+01	  -2.4195398e+00	
   7.1700000e+00	   4.8944984e+01	   4.8711067e+01	   5.9545898e+01	  -2.0279768e+00	
   7.1800000e+00	   4.7889283e+01	   4.8742666e+01	   6.7104492e+01	  -1.6186354e+00	
   7.1900000e+00	   4.8612634e+01	   4.8730106e+01	   7.0290527e+01	  -1.1782082e+00	
   7.2000000e+00	   4.8192308e+01	   4.8689645e+01	   7.5058594e+01	  -7.1562930e-01	
   7.2100000e+00	   4.8505109e+01	   4.8638466e+01	   7.5783691e+01	  -2.3874446e-01	
   7.2200000e+00	   5.0508986e+01	   4.8628892e+01	   8.0595703e+01	   2.5249432e-01	
   7.2300000e+00	   4.8329158e+01	   4.8689763e+01	   8.3232422e+01	   7.6398387e-01	
   7.2400000e+00	   5.0616511e+01	   4.8789550e+01	   8.5187988e+01	   1.2866517e+00	
   7.2500000e+00	   4.8769034e+01	   4.8917274e+01	   8.9296875e+01	   1.8250381e+00	
   7.2600000e+00	   4.8348709e+01	   4.9015943e+01	   9.1779785e+01	   2.3806964e+00	
   7.2700000e+00	   4.9922485e+01	   4.9065671e+01	   9.7163086e+01	   2.9575093e+00	
   7.2800000e+00	   4.9150259e+01	   4.9119280e+01	   9.8239746e+01	   3.5509405e+00	
   7.2900000e+00	   4.8954759e+01	   4.9167733e+01	   1.0219482e+02	   4.1564129e+00	
   7.3000000e+00	   4.8084783e+01	   4.9168154e+01	   1.0560059e+02	   4.7811453e+00	
   7.3100000e+00	   4.8123883e+01	   4.9099650e+01	   1.0691895e+02	   5.4167595e+00	
   7.3200000e+00	   4.9228459e+01	   4.8998727e+01	   1.0825928e+02	   6.0567190e+00	
   7.3300000e+00	   4.9463060e+01	   4.8934983e+01	   1.1746582e+02	   6.7257003e+00	
   7.3400000e+00	   4.9081834e+01	   4.8924155e+01	   1.1849854e+02	   7.4225584e+00	
   7.3500000e+00	   4.9375084e+01	   4.8943423e+01	   1.1990479e+02	   8.1226900e+00	
   7.3600000e+00	   4.7596033e+01	   4.8948839e+01	   1.2267334e+02	   8.8315108e+00	
   7.3700000e+00	   4.9140484e+01	   4.8910383e+01	   1.2708984e+02	   9.5583938e+00	
   7.3800000e+00	   5.0088660e+01	   4.8892230e+01	   1.3141846e+02	   1.0308112e+01	
   7.3900000e+00	   4.9257784e+01	   4.8940971e+01	   1.3807617e+02	   1.1087540e+01	
   7.4000000e+00	   4.7058407e+01	   4.8970198e+01	   1.3592285e+02	   1.1876193e+01	
   7.4100000e+00	   4.8681059e+01	   4.8912121e+01	   1.4238281e+02	   1.2673394e+01	
   7.4200000e+00	   5.0108210e+01	   4.8852385e+01	   1.4479980e+02	   1.3493402e+01	
   7.4300000e+00	   4.9580360e+01	   4.8875695e+01	   1.4928223e+02	   1.4329881e+01	
   7.4400000e+00	   4.9365309e+01	   4.8953535e+01	   1.5128174e+02	   1.5181421e+01	
   7.4500000e+00	   4.9893160e+01	   4.9051457e+01	   1.5227051e+02	   1.6036986e+01	
   7.4600000e+00	   4.9639010e+01	   4.9166171e+01	   1.5664307e+02	   1.6903983e+01	
   7.4700000e+00	   4.8857009e+01	   4.9267127e+01	   1.6015869e+02	   1.7790252e+01	
   7.4800000e+00	   4.9570585e+01	   4.9328965e+01	   1.6374023e+02	   1.8693198e+01	
   7.4900000e+00	   5.0948861e+01	   4.9401385e+01	   1.6705811e+02	   1.9612095e+01	
   7.5000000e+00	   4.9365309e+01	   4.9512662e+01	   1.7283691e+02	   2.0553725e+01	
   7.5100000e+00	   4.9003634e+01	   4.9596732e+01	   1.7099121e+02	   2.1501775e+01	
   7.5200000e+00	   4.9648785e+01	   4.9623225e+01	   1.7534180e+02	   2.2451731e+01	
   7.5300000e+00	   4.8915659e+01	   4.9614589e+01	   1.7914307e+02	   2.3421267e+01	
   7.5400000e+00	   4.9726985e+01	   4.9583921e+01	   1.7582520e+02	   2.4386244e+01	
   7.5500000e+00	   4.8348709e+01	   4.9531770e+01	  -1.2832031e+01	   2.4743956e+01	
   7.5600000e+00	   4.9228459e+01	   4.9448632e+01	  -1.0437012e+01	   2.4516099e+01	
   7.5700000e+00	   4.9971360e+01	   4.9374876e+01	  -1.8000000e+02	   2.3766138e+01	
   7.5800000e+00	   4.9746535e+01	   4.9356055e+01	  -1.8000000e+02	   2.2489843e+01	
   7.5900000e+00	   4.9521710e+01	   4.9375353e+01	  -1.8000000e+02	   2.1221542e+01	
   7.6000000e+00	   4.7253908e+01	   4.9358457e+01	  -1.8000000e+02	   1.9961185e+01	
   7.6100000e+00	   4.7859958e+01	   4.9236271e+01	  -1.7751709e+02	   1.8716498e+01	
   7.6200000e+00	   4.8690834e+01	   4.9051859e+01	  -1.7354004e+02	   1.7499839e+01	
   7.6300000e+00	   4.7732883e+01	   4.8868658e+01	  -1.7077148e+02	   1.6311925e+01	
   7.6400000e+00	   4.8505109e+01	   4.8694668e+01	  -1.6762939e+02	   1.5149963e+01	
   7.6500000e+00	   4.8778809e+01	   4.8557840e+01	  -1.6341064e+02	   1.4018332e+01	
   7.6600000e+00	   5.0030010e+01	   4.8507467e+01	  -1.5989502e+02	   1.2918011e+01	
   7.6700000e+00	   4.9355534e+01	   4.8558798e+01	  -1.5760986e+02	   1.1842748e+01	
   7.6800000e+00	   4.7302783e+01	   4.8628043e+01	  -1.5558838e+02	   1.0787707e+01	
   7.6900000e+00	   4.9472835e+01	   4.8650799e+01	  -1.5275391e+02	   9.7544829e+00	
   7.7000000e+00	   5.0117985e+01	   4.8700805e+01	  -1.4750244e+02	   8.7530533e+00	
   7.7100000e+00	   4.9609685e+01	   4.8823559e+01	  -1.4253662e+02	   7.7898943e+00	
   7.7200000e+00	   4.8935209e+01	   4.8962102e+01	  -1.4102051e+02	   6.8530680e+00	
   7.7300000e+00	   4.8857009e+01	   4.9060771e+01	  -1.3968018e+02	   5.9310553e+00	
   7.7400000e+00	   4.9736760e+01	   4.9126923e+01	  -1.3524170e+02	   5.0329155e+00	
   7.7500000e+00	   4.8544209e+01	   4.9176721e+01	  -1.3605469e+02	   4.1517553e+00	
   7.7600000e+00	   4.7996808e+01	   4.9170804e+01	  -1.3104492e+02	   3.2892577e+00	
   7.7700000e+00	   4.8954759e+01	   4.9102931e+01	  -1.2825439e+02	   2.4565910e+00	
   7.7800000e+00	   4.9199134e+01	   4.9033166e+01	  -1.2370605e+02	   1.6521234e+00	
   7.7900000e+00	   4.9619460e+01	   4.9005288e+01	  -1.2100342e+02	   8.7540286e-01	
   7.8000000e+00	   4.9052509e+01	   4.9016920e+01	  -1.1704834e+02	   1.2439777e-01	
   7.8100000e+00	   5.0049560e+01	   4.9058649e+01	  -1.1344482e+02	  -5.9823164e-01	
   7.8200000e+00	   5.0147310e+01	   4.9146955e+01	  -1.1131348e+02	  -1.2983746e+00	
   7.8300000e+00	   4.8309608e+01	   4.9245081e+01	  -1.0929199e+02	  -1.9811265e+00	
   7.8400000e+00	   4.9521710e+01	   4.9294115e+01	  -1.0577637e+02	  -2.6422611e+00	
   7.8500000e+00	   5.0225510e+01	   4.9333638e+01	  -1.0245850e+02	  -3.2778537e+00	
   7.8600000e+00	   4.8905884e+01	   4.9389997e+01	  -9.8723145e+01	  -3.8873762e+00	
   7.8700000e+00	   4.8632184e+01	   4.9408257e+01	  -9.5185547e+01	  -4.4703038e+00	
   7.8800000e+00	   5.0421010e+01	   4.9399047e+01	  -9.2856445e+01	  -5.0312071e+00	
   7.8900000e+00	   4.8123883e+01	   4.9393178e+01	  -9.0747070e+01	  -5.5746970e+00	
   7.9000000e+00	   4.9296884e+01	   4.9357138e+01	  -8.7802734e+01	  -6.0989556e+00	
   7.9100000e+00	   4.9668335e+01	   4.9313086e+01	  -8.5209961e+01	  -6.6025896e+00	
   7.9200000e+00	   4.8202083e+01	   4.9276465e+01	  -8.1628418e+01	  -7.0837325e+00	
   7.9300000e+00	   4.8769034e+01	   4.9207502e+01	  -7.9431152e+01	  -7.5437640e+00	
   7.9400000e+00	   5.0528536e+01	   4.9152000e+01	  -7.6245117e+01	  -7.9840548e+00	
   7.9500000e+00	   4.9472835e+01	   4.9170446e+01	  -7.4069824e+01	  -8.4047974e+00	
   7.9600000e+00	   4.8837459e+01	   4.9215010e+01	  -7.0839844e+01	  -8.8059766e+00	
   7.9700000e+00	   4.8211858e+01	   4.9213458e+01	  -6.7236328e+01	  -9.1832421e+00	
   7.9800000e+00	   4.8192308e+01	   4.9144172e+01	  -6.4028320e+01	  -9.5368126e+00	
   7.9900000e+00	   5.0284160e+01	   4.9065673e+01	  -6.1347656e+01	  -9.8697265e+00	
   8.0000000e+00	   4.7674233e+01	   4.9018785e+01	  -5.8271484e+01	  -1.0182526e+01	
   8.0100000e+00	   4.6989982e+01	   4.8919375e+01	  -5.5437012e+01	  -1.0474856e+01	
   8.0200000e+00	   4.7820858e+01	   4.8731052e+01	  -5.3591309e+01	  -1.0750697e+01	
   8.0300000e+00	   4.8720159e+01	   4.8538526e+01	  -4.6340332e+01	  -1.0996322e+01	
   8.0400000e+00	   4.9042734e+01	   4.8418058e+01	  -4.5527344e+01	  -1.1215154e+01	
   8.0500000e+00	   4.8954759e+01	   4.8382733e+01	  -4.4934082e+01	  -1.1428212e+01	
   8.0600000e+00	   4.7781758e+01	   4.8384239e+01	  -4.1352539e+01	  -1.1626860e+01	
   8.0700000e+00	   4.8896109e+01	   4.8382743e+01	  -3.6716309e+01	  -1.1798528e+01	
   8.0800000e+00	   4.8573534e+01	   4.8394166e+01	  -3.4101563e+01	  -1.1946413e+01	
   8.0900000e+00	   4.8925434e+01	   4.8429447e+01	  -3.1508789e+01	  -1.2077062e+01	
   8.1000000e+00	   4.8847234e+01	   4.8483281e+01	  -2.6960449e+01	  -1.2184529e+01	
   8.1100000e+00	   4.7644908e+01	   4.8524469e+01	  -2.7685547e+01	  -1.2279349e+01	
   8.1200000e+00	   5.0381910e+01	   4.8559342e+01	  -2.2412109e+01	  -1.2359331e+01	
   8.1300000e+00	   4.8563759e+01	   4.8636638e+01	  -1.8874512e+01	  -1.2411218e+01	
   8.1400000e+00	   4.7380983e+01	   4.8693118e+01	  -1.9643555e+01	  -1.2454110e+01	
   8.1500000e+00	   4.9375084e+01	   4.8687735e+01	  -1.3776855e+01	  -1.2480768e+01	
   8.1600000e+00	   4.9101384e+01	   4.8693955e+01	  -9.4702148e+00	  -1.2475399e+01	
   8.1700000e+00	   4.9199134e+01	   4.8738134e+01	  -9.1406250e+00	  -1.2455543e+01	
   8.1800000e+00	   4.7674233e+01	   4.8770914e+01	  -5.3613281e+00	  -1.2422944e+01	
   8.1900000e+00	   4.6921557e+01	   4.8719346e+01	  -4.1088867e+00	  -1.2374791e+01	
   8.2000000e+00	   4.9316434e+01	   4.8605064e+01	   1.4282227e+00	  -1.2305677e+01	
   8.2100000e+00	   4.8749484e+01	   4.8529432e+01	   2.0434570e+00	  -1.2217727e+01	
   8.2200000e+00	   4.8192308e+01	   4.8498800e+01	   9.5800781e+00	  -1.2104799e+01	
   8.2300000e+00	   4.8553984e+01	   4.8472985e+01	   1.0261230e+01	  -1.1966842e+01	
   8.2400000e+00	   4.8211858e+01	   4.8448802e+01	   1.1469727e+01	  -1.1823831e+01	
   8.2500000e+00	   4.9873610e+01	   4.8454501e+01	   1.3469238e+01	  -1.1671669e+01	
   8.2600000e+00	   4.8993859e+01	   4.8521117e+01	   1.8654785e+01	  -1.1497958e+01	
   8.2700000e+00	   4.7850183e+01	   4.8596517e+01	   2.1862793e+01	  -1.1299049e+01	
   8.2800000e+00	   4.8094558e+01	   4.8612797e+01	   2.1467285e+01	  -1.1092578e+01	
   8.2900000e+00	   4.9218684e+01	   4.8599274e+01	   2.6455078e+01	  -1.0873017e+01	
   8.3000000e+00	   4.8368259e+01	   4.8600705e+01	   2.9311523e+01	  -1.0630266e+01	
   8.3100000e+00	   4.7762208e+01	   4.8587857e+01	   3.5310059e+01	  -1.0361304e+01	
   8.3200000e+00	   4.9658560e+01	   4.8563547e+01	   3.8781738e+01	  -1.0064367e+01	
   8.3300000e+00	   4.8866784e+01	   4.8581935e+01	   4.3725586e+01	  -9.7429353e+00	
   8.3400000e+00	   4.8690834e+01	   4.8628979e+01	   4.7329102e+01	  -9.3967484e+00	
   8.3500000e+00	   4.8260733e+01	   4.8659015e+01	   4.6186523e+01	  -9.0450227e+00	
   8.3600000e+00	   4.9169809e+01	   4.8673179e+01	   4.9548340e+01	  -8.6885499e+00	
   8.3700000e+00	   4.8524659e+01	   4.8690945e+01	   5.4733887e+01	  -8.3075416e+00	
   8.3800000e+00	   4.8006583e+01	   4.8691533e+01	   5.5832520e+01	  -7.9092391e+00	
   8.3900000e+00	   4.9199134e+01	   4.8671241e+01	   5.8579102e+01	  -7.5013892e+00	
   8.4000000e+00	   4.8602859e+01	   4.8664708e+01	   6.6467285e+01	  -7.0627882e+00	
   8.4100000e+00	   4.9248009e+01	   4.8680482e+01	   6.7038574e+01	  -6.6004414e+00	
   8.4200000e+00	   4.8837459e+01	   4.8714988e+01	   6.7170410e+01	  -6.1387884e+00	
   8.4300000e+00	   4.8221633e+01	   4.8742834e+01	   6.9543457e+01	  -5.6721823e+00	
   8.4400000e+00	   4.6892232e+01	   4.8704493e+01	   7.6245117e+01	  -5.1800790e+00	
   8.4500000e+00	   4.8847234e+01	   4.8600279e+01	   7.7255859e+01	  -4.6669046e+00	
   8.4600000e+00	   4.8505109e+01	   4.8507146e+01	   8.2990723e+01	  -4.1358188e+00	
   8.4700000e+00	   4.8671284e+01	   4.8457460e+01	   8.4858398e+01	  -3.5842501e+00	
   8.4800000e+00	   4.9208909e+01	   4.8450231e+01	   8.6110840e+01	  -3.0263647e+00	
   8.4900000e+00	   4.8563759e+01	   4.8482787e+01	   9.1472168e+01	  -2.4512609e+00	
   8.5000000e+00	   4.9326209e+01	   4.8538442e+01	   9.6877441e+01	  -1.8460407e+00	
   8.5100000e+00	   5.0157085e+01	   4.8638794e+01	   9.7338867e+01	  -1.2262383e+00	
   8.5200000e+00	   4.9854060e+01	   4.8802352e+01	   1.0061279e+02	  -5.9861982e-01	
   8.5300000e+00	   4.9120934e+01	   4.8983100e+01	   1.0248047e+02	   4.1169861e-02	
   8.5400000e+00	   4.9013409e+01	   4.9122660e+01	   1.0360107e+02	   6.8631080e-01	
   8.5500000e+00	   4.9287109e+01	   4.9211046e+01	   1.1293945e+02	   1.3601659e+00	
   8.5600000e+00	   4.9316434e+01	   4.9268936e+01	   1.1067627e+02	   2.0519582e+00	
   8.5700000e+00	   5.0939086e+01	   4.9341878e+01	   1.1553223e+02	   2.7475374e+00	
   8.5800000e+00	   4.8211858e+01	   4.9429609e+01	   1.1876221e+02	   3.4640831e+00	
   8.5900000e+00	   4.8925434e+01	   4.9457152e+01	   1.2818848e+02	   4.2157770e+00	
   8.6000000e+00	   4.8534434e+01	   4.9409919e+01	   1.2928711e+02	   4.9957242e+00	
   8.6100000e+00	   4.9023184e+01	   4.9326963e+01	   1.3056152e+02	   5.7782180e+00	
   8.6200000e+00	   4.8827684e+01	   4.9235614e+01	   1.3550537e+02	   6.5752847e+00	
   8.6300000e+00	   5.0782686e+01	   4.9187445e+01	   1.3754883e+02	   7.3892416e+00	
   8.6400000e+00	   4.9306659e+01	   4.9215797e+01	   1.4036133e+02	   8.2133080e+00	
   8.6500000e+00	   4.9248009e+01	   4.9269746e+01	   1.4095459e+02	   9.0428788e+00	
   8.6600000e+00	   4.9345759e+01	   4.9305740e+01	   1.4291016e+02	   9.8752359e+00	
   8.6700000e+00	   4.9218684e+01	   4.9327525e+01	   1.4745850e+02	   1.0722748e+01	
   8.6800000e+00	   4.8612634e+01	   4.9323134e+01	   1.5466553e+02	   1.1601767e+01	
   8.6900000e+00	   4.9795410e+01	   4.9299167e+01	   1.5644531e+02	   1.2503425e+01	
   8.7000000e+00	   4.9775860e+01	   4.9299513e+01	   1.6062012e+02	   1.3418084e+01	
   8.7100000e+00	   4.9756310e+01	   4.9338002e+01	   1.6114746e+02	   1.4341739e+01	
   8.7200000e+00	   4.9531485e+01	   4.9392168e+01	   1.7123291e+02	   1.5292846e+01	
   8.7300000e+00	   4.9111159e+01	   4.9434173e+01	   1.6868408e+02	   1.6261599e+01	
   8.7400000e+00	   4.8006583e+01	   4.9421423e+01	   1.7176025e+02	   1.7225935e+01	
   8.7500000e+00	   4.8974309e+01	   4.9341205e+01	   1.7474854e+02	   1.8203224e+01	
   8.7600000e+00	   4.9570585e+01	   4.9252823e+01	   1.7696777e+02	   1.9190700e+01	
   8.7700000e+00	   4.9629235e+01	   4.9210869e+01	   1.7696777e+02	   2.0178941e+01	
   8.7800000e+00	   4.7566708e+01	   4.9174970e+01	  -1.1469727e+01	   2.0570851e+01	
   8.7900000e+00	   4.8524659e+01	   4.9083410e+01	  -1.3403320e+01	   2.0364108e+01	
   8.8000000e+00	   5.0039785e+01	   4.8990991e+01	  -1.8000000e+02	   1.9630864e+01	
   8.8100000e+00	   4.8847234e+01	   4.8961593e+01	  -1.8000000e+02	   1.8380470e+01	
   8.8200000e+00	   4.8319383e+01	   4.8946900e+01	  -1.8000000e+02	   1.7137908e+01	
   8.8300000e+00	   4.8407359e+01	   4.8899435e+01	  -1.8000000e+02	   1.5903129e+01	
   8.8400000e+00	   4.9629235e+01	   4.8852235e+01	  -1.7356201e+02	   1.4696247e+01	
   8.8500000e+00	   4.7253908e+01	   4.8812138e+01	  -1.7507813e+02	   1.3512338e+01	
   8.8600000e+00	   4.9072059e+01	   4.8745463e+01	  -1.7024414e+02	   1.2346235e+01	
   8.8700000e+00	   4.8739709e+01	   4.8685749e+01	  -1.6758545e+02	   1.1210901e+01	
   8.8800000e+00	   4.8446459e+01	   4.8652570e+01	  -1.6582764e+02	   1.0096510e+01	
   8.8900000e+00	   4.8954759e+01	   4.8630832e+01	  -1.6479492e+02	   8.9978386e+00	
   8.9000000e+00	   4.8524659e+01	   4.8624066e+01	  -1.5796143e+02	   7.9306836e+00	
   8.9100000e+00	   4.8681059e+01	   4.8623519e+01	  -1.5532471e+02	   6.8998713e+00	
   8.9200000e+00	   4.7253908e+01	   4.8595988e+01	  -1.5042480e+02	   5.8991183e+00	
   8.9300000e+00	   4.8984084e+01	   4.8533927e+01	  -1.4989746e+02	   4.9216305e+00	
   8.9400000e+00	   4.8964534e+01	   4.8495146e+01	  -1.4460205e+02	   3.9685007e+00	
   8.9500000e+00	   4.9101384e+01	   4.8511123e+01	  -1.4383301e+02	   3.0403333e+00	
   8.9600000e+00	   5.0587186e+01	   4.8595878e+01	  -1.3801025e+02	   2.1386234e+00	
   8.9700000e+00	   4.8417134e+01	   4.8736783e+01	  -1.3688965e+02	   1.2643064e+00	
   8.9800000e+00	   4.8162983e+01	   4.8839952e+01	  -1.3137451e+02	   4.1624730e-01	
   8.9900000e+00	   4.8466009e+01	   4.8862926e+01	  -1.3001221e+02	  -4.0496145e-01	
   9.0000000e+00	   4.9414184e+01	   4.8858732e+01	  -1.2673828e+02	  -1.2065070e+00	
   9.0100000e+00	   4.9023184e+01	   4.8873768e+01	  -1.2548584e+02	  -1.9888564e+00	
   9.0200000e+00	   4.9179584e+01	   4.8906408e+01	  -1.2197021e+02	  -2.7513732e+00	
   9.0300000e+00	   4.7840408e+01	   4.8919251e+01	  -1.1876221e+02	  -3.4880571e+00	
   9.0400000e+00	   4.8348709e+01	   4.8877924e+01	  -1.1504883e+02	  -4.1984506e+00	
   9.0500000e+00	   4.8123883e+01	   4.8794182e+01	  -1.1342285e+02	  -4.8876729e+00	
   9.0600000e+00	   4.8915659e+01	   4.8707043e+01	  -1.0902832e+02	  -5.5537234e+00	
   9.0700000e+00	   5.0450335e+01	   4.8682835e+01	  -1.0544678e+02	  -6.1906230e+00	
   9.0800000e+00	   4.8133658e+01	   4.8731950e+01	  -1.0430420e+02	  -6.8087384e+00	
   9.0900000e+00	   4.9707435e+01	   4.8793521e+01	  -9.9558105e+01	  -7.4045404e+00	
   9.1000000e+00	   4.9179584e+01	   4.8864220e+01	  -9.6503906e+01	  -7.9721818e+00	
   9.1100000e+00	   5.0303710e+01	   4.8968074e+01	  -9.3208008e+01	  -8.5163808e+00	
   9.1200000e+00	   4.9003634e+01	   4.9093291e+01	  -9.1010742e+01	  -9.0399679e+00	
   9.1300000e+00	   4.7899058e+01	   4.9170323e+01	  -8.8044434e+01	  -9.5441044e+00	
   9.1400000e+00	   4.9599910e+01	   4.9173945e+01	  -8.5781250e+01	  -1.0028706e+01	
   9.1500000e+00	   4.8896109e+01	   4.9162194e+01	  -8.2199707e+01	  -1.0491967e+01	
   9.1600000e+00	   4.8319383e+01	   4.9135834e+01	  -7.8662109e+01	  -1.0930032e+01	
   9.1700000e+00	   4.6823807e+01	   4.9034886e+01	  -7.6882324e+01	  -1.1348700e+01	
   9.1800000e+00	   4.8837459e+01	   4.8862996e+01	  -7.3916016e+01	  -1.1749882e+01	
   9.1900000e+00	   4.8524659e+01	   4.8703980e+01	  -7.0026855e+01	  -1.2127081e+01	
   9.2000000e+00	   4.8817909e+01	   4.8599761e+01	  -6.9191895e+01	  -1.2487123e+01	
   9.2100000e+00	   4.7996808e+01	   4.8528064e+01	  -6.6005859e+01	  -1.2832317e+01	
   9.2200000e+00	   4.8798359e+01	   4.8471992e+01	  -6.2885742e+01	  -1.3155600e+01	
   9.2300000e+00	   4.7899058e+01	   4.8428090e+01	  -5.9677734e+01	  -1.3457039e+01	
   9.2400000e+00	   4.8143433e+01	   4.8380403e+01	  -5.5129395e+01	  -1.3732300e+01	
   9.2500000e+00	   4.9443510e+01	   4.8351984e+01	  -5.3657227e+01	  -1.3986981e+01	
   9.2600000e+00	   4.8622409e+01	   4.8378843e+01	  -5.0141602e+01	  -1.4224447e+01	
   9.2700000e+00	   4.8485559e+01	   4.8429378e+01	  -4.6252441e+01	  -1.4437235e+01	
   9.2800000e+00	   4.8290058e+01	   4.8465124e+01	  -4.0649414e+01	  -1.4618963e+01	
   9.2900000e+00	   4.8915659e+01	   4.8490476e+01	  -4.2517090e+01	  -1.4787854e+01	
   9.3000000e+00	   4.8700609e+01	   4.8524010e+01	  -3.6628418e+01	  -1.4943095e+01	
   9.3100000e+00	   4.8495334e+01	   4.8559899e+01	  -3.7331543e+01	  -1.5081124e+01	
   9.3200000e+00	   4.8866784e+01	   4.8589313e+01	  -3.2541504e+01	  -1.5205489e+01	
   9.3300000e+00	   4.8407359e+01	   4.8613781e+01	  -3.1442871e+01	  -1.5310633e+01	
   9.3400000e+00	   4.9551035e+01	   4.8645087e+01	  -2.7070313e+01	  -1.5397984e+01	
   9.3500000e+00	   4.8866784e+01	   4.8701231e+01	  -2.3686523e+01	  -1.5460496e+01	
   9.3600000e+00	   4.8632184e+01	   4.8759570e+01	  -1.9204102e+01	  -1.5497983e+01	
   9.3700000e+00	   4.8172758e+01	   4.8782237e+01	  -1.9577637e+01	  -1.5522366e+01	
   9.3800000e+00	   4.9824735e+01	   4.8790217e+01	  -1.3623047e+01	  -1.5529118e+01	
   9.3900000e+00	   4.7879508e+01	   4.8806197e+01	  -1.1887207e+01	  -1.5511743e+01	
   9.4000000e+00	   4.9130709e+01	   4.8806197e+01	  -9.7119141e+00	  -1.5482228e+01	
   9.4100000e+00	   4.9140484e+01	   4.8807334e+01	  -8.6352539e+00	  -1.5442713e+01	
   9.4200000e+00	   4.7429858e+01	   4.8800275e+01	  -1.7797852e+00	  -1.5378605e+01	
   9.4300000e+00	   5.0391685e+01	   4.8779496e+01	  -1.9775391e-01	  -1.5288474e+01	
   9.4400000e+00	   4.9023184e+01	   4.8808715e+01	   4.4384766e+00	  -1.5179433e+01	
   9.4500000e+00	   4.7928383e+01	   4.8850180e+01	   7.2729492e+00	  -1.5047679e+01	
   9.4600000e+00	   4.8602859e+01	   4.8838255e+01	   9.9755859e+00	  -1.4899409e+01	
   9.4700000e+00	   4.6931332e+01	   4.8764582e+01	   1.3139648e+01	  -1.4733695e+01	
   9.4800000e+00	   4.9560810e+01	   4.8656439e+01	   1.5908203e+01	  -1.4550439e+01	
   9.4900000e+00	   4.8094558e+01	   4.8577476e+01	   1.7204590e+01	  -1.4355600e+01	
   9.5000000e+00	   4.9335984e+01	   4.8542418e+01	   2.1687012e+01	  -1.4143884e+01	
   9.5100000e+00	   4.6823807e+01	   4.8508298e+01	   2.4829102e+01	  -1.3909616e+01	
   9.5200000e+00	   4.9023184e+01	   4.8445719e+01	   2.7487793e+01	  -1.3658649e+01	
   9.5300000e+00	   4.8671284e+01	   4.8400735e+01	   2.9619141e+01	  -1.3394252e+01	
   9.5400000e+00	   4.9375084e+01	   4.8414820e+01	   3.2827148e+01	  -1.3114789e+01	
   9.5500000e+00	   4.9726985e+01	   4.8493928e+01	   3.6826172e+01	  -1.2814507e+01	
   9.5600000e+00	   4.8114108e+01	   4.8604260e+01	   3.8803711e+01	  -1.2497388e+01	
   9.5700000e+00	   4.7781758e+01	   4.8661364e+01	   4.3044434e+01	  -1.2162781e+01	
   9.5800000e+00	   4.7879508e+01	   4.8635963e+01	   4.4406738e+01	  -1.1812723e+01	
   9.5900000e+00	   4.8935209e+01	   4.8578143e+01	   4.8032227e+01	  -1.1449236e+01	
   9.6000000e+00	   4.7781758e+01	   4.8525377e+01	   5.1394043e+01	  -1.1066144e+01	
   9.6100000e+00	   4.6960657e+01	   4.8438472e+01	   5.3942871e+01	  -1.0666940e+01	
   9.6200000e+00	   4.7977258e+01	   4.8300925e+01	   5.7985840e+01	  -1.0249593e+01	
   9.6300000e+00	   4.6413257e+01	   4.8134881e+01	   5.9436035e+01	  -9.8176572e+00	
   9.6400000e+00	   4.9805185e+01	   4.7989616e+01	   6.6071777e+01	  -9.3631032e+00	
   9.6500000e+00	   4.8925434e+01	   4.7956511e+01	   6.8510742e+01	  -8.8829764e+00	
   9.6600000e+00	   4.9609685e+01	   4.8044527e+01	   7.3937988e+01	  -8.3812218e+00	
   9.6700000e+00	   4.9179584e+01	   4.8204330e+01	   7.4816895e+01	  -7.8628605e+00	
   9.6800000e+00	   5.0421010e+01	   4.8418736e+01	   7.8706055e+01	  -7.3328136e+00	
   9.6900000e+00	   4.8016358e+01	   4.8643869e+01	   8.0397949e+01	  -6.7886081e+00	
   9.7000000e+00	   4.8368259e+01	   4.8793210e+01	   8.5166016e+01	  -6.2275801e+00	
   9.7100000e+00	   4.7996808e+01	   4.8840324e+01	   8.5319824e+01	  -5.6546520e+00	
   9.7200000e+00	   5.0069110e+01	   4.8851858e+01	   9.2416992e+01	  -5.0626042e+00	
   9.7300000e+00	   4.9081834e+01	   4.8895594e+01	   9.5888672e+01	  -4.4411655e+00	
   9.7400000e+00	   4.8827684e+01	   4.8953329e+01	   9.8679199e+01	  -3.8040074e+00	
   9.7500000e+00	   4.8475784e+01	   4.8978301e+01	   9.8898926e+01	  -3.1614128e+00	
   9.7600000e+00	   4.8847234e+01	   4.8968475e+01	   1.0472168e+02	  -2.5039195e+00	
   9.7700000e+00	   4.8211858e+01	   4.8932213e+01	   1.0527100e+02	  -1.8305885e+00	
   9.7800000e+00	   4.8690834e+01	   4.8873468e+01	   1.1166504e+02	  -1.1397301e+00	
   9.7900000e+00	   4.9423960e+01	   4.8826224e+01	   1.1366455e+02	  -4.2691220e-01	
   9.8000000e+00	   4.7938158e+01	   4.8799379e+01	   1.1674072e+02	   2.9733677e-01	
   9.8100000e+00	   4.8935209e+01	   4.8762841e+01	   1.1737793e+02	   1.0286788e+00	
   9.8200000e+00	   4.8749484e+01	   4.8729500e+01	   1.2465088e+02	   1.7802128e+00	
   9.8300000e+00	   4.7478733e+01	   4.8687931e+01	   1.2460693e+02	   2.5496791e+00	
   9.8400000e+00	   4.8299833e+01	   4.8606143e+01	   1.2968262e+02	   3.3300840e+00	
   9.8500000e+00	   4.8299833e+01	   4.8512591e+01	   1.2908936e+02	   4.1196388e+00	
   9.8600000e+00	   4.8211858e+01	   4.8433733e+01	   1.3438477e+02	   4.9189741e+00	
   9.8700000e+00	   4.8153208e+01	   4.8365922e+01	   1.3902100e+02	   5.7444064e+00	
   9.8800000e+00	   4.9511935e+01	   4.8333809e+01	   1.4449219e+02	   6.5963226e+00	
   9.8900000e+00	   5.0166860e+01	   4.8393722e+01	   1.4824951e+02	   7.4718043e+00	
   9.9000000e+00	   4.8387809e+01	   4.8525706e+01	   1.5187500e+02	   8.3649236e+00	
   9.9100000e+00	   4.7019307e+01	   4.8607523e+01	   1.5299561e+02	   9.2673126e+00	
   9.9200000e+00	   4.8221633e+01	   4.8584040e+01	   1.5506104e+02	   1.0174027e+01	
   9.9300000e+00	   5.0479660e+01	   4.8561067e+01	   1.5873047e+02	   1.1093023e+01	
   9.9400000e+00	   4.9160034e+01	   4.8628610e+01	   1.5778564e+02	   1.2014795e+01	
   9.9500000e+00	   4.7380983e+01	   4.8705393e+01	   1.6560791e+02	   1.2952333e+01	
   9.9600000e+00	   4.9199134e+01	   4.8720487e+01	   1.6894775e+02	   1.3918955e+01	
   9.9700000e+00	   4.9463060e+01	   4.8737405e+01	   1.7037598e+02	   1.4894455e+01	
   9.9800000e+00	   4.8886334e+01	   4.8789667e+01	   1.7547363e+02	   1.5884283e+01	
   9.9900000e+00	   4.8993859e+01	   4.8844693e+01	   1.7248535e+02	   1.6874516e+01	
   1.0000000e+01	   4.8162983e+01	   4.8873120e+01	   1.7575928e+02	   1.7859442e+01	
