   0.0000000e+00	  -5.0000000e+01	  -7.2183671e-01	  -4.6121434e-01	  -7.3917245e+00	  -7.3917245e+00	  -7.3917245e+00	   0.0000000e+00	  -0.0000000e+00	
   1.0000000e-01	  -5.0000000e+01	  -1.0985596e+01	  -7.4144672e+00	  -7.3305055e+00	  -7.3305055e+00	  -5.8521606e+00	  -1.4783449e+00	  -0.0000000e+00	
   2.0000000e-01	  -5.0000000e+01	  -2.1386206e+01	  -1.9499248e+01	  -6.9408461e+00	  -6.9408461e+00	  -4.2920691e+00	  -2.6487770e+00	  -0.0000000e+00	
   3.0000000e-01	  -5.0000000e+01	  -3.1825915e+01	  -2.9335500e+01	  -6.2333035e+00	  -6.2333035e+00	  -2.7261127e+00	  -3.5071908e+00	  -0.0000000e+00	
   4.0000000e-01	  -5.0000000e+01	  -3.8873697e+01	  -3.7593622e+01	  -5.7213588e+00	  -5.7213588e+00	  -1.6689455e+00	  -4.0524134e+00	  -0.0000000e+00	
   5.0000000e-01	  -5.0000000e+01	  -4.3624351e+01	  -4.2806441e+01	  -5.3425498e+00	  -5.3425498e+00	  -9.5634731e-01	  -4.3862025e+00	  -0.0000000e+00	
   6.0000000e-01	  -5.0000000e+01	  -4.5999678e+01	  -4.5530996e+01	  -5.1775202e+00	  -5.1775202e+00	  -6.0004823e-01	  -4.5774719e+00	  -0.0000000e+00	
   7.0000000e-01	  -5.0000000e+01	  -4.7729855e+01	  -4.7441330e+01	  -5.0380033e+00	  -5.0380033e+00	  -3.4052174e-01	  -4.6974816e+00	  -0.0000000e+00	
   8.0000000e-01	  -5.0000000e+01	  -4.8775781e+01	  -4.8530127e+01	  -4.9492188e+00	  -4.9492188e+00	  -1.8363285e-01	  -4.7655859e+00	  -0.0000000e+00	
   9.0000000e-01	  -5.0000000e+01	  -4.9303631e+01	  -4.9276400e+01	  -4.9067678e+00	  -4.9067678e+00	  -1.0445528e-01	  -4.8023125e+00	  -0.0000000e+00	
   1.0000000e+00	  -5.0000000e+01	  -4.9147231e+01	  -4.9216861e+01	  -4.9511189e+00	  -4.9511189e+00	  -1.2791530e-01	  -4.8232036e+00	  -0.0000000e+00	
   1.1000000e+00	  -5.0000000e+01	  -4.9108131e+01	  -4.9089273e+01	  -4.9825669e+00	  -4.9825669e+00	  -1.3378030e-01	  -4.8487866e+00	  -0.0000000e+00	
   1.2000000e+00	  -5.0000000e+01	  -4.9841257e+01	  -4.9578212e+01	  -4.8993541e+00	  -4.8993541e+00	  -2.3811453e-02	  -4.8755427e+00	  -0.0000000e+00	
   1.3000000e+00	  -5.0000000e+01	  -5.0066082e+01	  -5.0127556e+01	  -4.8703926e+00	  -4.8703926e+00	   9.9123283e-03	  -4.8803050e+00	   0.0000000e+00	
   1.4000000e+00	  -5.0000000e+01	  -5.0574383e+01	  -5.0378338e+01	  -4.7921651e+00	  -4.7921651e+00	   8.6157399e-02	  -4.8783225e+00	   0.0000000e+00	
   1.5000000e+00	  -5.0000000e+01	  -5.0369107e+01	  -5.0526973e+01	  -4.8057249e+00	  -4.8057249e+00	   5.5366120e-02	  -4.8610910e+00	   0.0000000e+00	
   1.6000000e+00	  -5.0000000e+01	  -5.0799208e+01	  -5.0590830e+01	  -4.7301366e+00	  -4.7301366e+00	   1.1988118e-01	  -4.8500178e+00	   0.0000000e+00	
   1.7000000e+00	  -5.0000000e+01	  -4.9684857e+01	  -5.0162938e+01	  -4.8733130e+00	  -4.8733130e+00	  -4.7271474e-02	  -4.8260416e+00	  -0.0000000e+00	
   1.8000000e+00	  -5.0000000e+01	  -4.8697581e+01	  -4.8845626e+01	  -5.0308587e+00	  -5.0308587e+00	  -1.9536286e-01	  -4.8354959e+00	  -0.0000000e+00	
   1.9000000e+00	  -5.0000000e+01	  -4.9792382e+01	  -4.9253800e+01	  -4.9057111e+00	  -4.9057111e+00	  -3.1142710e-02	  -4.8745684e+00	  -0.0000000e+00	
   2.0000000e+00	  -5.0000000e+01	  -4.8736681e+01	  -4.9424739e+01	  -5.0702948e+00	  -5.0702948e+00	  -1.8949786e-01	  -4.8807970e+00	  -0.0000000e+00	
   2.1000000e+00	  -5.0000000e+01	  -4.9049481e+01	  -4.8611174e+01	  -5.0612744e+00	  -5.0612744e+00	  -1.4257781e-01	  -4.9186965e+00	  -0.0000000e+00	
   2.2000000e+00	  -5.0000000e+01	  -4.9332957e+01	  -4.9376814e+01	  -5.0472686e+00	  -5.0472686e+00	  -1.0005652e-01	  -4.9472121e+00	  -0.0000000e+00	
   2.3000000e+00	  -5.0000000e+01	  -4.9577332e+01	  -4.9555799e+01	  -5.0306236e+00	  -5.0306236e+00	  -6.3400239e-02	  -4.9672234e+00	  -0.0000000e+00	
   2.4000000e+00	  -5.0000000e+01	  -4.9499132e+01	  -4.9478610e+01	  -5.0550337e+00	  -5.0550337e+00	  -7.5130250e-02	  -4.9799035e+00	  -0.0000000e+00	
   2.5000000e+00	  -5.0000000e+01	  -4.9205881e+01	  -4.9361790e+01	  -5.1140473e+00	  -5.1140473e+00	  -1.1911779e-01	  -4.9949295e+00	  -0.0000000e+00	
   2.6000000e+00	  -5.0000000e+01	  -5.0046532e+01	  -4.9639599e+01	  -5.0117732e+00	  -5.0117732e+00	   6.9798256e-03	  -5.0187531e+00	   0.0000000e+00	
   2.7000000e+00	  -5.0000000e+01	  -5.0261582e+01	  -5.0394587e+01	  -4.9781197e+00	  -4.9781197e+00	   3.9237355e-02	  -5.0173571e+00	   0.0000000e+00	
   2.8000000e+00	  -5.0000000e+01	  -5.0154057e+01	  -5.0160209e+01	  -4.9864010e+00	  -4.9864010e+00	   2.3108590e-02	  -5.0095096e+00	   0.0000000e+00	
   2.9000000e+00	  -5.0000000e+01	  -5.0476633e+01	  -5.0322546e+01	  -4.9333930e+00	  -4.9333930e+00	   7.1494885e-02	  -5.0048879e+00	   0.0000000e+00	
   3.0000000e+00	  -5.0000000e+01	  -5.0760108e+01	  -5.0758388e+01	  -4.8765728e+00	  -4.8765728e+00	   1.1401617e-01	  -4.9905889e+00	   0.0000000e+00	
   3.1000000e+00	  -5.0000000e+01	  -4.9802157e+01	  -5.0149496e+01	  -4.9974622e+00	  -4.9974622e+00	  -2.9676458e-02	  -4.9677857e+00	  -0.0000000e+00	
   3.2000000e+00	  -5.0000000e+01	  -5.0085632e+01	  -4.9803625e+01	  -4.9608762e+00	  -4.9608762e+00	   1.2844831e-02	  -4.9737210e+00	   0.0000000e+00	
   3.3000000e+00	  -5.0000000e+01	  -4.9029931e+01	  -4.9525937e+01	  -5.1166623e+00	  -5.1166623e+00	  -1.4551031e-01	  -4.9711520e+00	  -0.0000000e+00	
   3.4000000e+00	  -5.0000000e+01	  -4.8853981e+01	  -4.8705737e+01	  -5.1721569e+00	  -5.1721569e+00	  -1.7190284e-01	  -5.0002541e+00	  -0.0000000e+00	
   3.5000000e+00	  -5.0000000e+01	  -4.9987882e+01	  -4.9582960e+01	  -5.0364523e+00	  -5.0364523e+00	  -1.8176825e-03	  -5.0346347e+00	  -0.0000000e+00	
   3.6000000e+00	  -5.0000000e+01	  -4.9782607e+01	  -5.0124311e+01	  -5.0676072e+00	  -5.0676072e+00	  -3.2608961e-02	  -5.0349982e+00	  -0.0000000e+00	
   3.7000000e+00	  -5.0000000e+01	  -4.9401382e+01	  -4.9362038e+01	  -5.1313127e+00	  -5.1313127e+00	  -8.9792764e-02	  -5.0415200e+00	  -0.0000000e+00	
   3.8000000e+00	  -5.0000000e+01	  -4.9890132e+01	  -4.9703791e+01	  -5.0759587e+00	  -5.0759587e+00	  -1.6480196e-02	  -5.0594785e+00	  -0.0000000e+00	
   3.9000000e+00	  -5.0000000e+01	  -5.0310457e+01	  -5.0277394e+01	  -5.0162060e+00	  -5.0162060e+00	   4.6568612e-02	  -5.0627746e+00	   0.0000000e+00	
   4.0000000e+00	  -5.0000000e+01	  -5.0603708e+01	  -5.0517487e+01	  -4.9629047e+00	  -4.9629047e+00	   9.0556153e-02	  -5.0534609e+00	   0.0000000e+00	
   4.1000000e+00	  -5.0000000e+01	  -4.9821707e+01	  -5.0149932e+01	  -5.0620936e+00	  -5.0620936e+00	  -2.6743955e-02	  -5.0353496e+00	  -0.0000000e+00	
   4.2000000e+00	  -5.0000000e+01	  -4.9518682e+01	  -4.9465372e+01	  -5.1128962e+00	  -5.1128962e+00	  -7.2197747e-02	  -5.0406984e+00	  -0.0000000e+00	
   4.3000000e+00	  -5.0000000e+01	  -4.9635982e+01	  -4.9587597e+01	  -5.1097407e+00	  -5.1097407e+00	  -5.4602731e-02	  -5.0551380e+00	  -0.0000000e+00	
   4.4000000e+00	  -5.0000000e+01	  -4.9675082e+01	  -4.9711747e+01	  -5.1147962e+00	  -5.1147962e+00	  -4.8737726e-02	  -5.0660585e+00	  -0.0000000e+00	
   4.5000000e+00	  -5.0000000e+01	  -5.0721008e+01	  -5.0312595e+01	  -4.9676549e+00	  -4.9676549e+00	   1.0815117e-01	  -5.0758061e+00	   0.0000000e+00	
   4.6000000e+00	  -5.0000000e+01	  -5.0388657e+01	  -5.0723796e+01	  -4.9958772e+00	  -4.9958772e+00	   5.8298623e-02	  -5.0541758e+00	   0.0000000e+00	
   4.7000000e+00	  -5.0000000e+01	  -4.9841257e+01	  -4.9899593e+01	  -5.0663275e+00	  -5.0663275e+00	  -2.3811453e-02	  -5.0425161e+00	  -0.0000000e+00	
   4.8000000e+00	  -5.0000000e+01	  -4.9548007e+01	  -4.9572654e+01	  -5.1150774e+00	  -5.1150774e+00	  -6.7798993e-02	  -5.0472784e+00	  -0.0000000e+00	
   4.9000000e+00	  -5.0000000e+01	  -4.9870582e+01	  -4.9768179e+01	  -5.0802509e+00	  -5.0802509e+00	  -1.9412699e-02	  -5.0608382e+00	  -0.0000000e+00	
   5.0000000e+00	   5.0000000e+01	  -5.0623258e+01	  -5.0385423e+01	   1.0000000e+01	   1.0028768e+01	   1.5093489e+01	  -5.0647207e+00	   0.0000000e+00	
   5.1000000e+00	   5.0000000e+01	  -2.4035233e+01	  -3.3778858e+01	   9.0563852e+00	   9.0563852e+00	   1.1105285e+01	  -2.0488998e+00	   0.0000000e+00	
   5.2000000e+00	   5.0000000e+01	  -6.6911110e-02	  -3.6949065e+00	   7.6821939e+00	   7.6821939e+00	   7.5100367e+00	   1.7215721e-01	   0.0000000e+00	
   5.3000000e+00	   5.0000000e+01	   1.1702200e+01	   1.0201531e+01	   7.4188346e+00	   7.4188346e+00	   5.7446700e+00	   1.6741645e+00	   0.0000000e+00	
   5.4000000e+00	   5.0000000e+01	   2.4849587e+01	   2.0654028e+01	   6.5956605e+00	   6.5956605e+00	   3.7725620e+00	   2.8230985e+00	   0.0000000e+00	
   5.5000000e+00	   5.0000000e+01	   3.4370446e+01	   3.3374615e+01	   5.9220441e+00	   5.9220441e+00	   2.3444332e+00	   3.5776109e+00	   0.0000000e+00	
   5.6000000e+00	   5.0000000e+01	   4.1037002e+01	   3.9347075e+01	   5.3909473e+00	   5.3909473e+00	   1.3444497e+00	   4.0464976e+00	   0.0000000e+00	
   5.7000000e+00	   5.0000000e+01	   4.3832654e+01	   4.3658304e+01	   5.2404894e+00	   5.2404894e+00	   9.2510185e-01	   4.3153875e+00	   0.0000000e+00	
   5.8000000e+00	   5.0000000e+01	   4.7635133e+01	   4.6526895e+01	   4.8551380e+00	   4.8551380e+00	   3.5473007e-01	   4.5004079e+00	   0.0000000e+00	
   5.9000000e+00	   5.0000000e+01	   4.8573534e+01	   4.8713479e+01	   4.7853238e+00	   4.7853238e+00	   2.1396994e-01	   4.5713539e+00	   0.0000000e+00	
   6.0000000e+00	   5.0000000e+01	   4.7684008e+01	   4.8090489e+01	   4.9615467e+00	   4.9615467e+00	   3.4739882e-01	   4.6141479e+00	   0.0000000e+00	
   6.1000000e+00	   5.0000000e+01	   4.8387809e+01	   4.7812489e+01	   4.9254564e+00	   4.9254564e+00	   2.4182872e-01	   4.6836277e+00	   0.0000000e+00	
   6.2000000e+00	   5.0000000e+01	   4.9922485e+01	   4.9699006e+01	   4.7436207e+00	   4.7436207e+00	   1.1627256e-02	   4.7319934e+00	   0.0000000e+00	
   6.3000000e+00	   5.0000000e+01	   5.0313485e+01	   5.0318180e+01	   4.6872961e+00	   4.6872961e+00	  -4.7022798e-02	   4.7343189e+00	  -0.0000000e+00	
   6.4000000e+00	   5.0000000e+01	   4.6843357e+01	   4.8094726e+01	   5.1984107e+00	   5.1984107e+00	   4.7349643e-01	   4.7249143e+00	   0.0000000e+00	
   6.5000000e+00	   5.0000000e+01	   4.9003634e+01	   4.7576176e+01	   4.9690685e+00	   4.9690685e+00	   1.4945488e-01	   4.8196136e+00	   0.0000000e+00	
   6.6000000e+00	   5.0000000e+01	   4.8368259e+01	   4.9224120e+01	   5.0942658e+00	   5.0942658e+00	   2.4476122e-01	   4.8495046e+00	   0.0000000e+00	
   6.7000000e+00	   5.0000000e+01	   5.0020235e+01	   4.9178492e+01	   4.8954215e+00	   4.8954215e+00	  -3.0352576e-03	   4.8984568e+00	  -0.0000000e+00	
   6.8000000e+00	   5.0000000e+01	   4.8006583e+01	   4.8968832e+01	   5.1968623e+00	   5.1968623e+00	   2.9901252e-01	   4.8978497e+00	   0.0000000e+00	
   6.9000000e+00	   5.0000000e+01	   4.8739709e+01	   4.8178027e+01	   5.1466959e+00	   5.1466959e+00	   1.8904367e-01	   4.9576523e+00	   0.0000000e+00	
   7.0000000e+00	   5.0000000e+01	   4.8896109e+01	   4.8918621e+01	   5.1610446e+00	   5.1610446e+00	   1.6558365e-01	   4.9954610e+00	   0.0000000e+00	
   7.1000000e+00	   5.0000000e+01	   4.9951810e+01	   4.9741407e+01	   5.0358062e+00	   5.0358062e+00	   7.2285019e-03	   5.0285777e+00	   0.0000000e+00	
   7.2000000e+00	   5.0000000e+01	   5.0000685e+01	   4.9975491e+01	   5.0299207e+00	   5.0299207e+00	  -1.0275489e-04	   5.0300234e+00	  -0.0000000e+00	
   7.3000000e+00	   5.0000000e+01	   4.8368259e+01	   4.9062251e+01	   5.2747641e+00	   5.2747641e+00	   2.4476122e-01	   5.0300029e+00	   0.0000000e+00	
   7.4000000e+00	   5.0000000e+01	   5.0714261e+01	   4.9453569e+01	   4.9718160e+00	   4.9718160e+00	  -1.0713910e-01	   5.0789551e+00	  -0.0000000e+00	
   7.5000000e+00	   5.0000000e+01	   4.9052509e+01	   5.0276422e+01	   5.1996509e+00	   5.1996509e+00	   1.4212363e-01	   5.0575273e+00	   0.0000000e+00	
   7.6000000e+00	   5.0000000e+01	   5.1281211e+01	   4.9973830e+01	   4.8937703e+00	   4.8937703e+00	  -1.9218168e-01	   5.0859520e+00	  -0.0000000e+00	
   7.7000000e+00	   5.0000000e+01	   4.7840408e+01	   4.9567796e+01	   5.3714545e+00	   5.3714545e+00	   3.2393879e-01	   5.0475157e+00	   0.0000000e+00	
   7.8000000e+00	   5.0000000e+01	   5.0098435e+01	   4.8626599e+01	   5.0975382e+00	   5.0975382e+00	  -1.4765268e-02	   5.1123034e+00	  -0.0000000e+00	
   7.9000000e+00	   5.0000000e+01	   5.0899986e+01	   5.1069154e+01	   4.9743525e+00	   4.9743525e+00	  -1.3499788e-01	   5.1093504e+00	  -0.0000000e+00	
   8.0000000e+00	   5.0000000e+01	   4.8172758e+01	   4.9390390e+01	   5.3564371e+00	   5.3564371e+00	   2.7408625e-01	   5.0823508e+00	   0.0000000e+00	
   8.1000000e+00	   5.0000000e+01	   5.0274385e+01	   4.8670767e+01	   5.0960103e+00	   5.0960103e+00	  -4.1157793e-02	   5.1371681e+00	  -0.0000000e+00	
   8.2000000e+00	   5.0000000e+01	   5.0098435e+01	   5.1016957e+01	   5.1141712e+00	   5.1141712e+00	  -1.4765268e-02	   5.1289365e+00	  -0.0000000e+00	
   8.3000000e+00	   5.0000000e+01	   4.9951810e+01	   4.9656664e+01	   5.1332119e+00	   5.1332119e+00	   7.2285019e-03	   5.1259834e+00	   0.0000000e+00	
   8.4000000e+00	   5.0000000e+01	   4.9942035e+01	   4.9936902e+01	   5.1361239e+00	   5.1361239e+00	   8.6947532e-03	   5.1274291e+00	   0.0000000e+00	
   8.5000000e+00	   5.0000000e+01	   5.0020235e+01	   5.0121915e+01	   5.1261328e+00	   5.1261328e+00	  -3.0352576e-03	   5.1291681e+00	  -0.0000000e+00	
   8.6000000e+00	   5.0000000e+01	   5.0000685e+01	   4.9875960e+01	   5.1284583e+00	   5.1284583e+00	  -1.0275489e-04	   5.1285610e+00	  -0.0000000e+00	
   8.7000000e+00	   5.0000000e+01	   4.8837459e+01	   4.9362453e+01	   5.3029216e+00	   5.3029216e+00	   1.7438116e-01	   5.1285405e+00	   0.0000000e+00	
   8.8000000e+00	   5.0000000e+01	   4.9775860e+01	   4.9151532e+01	   5.1970377e+00	   5.1970377e+00	   3.3621026e-02	   5.1634167e+00	   0.0000000e+00	
   8.9000000e+00	   5.0000000e+01	   4.9130709e+01	   4.9648307e+01	   5.3005345e+00	   5.3005345e+00	   1.3039362e-01	   5.1701409e+00	   0.0000000e+00	
   9.0000000e+00	   5.0000000e+01	   5.0596961e+01	   4.9879581e+01	   5.1066756e+00	   5.1066756e+00	  -8.9544087e-02	   5.1962197e+00	  -0.0000000e+00	
   9.1000000e+00	   5.0000000e+01	   5.1154136e+01	   5.1227668e+01	   5.0051904e+00	   5.0051904e+00	  -1.7312041e-01	   5.1783108e+00	  -0.0000000e+00	
   9.2000000e+00	   5.0000000e+01	   5.2512862e+01	   5.2108377e+01	   4.7667574e+00	   4.7667574e+00	  -3.7692935e-01	   5.1436868e+00	  -0.0000000e+00	
   9.3000000e+00	   5.0000000e+01	   5.0411235e+01	   5.1294735e+01	   5.0066156e+00	   5.0066156e+00	  -6.1685312e-02	   5.0683009e+00	  -0.0000000e+00	
   9.4000000e+00	   5.0000000e+01	   4.9942035e+01	   4.9743862e+01	   5.0646586e+00	   5.0646586e+00	   8.6947532e-03	   5.0559638e+00	   0.0000000e+00	
   9.5000000e+00	   5.0000000e+01	   4.8905884e+01	   4.9247896e+01	   5.2218202e+00	   5.2218202e+00	   1.6411740e-01	   5.0577028e+00	   0.0000000e+00	
   9.6000000e+00	   5.0000000e+01	   4.9463060e+01	   4.9187101e+01	   5.1710673e+00	   5.1710673e+00	   8.0541069e-02	   5.0905262e+00	   0.0000000e+00	
   9.7000000e+00	   5.0000000e+01	   4.8817909e+01	   4.9099073e+01	   5.2839481e+00	   5.2839481e+00	   1.7731366e-01	   5.1066345e+00	   0.0000000e+00	
   9.8000000e+00	   5.0000000e+01	   4.8231408e+01	   4.8381614e+01	   5.4073859e+00	   5.4073859e+00	   2.6528874e-01	   5.1420972e+00	   0.0000000e+00	
   9.9000000e+00	   5.0000000e+01	   4.9922485e+01	   4.9156800e+01	   5.2067822e+00	   5.2067822e+00	   1.1627256e-02	   5.1951549e+00	   0.0000000e+00	
   1.0000000e+01	   5.0000000e+01	   5.0655611e+01	   5.0821643e+01	   5.0991388e+00	   5.0991388e+00	  -9.8341595e-02	   5.1974804e+00	  -0.0000000e+00	
