   0.0000000e+00	   9.3013981e-01	   1.2717684e-01	   1.4440430e+02	   1.9744217e+01	
   5.0000000e-01	  -3.2901166e+01	  -4.2789587e+00	   8.6572266e+01	   4.5926147e+01	
   1.0000000e+00	  -4.4836452e+01	  -1.3737812e+01	  -4.0583496e+01	   3.9655285e+01	
   1.5000000e+00	  -4.8189280e+01	  -2.2700395e+01	  -1.8000000e+02	  -1.3488515e+00	
   2.0000000e+00	  -4.8902856e+01	  -2.9768088e+01	   3.9243164e+01	  -2.0225502e+01	
   2.5000000e+00	  -4.9616432e+01	  -3.5098199e+01	  -1.0803955e+02	  -2.4101131e+01	
   3.0000000e+00	  -4.9186331e+01	  -3.9009511e+01	   1.1469727e+02	  -1.6600195e+01	
   3.5000000e+00	  -4.8570506e+01	  -4.1708238e+01	  -3.5441895e+01	  -1.2242612e+00	
   4.0000000e+00	  -4.9303631e+01	  -4.3685016e+01	  -1.8000000e+02	  -3.0346576e+01	
   4.5000000e+00	  -4.8961506e+01	  -4.5174690e+01	   3.9968262e+01	  -4.1194440e+01	
   5.0000000e+00	  -4.9655532e+01	  -4.6305116e+01	  -1.1129150e+02	  -3.9681450e+01	
   5.5000000e+00	   1.8593581e+01	  -3.7889697e+01	  -1.3981201e+02	  -6.3163327e+01	
   6.0000000e+00	   3.9629400e+01	  -1.9567722e+01	  -4.2407227e+01	  -7.0805449e+01	
   6.5000000e+00	   4.7341883e+01	  -2.3253086e+00	   9.8261719e+01	  -4.3806256e+01	
   7.0000000e+00	   4.8778809e+01	   1.1453025e+01	  -1.3144043e+02	  -3.6363591e+01	
   7.5000000e+00	   4.9785635e+01	   2.1797702e+01	   1.8940430e+01	  -4.1801678e+01	
   8.0000000e+00	   4.9805185e+01	   2.9453884e+01	   1.7529785e+02	  -3.8127424e+00	
   8.5000000e+00	   4.9580360e+01	   3.4988359e+01	  -5.3217773e+01	   1.3921735e+01	
   9.0000000e+00	   4.9463060e+01	   3.8962613e+01	   9.9206543e+01	   1.6402719e+01	
   9.5000000e+00	   4.7850183e+01	   4.1613512e+01	  -1.2478271e+02	   8.4202753e+00	
   1.0000000e+01	   4.9101384e+01	   4.3490051e+01	   2.8564453e+01	  -7.0381132e+00	
