   0.0000000e+00	   5.0000000e+00	  -2.8196131e-01	  -1.5503906e+02	
   1.0000000e-02	   5.0000000e+00	  -5.7136101e-02	  -1.5503906e+02	
   2.0000000e-02	   5.0000000e+00	  -2.7811074e-02	  -1.5281982e+02	
   3.0000000e-02	   5.0000000e+00	   1.8685407e+00	  -1.5536865e+02	
   4.0000000e-02	   5.0000000e+00	   2.3866162e+00	  -1.5499512e+02	
   5.0000000e-02	   5.0000000e+00	   3.1001918e+00	  -1.5363281e+02	
   6.0000000e-02	   5.0000000e+00	   3.6475923e+00	  -1.5431396e+02	
   7.0000000e-02	   5.0000000e+00	   4.8205934e+00	  -1.5389648e+02	
   8.0000000e-02	   5.0000000e+00	   6.1597696e+00	  -1.5466553e+02	
   9.0000000e-02	   5.0000000e+00	   6.4432449e+00	  -1.4939209e+02	
   1.0000000e-01	   5.0000000e+00	   8.0756714e+00	  -1.5216064e+02	
   1.1000000e-01	   5.0000000e+00	   8.6328469e+00	  -1.5035889e+02	
   1.2000000e-01	   5.0000000e+00	   8.1831965e+00	  -1.5016113e+02	
   1.3000000e-01	   5.0000000e+00	   8.9065472e+00	  -1.4994141e+02	
   1.4000000e-01	   5.0000000e+00	   9.9231481e+00	  -1.4945801e+02	
   1.5000000e-01	   5.0000000e+00	   1.0402124e+01	  -1.4833740e+02	
   1.6000000e-01	   5.0000000e+00	   1.1878150e+01	  -1.4754639e+02	
   1.7000000e-01	   5.0000000e+00	   1.3862477e+01	  -1.4545898e+02	
   1.8000000e-01	   5.0000000e+00	   1.3657202e+01	  -1.4203125e+02	
   1.9000000e-01	   5.0000000e+00	   1.5455803e+01	  -1.4677734e+02	
   2.0000000e-01	   5.0000000e+00	   1.5426478e+01	  -1.4381104e+02	
   2.1000000e-01	   5.0000000e+00	   1.6892730e+01	  -1.4117432e+02	
   2.2000000e-01	   5.0000000e+00	   1.7909330e+01	  -1.3913086e+02	
   2.3000000e-01	   5.0000000e+00	   1.8358981e+01	  -1.3906494e+02	
   2.4000000e-01	   5.0000000e+00	   1.8007081e+01	  -1.4099854e+02	
   2.5000000e-01	   5.0000000e+00	   1.9395132e+01	  -1.3946045e+02	
   2.6000000e-01	   5.0000000e+00	   1.9786132e+01	  -1.3541748e+02	
   2.7000000e-01	   5.0000000e+00	   2.0382408e+01	  -1.3515381e+02	
   2.8000000e-01	   5.0000000e+00	   2.2093034e+01	  -1.3155029e+02	
   2.9000000e-01	   5.0000000e+00	   1.9649282e+01	  -1.3034180e+02	
   3.0000000e-01	   5.0000000e+00	   2.1135083e+01	  -1.3020996e+02	
   3.1000000e-01	   5.0000000e+00	   2.1174183e+01	  -1.2873779e+02	
   3.2000000e-01	   5.0000000e+00	   2.1946409e+01	  -1.2722168e+02	
   3.3000000e-01	   5.0000000e+00	   2.3451761e+01	  -1.2489258e+02	
   3.4000000e-01	   5.0000000e+00	   2.5524062e+01	  -1.2218994e+02	
   3.5000000e-01	   5.0000000e+00	   2.3549511e+01	  -1.2385986e+02	
   3.6000000e-01	   5.0000000e+00	   2.6550438e+01	  -1.2060791e+02	
   3.7000000e-01	   5.0000000e+00	   2.8016690e+01	  -1.1898193e+02	
   3.8000000e-01	   5.0000000e+00	   2.6892564e+01	  -1.2098145e+02	
   3.9000000e-01	   5.0000000e+00	   2.7625689e+01	  -1.1535645e+02	
   4.0000000e-01	   5.0000000e+00	   2.6208313e+01	  -1.1357666e+02	
   4.1000000e-01	   5.0000000e+00	   2.8974641e+01	  -1.1124756e+02	
   4.2000000e-01	   5.0000000e+00	   2.9189691e+01	  -1.1212646e+02	
   4.3000000e-01	   5.0000000e+00	   2.8065565e+01	  -1.0970947e+02	
   4.4000000e-01	   5.0000000e+00	   2.9111491e+01	  -1.0749023e+02	
   4.5000000e-01	   5.0000000e+00	   3.0831892e+01	  -1.0507324e+02	
   4.6000000e-01	   5.0000000e+00	   2.9737091e+01	  -1.0351318e+02	
   4.7000000e-01	   5.0000000e+00	   3.2171069e+01	  -1.0034912e+02	
   4.8000000e-01	   5.0000000e+00	   3.1975568e+01	  -9.9074707e+01	
   4.9000000e-01	   5.0000000e+00	   3.2689144e+01	  -9.6481934e+01	
   5.0000000e-01	   5.0000000e+00	   3.3256095e+01	  -9.3845215e+01	
   5.1000000e-01	   5.0000000e+00	   3.2738019e+01	  -9.3251953e+01	
   5.2000000e-01	   5.0000000e+00	   3.3256095e+01	  -9.3801270e+01	
   5.3000000e-01	   5.0000000e+00	   3.3471145e+01	  -8.9450684e+01	
   5.4000000e-01	   5.0000000e+00	   3.2405669e+01	  -8.6989746e+01	
   5.5000000e-01	   5.0000000e+00	   3.4292246e+01	  -8.4375000e+01	
   5.6000000e-01	   5.0000000e+00	   3.4517071e+01	  -8.3781738e+01	
   5.7000000e-01	   5.0000000e+00	   3.4790771e+01	  -8.0222168e+01	
   5.8000000e-01	   5.0000000e+00	   3.5338172e+01	  -7.8618164e+01	
   5.9000000e-01	   5.0000000e+00	   3.6599148e+01	  -7.6333008e+01	
   6.0000000e-01	   5.0000000e+00	   3.6608923e+01	  -7.4003906e+01	
   6.1000000e-01	   5.0000000e+00	   3.6247247e+01	  -7.2136230e+01	
   6.2000000e-01	   5.0000000e+00	   3.6706673e+01	  -6.9433594e+01	
   6.3000000e-01	   5.0000000e+00	   3.7928549e+01	  -6.6467285e+01	
   6.4000000e-01	   5.0000000e+00	   3.9404575e+01	  -6.4885254e+01	
   6.5000000e-01	   5.0000000e+00	   3.6139722e+01	  -6.3742676e+01	
   6.6000000e-01	   5.0000000e+00	   3.7527774e+01	  -6.1281738e+01	
   6.7000000e-01	   5.0000000e+00	   3.9580525e+01	  -5.8337402e+01	
   6.8000000e-01	   5.0000000e+00	   3.7410473e+01	  -5.7282715e+01	
   6.9000000e-01	   5.0000000e+00	   3.9707601e+01	  -5.2998047e+01	
   7.0000000e-01	   5.0000000e+00	   3.8974475e+01	  -5.0822754e+01	
   7.1000000e-01	   5.0000000e+00	   3.9297050e+01	  -4.7043457e+01	
   7.2000000e-01	   5.0000000e+00	   4.0098601e+01	  -4.7395020e+01	
   7.3000000e-01	   5.0000000e+00	   4.0988127e+01	  -4.4758301e+01	
   7.4000000e-01	   5.0000000e+00	   3.9756476e+01	  -4.2824707e+01	
   7.5000000e-01	   5.0000000e+00	   3.9639175e+01	  -4.0759277e+01	
   7.6000000e-01	   5.0000000e+00	   4.0147476e+01	  -3.7331543e+01	
   7.7000000e-01	   5.0000000e+00	   4.0841502e+01	  -3.2277832e+01	
   7.8000000e-01	   5.0000000e+00	   4.2004728e+01	  -3.2783203e+01	
   7.9000000e-01	   5.0000000e+00	   4.1564852e+01	  -2.6411133e+01	
   8.0000000e-01	   5.0000000e+00	   4.1906978e+01	  -2.8212891e+01	
   8.1000000e-01	   5.0000000e+00	   4.2297978e+01	  -2.3928223e+01	
   8.2000000e-01	   5.0000000e+00	   4.2170903e+01	  -2.3576660e+01	
   8.3000000e-01	   5.0000000e+00	   4.2933354e+01	  -1.9094238e+01	
   8.4000000e-01	   5.0000000e+00	   4.1809227e+01	  -1.5908203e+01	
   8.5000000e-01	   5.0000000e+00	   4.3158179e+01	  -1.3205566e+01	
   8.6000000e-01	   5.0000000e+00	   4.2640103e+01	  -1.1535645e+01	
   8.7000000e-01	   5.0000000e+00	   4.3431879e+01	  -1.0107422e+01	
   8.8000000e-01	   5.0000000e+00	   4.2034053e+01	  -7.4926758e+00	
   8.9000000e-01	   5.0000000e+00	   4.3871754e+01	  -2.5268555e+00	
   9.0000000e-01	   5.0000000e+00	   4.3969504e+01	  -1.0327148e+00	
   9.1000000e-01	   5.0000000e+00	   4.5416206e+01	   2.3291016e+00	
   9.2000000e-01	   5.0000000e+00	   4.4859030e+01	   3.2519531e+00	
   9.3000000e-01	   5.0000000e+00	   4.3705579e+01	   1.0744629e+01	
   9.4000000e-01	   5.0000000e+00	   4.3519854e+01	   1.0480957e+01	
   9.5000000e-01	   5.0000000e+00	   4.4731955e+01	   1.3513184e+01	
   9.6000000e-01	   5.0000000e+00	   4.4653755e+01	   1.4040527e+01	
   9.7000000e-01	   5.0000000e+00	   4.4409380e+01	   1.5358887e+01	
   9.8000000e-01	   5.0000000e+00	   4.3910854e+01	   2.1599121e+01	
   9.9000000e-01	   5.0000000e+00	   4.3861979e+01	   2.4960938e+01	
   1.0000000e+00	   5.0000000e+00	   4.2219778e+01	   2.7597656e+01	
