   0.0000000e+00	  -5.0000000e+01	  -3.4277344e+00	  -4.6572266e+00	  -7.1206170e-01	  -7.1206170e-01	  -2.0855804e-01	  -3.9451649e-01	
   5.0000000e-01	  -5.0000000e+01	  -5.8227539e+00	  -4.4177246e+00	  -2.6181885e+00	  -2.6181885e+00	  -1.1839657e+00	  -1.7995361e-01	
   1.0000000e+00	  -5.0000000e+01	  -1.4985352e+01	  -3.5014648e+00	  -2.8723387e+00	  -2.8723387e+00	  -2.5477630e+00	  -6.2912615e-02	
   1.5000000e+00	  -5.0000000e+01	  -2.1379395e+01	  -2.8620605e+00	  -8.4891183e-01	  -8.4891183e-01	  -2.4949308e+00	  -2.0131487e-01	
   2.0000000e+00	  -5.0000000e+01	  -2.3400879e+01	  -2.6599121e+00	  -1.2692372e+00	  -1.2692372e+00	  -1.2731935e+00	  -1.3906749e-01	
   2.5000000e+00	  -5.0000000e+01	  -2.6652832e+01	  -2.3347168e+00	  -1.2790122e+00	  -1.2790122e+00	  -9.3869402e-01	  -1.0557046e-01	
   3.0000000e+00	  -5.0000000e+01	  -3.0366211e+01	  -1.9633789e+00	  -9.6621194e-01	  -9.6621194e-01	  -1.1855304e+00	  -9.9716697e-02	
   3.5000000e+00	  -5.0000000e+01	  -3.2915039e+01	  -1.7084961e+00	  -1.2790122e+00	  -1.2790122e+00	  -1.1541674e+00	  -4.2948387e-02	
   4.0000000e+00	  -5.0000000e+01	  -3.1179199e+01	  -1.8820801e+00	  -6.7296167e-01	  -6.7296167e-01	  -1.0259260e+00	  -1.2091184e-01	
   4.5000000e+00	  -5.0000000e+01	  -3.0410156e+01	  -1.9589844e+00	  -7.8048677e-01	  -7.8048677e-01	  -7.9940128e-01	  -1.1784976e-01	
   5.0000000e+00	   5.0000000e+01	  -3.2102051e+01	   8.2102051e+00	  -8.0981179e-01	  -8.0981179e-01	  -7.1547178e-01	   9.0200169e-01	
   5.5000000e+00	   5.0000000e+01	  -2.5224609e+01	   7.5224609e+00	   4.0581427e+00	   4.0581427e+00	   6.2278200e-01	   3.4643182e-01	
   6.0000000e+00	   5.0000000e+01	  -4.7900391e+00	   5.4790039e+00	   5.2995688e+00	   5.2995688e+00	   3.8149799e+00	   1.7943507e-02	
   6.5000000e+00	   5.0000000e+01	   3.8232422e+00	   4.6176758e+00	   3.9251431e-01	   3.9251431e-01	   4.3011303e+00	   4.2251615e-01	
   7.0000000e+00	   5.0000000e+01	   1.3645020e+01	   3.6354980e+00	   3.6182673e+00	   3.6182673e+00	   2.1873562e+00	   1.7230760e-03	
   7.5000000e+00	   5.0000000e+01	   2.2478027e+01	   2.7521973e+00	   6.5643956e-01	   6.5643956e-01	   1.6888061e+00	   2.0957577e-01	
   8.0000000e+00	   5.0000000e+01	   2.8344727e+01	   2.1655273e+00	   3.3250170e+00	   3.3250170e+00	   2.0428833e+00	  -1.1594897e-01	
   8.5000000e+00	   5.0000000e+01	   3.0190430e+01	   1.9809570e+00	   3.2408925e-01	   3.2408925e-01	   1.9451868e+00	   1.6568678e-01	
   9.0000000e+00	   5.0000000e+01	   3.0761719e+01	   1.9238281e+00	   6.0756451e-01	   6.0756451e-01	   9.9117019e-01	   1.3162636e-01	
   9.5000000e+00	   5.0000000e+01	   2.9904785e+01	   2.0095215e+00	  -4.9701151e-01	  -4.9701151e-01	  -2.8485996e-02	   2.5065330e-01	
   1.0000000e+01	   5.0000000e+01	   3.0036621e+01	   1.9963379e+00	   1.4813909e-01	   1.4813909e-01	  -2.3986006e-01	   1.8481988e-01	
