   0.0000000e+00	  -5.0000000e+01	   3.4541016e+01	  -8.4541016e+00	  -4.2858644e-01	  -4.2858644e-01	  -1.2553006e-01	  -8.0255151e-01	
   5.0000000e-01	  -5.0000000e+01	   2.7333984e+01	  -7.7333984e+00	  -3.9671397e+00	  -3.9671397e+00	  -1.4130084e+00	  -3.7662587e-01	
   1.0000000e+00	  -5.0000000e+01	   1.2370605e+01	  -6.2370605e+00	  -5.2085658e+00	  -5.2085658e+00	  -3.9534428e+00	  -1.0284947e-01	
   1.5000000e+00	  -5.0000000e+01	  -1.3183594e-01	  -4.9868164e+00	  -3.8009646e+00	  -3.8009646e+00	  -5.0838984e+00	  -1.1858519e-01	
   2.0000000e+00	  -5.0000000e+01	  -2.8784180e+00	  -4.7121582e+00	  -1.4451874e+00	  -1.4451874e+00	  -3.4970891e+00	  -3.2669708e-01	
   2.5000000e+00	  -5.0000000e+01	  -1.3623047e+01	  -3.6376953e+00	  -3.9964647e+00	  -3.9964647e+00	  -2.2581263e+00	   3.5876942e-02	
   3.0000000e+00	  -5.0000000e+01	  -1.7731934e+01	  -3.2268066e+00	  -1.1578615e-01	  -1.1578615e-01	  -2.1982678e+00	  -3.1110205e-01	
   3.5000000e+00	  -5.0000000e+01	  -1.9313965e+01	  -3.0686035e+00	  -1.7482127e+00	  -1.7482127e+00	  -1.3629698e+00	  -1.3203909e-01	
   4.0000000e+00	  -5.0000000e+01	  -2.9223633e+01	  -2.0776367e+00	  -1.3376623e+00	  -1.3376623e+00	  -1.0726213e+00	  -7.3997444e-02	
   4.5000000e+00	  -5.0000000e+01	  -2.9685059e+01	  -2.0314941e+00	  -5.1656152e-01	  -5.1656152e-01	  -1.2130728e+00	  -1.5149326e-01	
   5.0000000e+00	   5.0000000e+01	  -2.9223633e+01	   7.9223633e+00	  -1.0346370e+00	  -1.0346370e+00	  -8.1339238e-01	   8.9570003e-01	
   5.5000000e+00	   5.0000000e+01	  -2.2785645e+01	   7.2785645e+00	   5.9642694e+00	   5.9642694e+00	   1.1976508e+00	   1.3142950e-01	
   6.0000000e+00	   5.0000000e+01	  -8.2177734e+00	   5.8217773e+00	   2.6212164e+00	   2.6212164e+00	   4.0980426e+00	   3.2005610e-01	
   6.5000000e+00	   5.0000000e+01	   5.0097656e+00	   4.4990234e+00	   3.5889423e+00	   3.5889423e+00	   4.1280595e+00	   9.1008118e-02	
   7.0000000e+00	   5.0000000e+01	   1.0568848e+01	   3.9431152e+00	   1.9858408e+00	   1.9858408e+00	   2.7486166e+00	   1.9572745e-01	
   7.5000000e+00	   5.0000000e+01	   2.3488770e+01	   2.6511230e+00	   1.9760658e+00	   1.9760658e+00	   2.0849687e+00	   6.7505727e-02	
   8.0000000e+00	   5.0000000e+01	   2.4851074e+01	   2.5148926e+00	   1.5557404e+00	   1.5557404e+00	   1.7232696e+00	   9.5915219e-02	
   8.5000000e+00	   5.0000000e+01	   2.9597168e+01	   2.0402832e+00	   9.1058979e-01	   9.1058979e-01	   1.3990894e+00	   1.1296934e-01	
   9.0000000e+00	   5.0000000e+01	   3.7265625e+01	   1.2734375e+00	   2.1129159e+00	   2.1129159e+00	   1.3122694e+00	  -8.3947840e-02	
   9.5000000e+00	   5.0000000e+01	   3.5068359e+01	   1.4931641e+00	  -1.8421122e-01	  -1.8421122e-01	   1.2104230e+00	   1.6773753e-01	
   1.0000000e+01	   5.0000000e+01	   3.5859375e+01	   1.4140625e+00	  -7.6686119e-02	  -7.6686119e-02	   2.6333963e-01	   1.4907486e-01	
