   0.0000000e+00	  -1.4015381e+01	  -6.6318666e-01	  -9.0676674e-02	  -5.0000000e+01	   9.0153809e+01	   1.2326616e+01	  -1.3352194e+00	
   5.0000000e-01	  -1.2604736e+01	  -1.0184045e+01	  -1.5490088e+00	  -5.0000000e+01	   7.6047363e+01	   3.1680287e+01	  -2.4206909e-01	
   1.0000000e+00	  -1.0093262e+01	  -6.9876175e+00	  -3.4732805e+00	  -5.0000000e+01	   5.0932617e+01	   4.0378888e+01	  -3.1056442e-01	
   1.5000000e+00	  -8.2080078e+00	  -5.5115911e+00	  -4.2324870e+00	  -5.0000000e+01	   3.2080078e+01	   4.0687200e+01	  -2.6964167e-01	
   2.0000000e+00	  -7.4675293e+00	  -2.9798638e+00	  -4.2361077e+00	  -5.0000000e+01	   2.4675293e+01	   3.7321072e+01	  -4.4876655e-01	
   2.5000000e+00	  -5.6350098e+00	  -6.4499920e+00	  -4.3670447e+00	  -5.0000000e+01	   6.3500977e+00	   3.1357408e+01	   8.1498223e-02	
   3.0000000e+00	  -5.2834473e+00	   3.0838980e-02	  -4.0505264e+00	  -5.0000000e+01	   2.8344727e+00	   2.4038285e+01	  -5.3142862e-01	
   3.5000000e+00	  -4.3913574e+00	  -4.4363401e+00	  -3.5452383e+00	  -5.0000000e+01	  -6.0864258e+00	   1.7020201e+01	   4.4982715e-03	
   4.0000000e+00	  -3.2729492e+00	  -2.5302134e+00	  -3.5282944e+00	  -5.0000000e+01	  -1.7270508e+01	   9.1723359e+00	  -7.4273584e-02	
   4.5000000e+00	  -3.2158203e+00	  -7.4138673e-01	  -3.0107777e+00	  -5.0000000e+01	  -1.7841797e+01	   1.8632311e+00	  -2.4744336e-01	
   5.0000000e+00	   7.3400879e+00	  -2.5693134e+00	  -2.6401259e+00	   5.0000000e+01	  -2.3400879e+01	  -4.2853423e+00	   9.9094013e-01	
   5.5000000e+00	   6.1601563e+00	   5.4461940e+00	  -1.5248115e+00	   5.0000000e+01	  -1.1601563e+01	  -7.8993230e+00	   7.1396228e-02	
   6.0000000e+00	   4.6154785e+00	   4.6544182e+00	   2.7320354e-01	   5.0000000e+01	   3.8452148e+00	  -6.7997097e+00	  -3.8939726e-03	
   6.5000000e+00	   4.4089355e+00	   4.1206433e-01	   8.9122775e-01	   5.0000000e+01	   5.9106445e+00	  -3.6063720e+00	   3.9968712e-01	
   7.0000000e+00	   3.1850586e+00	   2.9633417e+00	   1.1090299e+00	   5.0000000e+01	   1.8149414e+01	   6.6951880e-01	   2.2171691e-02	
   7.5000000e+00	   2.3281250e+00	   6.9939016e-02	   1.2204940e+00	   5.0000000e+01	   2.6718750e+01	   6.6212012e+00	   2.2581860e-01	
   8.0000000e+00	   1.9721680e+00	   2.2106660e+00	   1.1985650e+00	   5.0000000e+01	   3.0278320e+01	   1.2603722e+01	  -2.3849802e-02	
   8.5000000e+00	   1.1372070e+00	   8.0306469e-01	   1.2828721e+00	   5.0000000e+01	   3.8627930e+01	   1.8578604e+01	   3.3414234e-02	
   9.0000000e+00	   1.3305664e+00	  -1.0150870e+00	   9.0307157e-01	   5.0000000e+01	   3.6694336e+01	   2.3796864e+01	   2.3456534e-01	
   9.5000000e+00	   1.6601563e+00	  -1.8361877e+00	   2.6626871e-01	   5.0000000e+01	   3.3398438e+01	   2.6873130e+01	   3.4963440e-01	
   1.0000000e+01	   8.6035156e-01	   2.9144666e+00	   3.4088725e-01	   5.0000000e+01	   4.1396484e+01	   2.9751087e+01	  -2.0541151e-01	
