   0.0000000e+00	  -9.6236137e-02	  -1.3158245e-02	   7.1586914e+01	   9.7879883e+00	
   5.0000000e-01	  -3.2246241e+01	  -4.4317060e+00	   1.6347656e+01	   1.9134572e+01	
   1.0000000e+00	  -4.4318377e+01	  -1.3688406e+01	  -1.0485352e+02	   1.8007863e+00	
   1.5000000e+00	  -4.8159955e+01	  -2.2589655e+01	   1.2656250e+02	   4.2765898e+00	
   2.0000000e+00	  -4.7944905e+01	  -2.9552641e+01	  -2.5993652e+01	   1.6857776e+01	
   2.5000000e+00	  -4.8375006e+01	  -3.4640950e+01	  -1.7687988e+02	  -1.5490751e+01	
   3.0000000e+00	  -4.8824656e+01	  -3.8458110e+01	   4.4318848e+01	  -2.9379592e+01	
   3.5000000e+00	  -4.9069031e+01	  -4.1326333e+01	  -1.0210693e+02	  -2.9246815e+01	
   4.0000000e+00	  -4.8951731e+01	  -4.3427593e+01	   1.2410156e+02	  -1.8241757e+01	
   4.5000000e+00	  -4.8482531e+01	  -4.4874057e+01	  -3.0717773e+01	  -4.8516493e-01	
   5.0000000e+00	  -4.8345681e+01	  -4.5842110e+01	  -1.8000000e+02	  -2.9163668e+01	
   5.5000000e+00	   1.8398081e+01	  -3.7400940e+01	   1.6998047e+02	  -2.2558603e+01	
   6.0000000e+00	   3.8749650e+01	  -1.9359636e+01	  -1.1065430e+02	  -8.2781918e+00	
   6.5000000e+00	   4.7410308e+01	  -2.2850571e+00	   2.4213867e+01	  -1.7833349e+01	
   7.0000000e+00	   4.7400533e+01	   1.1303175e+01	   1.7756104e+02	   1.4631741e+01	
   7.5000000e+00	   4.8847234e+01	   2.1372073e+01	  -4.7658691e+01	   2.8391965e+01	
   8.0000000e+00	   4.7077957e+01	   2.8643450e+01	   1.0010742e+02	   2.7799219e+01	
   8.5000000e+00	   4.8123883e+01	   3.3827512e+01	  -1.2346436e+02	   1.7003751e+01	
   9.0000000e+00	   4.7224582e+01	   3.7614001e+01	   2.6499023e+01	  -9.0399926e-01	
   9.5000000e+00	   4.7801308e+01	   4.0320941e+01	   1.7573730e+02	   2.6994724e+01	
   1.0000000e+01	   4.6618532e+01	   4.2204784e+01	  -4.6296387e+01	   3.7311108e+01	
