   0.0000000e+00	  -5.0000000e+01	   1.4934814e+02	   2.0420183e+01	  -1.0000000e+01	  -1.9934814e+01	  -1.9934814e+01	   0.0000000e+00	  -0.0000000e+00	
   5.0000000e-01	  -5.0000000e+01	   3.3046875e+01	   3.9774772e+01	  -8.3046875e+00	  -8.3046875e+00	  -8.3046875e+00	   0.0000000e+00	  -0.0000000e+00	
   1.0000000e+00	  -5.0000000e+01	  -1.3359375e+01	   3.1589910e+01	  -3.6640625e+00	  -3.6640625e+00	  -3.6640625e+00	   0.0000000e+00	  -0.0000000e+00	
   1.5000000e+00	  -5.0000000e+01	  -1.2194824e+01	   1.9457420e+01	  -3.7805176e+00	  -3.7805176e+00	  -3.7805176e+00	   0.0000000e+00	  -0.0000000e+00	
   2.0000000e+00	  -5.0000000e+01	  -1.5268799e+02	  -8.4075755e+00	   1.0000000e+01	   1.0268799e+01	   1.0268799e+01	   0.0000000e+00	   0.0000000e+00	
   2.5000000e+00	  -5.0000000e+01	  -1.0639160e+02	  -4.1532086e+01	   5.6391602e+00	   5.6391602e+00	   5.6391602e+00	   0.0000000e+00	   0.0000000e+00	
   3.0000000e+00	  -5.0000000e+01	   6.0468750e+01	  -3.6453800e+01	  -1.0000000e+01	  -1.1046875e+01	  -1.1046875e+01	   0.0000000e+00	  -0.0000000e+00	
   3.5000000e+00	  -5.0000000e+01	   4.9833984e+01	  -1.1403683e+01	  -9.9833984e+00	  -9.9833984e+00	  -9.9833984e+00	   0.0000000e+00	  -0.0000000e+00	
   4.0000000e+00	  -5.0000000e+01	  -1.5545654e+02	  -2.2726899e+01	   1.0000000e+01	   1.0545654e+01	   1.0545654e+01	   0.0000000e+00	   0.0000000e+00	
   4.5000000e+00	  -5.0000000e+01	  -1.0898438e+01	  -3.9257565e+01	  -3.9101563e+00	  -3.9101563e+00	  -3.9101563e+00	   0.0000000e+00	  -0.0000000e+00	
   5.0000000e+00	   5.0000000e+01	  -1.6031250e+02	  -5.1931746e+01	   1.0000000e+01	   2.1031250e+01	   2.1031250e+01	   0.0000000e+00	   0.0000000e+00	
   5.5000000e+00	   5.0000000e+01	  -6.8840332e+01	  -6.9062399e+01	   1.0000000e+01	   1.1884033e+01	   1.1884033e+01	   0.0000000e+00	   0.0000000e+00	
   6.0000000e+00	   5.0000000e+01	   1.6235596e+02	  -3.7390497e+01	  -1.0000000e+01	  -1.1235596e+01	  -1.1235596e+01	   0.0000000e+00	  -0.0000000e+00	
   6.5000000e+00	   5.0000000e+01	  -1.7307861e+02	  -2.8631881e+01	   1.0000000e+01	   2.2307861e+01	   2.2307861e+01	   0.0000000e+00	   0.0000000e+00	
   7.0000000e+00	   5.0000000e+01	  -1.3247314e+02	  -6.2579985e+01	   1.0000000e+01	   1.8247314e+01	   1.8247314e+01	   0.0000000e+00	   0.0000000e+00	
   7.5000000e+00	   5.0000000e+01	   7.6794434e+01	  -5.3079900e+01	  -2.6794434e+00	  -2.6794434e+00	  -2.6794434e+00	   0.0000000e+00	  -0.0000000e+00	
   8.0000000e+00	   5.0000000e+01	  -1.6064209e+02	  -5.0029189e+01	   1.0000000e+01	   2.1064209e+01	   2.1064209e+01	   0.0000000e+00	   0.0000000e+00	
   8.5000000e+00	   5.0000000e+01	  -3.9353027e+01	  -6.3693413e+01	   8.9353027e+00	   8.9353027e+00	   8.9353027e+00	   0.0000000e+00	   0.0000000e+00	
   9.0000000e+00	   5.0000000e+01	  -1.8000000e+02	  -7.6267835e+01	   1.0000000e+01	   2.3000000e+01	   2.3000000e+01	   0.0000000e+00	   0.0000000e+00	
   9.5000000e+00	   5.0000000e+01	   7.6970215e+01	  -6.9498958e+01	  -2.6970215e+00	  -2.6970215e+00	  -2.6970215e+00	   0.0000000e+00	  -0.0000000e+00	
   1.0000000e+01	   5.0000000e+01	  -1.5435791e+02	  -6.1075071e+01	   1.0000000e+01	   2.0435791e+01	   2.0435791e+01	   0.0000000e+00	   0.0000000e+00	
