   0.0000000e+00	   2.1063971e-02	   4.2303544e-04	   1.4945801e+02	   5.8488265e+01	
   1.0000000e-02	  -1.0541870e+00	  -1.9665186e-02	   1.5101807e+02	   1.5446229e+02	
   2.0000000e-02	  -1.9925879e+00	  -1.1290711e-01	   1.5071045e+02	   1.6713323e+02	
   3.0000000e-02	  -2.2174131e+00	  -3.0937822e-01	   1.5020508e+02	   1.4382972e+02	
   4.0000000e-02	  -2.9114387e+00	  -5.9808744e-01	   1.5257813e+02	   1.5037258e+02	
   5.0000000e-02	  -4.0942148e+00	  -9.7890682e-01	   1.4719482e+02	   1.5207087e+02	
   6.0000000e-02	  -4.3972401e+00	  -1.4557410e+00	   1.4965576e+02	   1.4784047e+02	
   7.0000000e-02	  -5.6679913e+00	  -2.0172954e+00	   1.4673340e+02	   1.4774697e+02	
   8.0000000e-02	  -7.0462675e+00	  -2.6728816e+00	   1.4862305e+02	   1.4802519e+02	
   9.0000000e-02	  -7.3199678e+00	  -3.4224885e+00	   1.4855713e+02	   1.4825024e+02	
   1.0000000e-01	  -8.1019685e+00	  -4.2265564e+00	   1.4800781e+02	   1.4858552e+02	
   1.1000000e-01	  -8.5809440e+00	  -5.0474861e+00	   1.4833740e+02	   1.4809081e+02	
   1.2000000e-01	  -9.3922697e+00	  -5.8645203e+00	   1.4321777e+02	   1.4624747e+02	
   1.3000000e-01	  -1.0232920e+01	  -6.6725116e+00	   1.4526123e+02	   1.4394717e+02	
   1.4000000e-01	  -9.9885453e+00	  -7.4549471e+00	   1.4374512e+02	   1.4416070e+02	
   1.5000000e-01	  -1.0721671e+01	  -8.1799276e+00	   1.4660156e+02	   1.4526312e+02	
   1.6000000e-01	  -1.1845797e+01	  -8.8569345e+00	   1.4583252e+02	   1.4615533e+02	
   1.7000000e-01	  -1.2471398e+01	  -9.5212276e+00	   1.4192139e+02	   1.4459512e+02	
   1.8000000e-01	  -1.4133149e+01	  -1.0205080e+01	   1.3994385e+02	   1.4086098e+02	
   1.9000000e-01	  -1.4250449e+01	  -1.0928207e+01	   1.4086670e+02	   1.3982918e+02	
   2.0000000e-01	  -1.4573024e+01	  -1.1662996e+01	   1.3974609e+02	   1.4045153e+02	
   2.1000000e-01	  -1.5589625e+01	  -1.2381964e+01	   1.4066895e+02	   1.4026882e+02	
   2.2000000e-01	  -1.6860377e+01	  -1.3105863e+01	   1.3583496e+02	   1.3860652e+02	
   2.3000000e-01	  -1.7759677e+01	  -1.3864289e+01	   1.3669189e+02	   1.3616963e+02	
   2.4000000e-01	  -1.7241602e+01	  -1.4635172e+01	   1.3473633e+02	   1.3540934e+02	
   2.5000000e-01	  -1.8678528e+01	  -1.5378225e+01	   1.3423096e+02	   1.3477448e+02	
   2.6000000e-01	  -1.9665804e+01	  -1.6110878e+01	   1.3359375e+02	   1.3374777e+02	
   2.7000000e-01	  -2.0027480e+01	  -1.6853781e+01	   1.2930908e+02	   1.3187825e+02	
   2.8000000e-01	  -2.0574880e+01	  -1.7588927e+01	   1.3194580e+02	   1.3019913e+02	
   2.9000000e-01	  -2.0613980e+01	  -1.8290078e+01	   1.2930908e+02	   1.3054079e+02	
   3.0000000e-01	  -2.1513281e+01	  -1.8943725e+01	   1.2451904e+02	   1.2783698e+02	
   3.1000000e-01	  -2.2305057e+01	  -1.9567204e+01	   1.2504639e+02	   1.2419471e+02	
   3.2000000e-01	  -2.3673558e+01	  -2.0198597e+01	   1.2317871e+02	   1.2387741e+02	
   3.3000000e-01	  -2.3732208e+01	  -2.0856392e+01	   1.2284912e+02	   1.2332348e+02	
   3.4000000e-01	  -2.4836784e+01	  -2.1530299e+01	   1.2025635e+02	   1.2158681e+02	
   3.5000000e-01	  -2.4856334e+01	  -2.2206341e+01	   1.1961914e+02	   1.1992939e+02	
   3.6000000e-01	  -2.5853385e+01	  -2.2872436e+01	   1.1680664e+02	   1.1826792e+02	
   3.7000000e-01	  -2.6146635e+01	  -2.3524973e+01	   1.1566406e+02	   1.1630867e+02	
   3.8000000e-01	  -2.6312810e+01	  -2.4151533e+01	   1.1447754e+02	   1.1489879e+02	
   3.9000000e-01	  -2.7104586e+01	  -2.4739566e+01	   1.1458740e+02	   1.1447063e+02	
   4.0000000e-01	  -2.7045936e+01	  -2.5289612e+01	   1.1333496e+02	   1.1403646e+02	
   4.1000000e-01	  -2.8130962e+01	  -2.5806445e+01	   1.0720459e+02	   1.1094445e+02	
   4.2000000e-01	  -2.8394887e+01	  -2.6308163e+01	   1.0850098e+02	   1.0739118e+02	
   4.3000000e-01	  -2.8922738e+01	  -2.6802875e+01	   1.0197510e+02	   1.0537147e+02	
   4.4000000e-01	  -2.9704738e+01	  -2.7295560e+01	   1.0441406e+02	   1.0316775e+02	
   4.5000000e-01	  -3.0203264e+01	  -2.7799388e+01	   1.0083252e+02	   1.0233109e+02	
   4.6000000e-01	  -3.0271689e+01	  -2.8306993e+01	   9.8305664e+01	   1.0023422e+02	
   4.7000000e-01	  -3.0936390e+01	  -2.8802352e+01	   9.7075195e+01	   9.7312091e+01	
   4.8000000e-01	  -3.1405590e+01	  -2.9287560e+01	   9.4416504e+01	   9.5810155e+01	
   4.9000000e-01	  -3.1620640e+01	  -2.9763793e+01	   9.2944336e+01	   9.3798839e+01	
   5.0000000e-01	  -3.1874790e+01	  -3.0219178e+01	   9.3735352e+01	   9.2953066e+01	
   5.1000000e-01	  -3.2656791e+01	  -3.0654842e+01	   8.7209473e+01	   9.1148633e+01	
   5.2000000e-01	  -3.2969591e+01	  -3.1085656e+01	   8.5737305e+01	   8.6606857e+01	
   5.3000000e-01	  -3.2695891e+01	  -3.1501524e+01	   8.6264648e+01	   8.5138839e+01	
   5.4000000e-01	  -3.3477892e+01	  -3.1885391e+01	   8.0991211e+01	   8.4343603e+01	
   5.5000000e-01	  -3.4152368e+01	  -3.2257356e+01	   7.9870605e+01	   8.0565391e+01	
   5.6000000e-01	  -3.4836618e+01	  -3.2648346e+01	   7.6442871e+01	   7.7835118e+01	
   5.7000000e-01	  -3.4963693e+01	  -3.3063709e+01	   7.5585938e+01	   7.6127190e+01	
   5.8000000e-01	  -3.5462219e+01	  -3.3490195e+01	   7.1059570e+01	   7.3509524e+01	
   5.9000000e-01	  -3.4865943e+01	  -3.3900155e+01	   6.8554688e+01	   6.9953005e+01	
   6.0000000e-01	  -3.5462219e+01	  -3.4264619e+01	   6.6115723e+01	   6.7093532e+01	
   6.1000000e-01	  -3.5950969e+01	  -3.4592416e+01	   6.8181152e+01	   6.6765726e+01	
   6.2000000e-01	  -3.6459270e+01	  -3.4912179e+01	   6.3061523e+01	   6.6105394e+01	
   6.3000000e-01	  -3.7123970e+01	  -3.5244684e+01	   6.1347656e+01	   6.2544185e+01	
   6.4000000e-01	  -3.6371295e+01	  -3.5580441e+01	   5.9018555e+01	   5.9733103e+01	
   6.5000000e-01	  -3.7798446e+01	  -3.5903089e+01	   5.3261719e+01	   5.6722741e+01	
   6.6000000e-01	  -3.7984171e+01	  -3.6237348e+01	   5.1174316e+01	   5.2151558e+01	
   6.7000000e-01	  -3.7945071e+01	  -3.6587539e+01	   5.1350098e+01	   5.0612395e+01	
   6.8000000e-01	  -3.8199221e+01	  -3.6927079e+01	   4.9592285e+01	   5.0709076e+01	
   6.9000000e-01	  -3.8179671e+01	  -3.7241543e+01	   4.8977051e+01	   4.9426979e+01	
   7.0000000e-01	  -3.8883472e+01	  -3.7533115e+01	   4.7900391e+01	   4.8291060e+01	
   7.1000000e-01	  -3.9264697e+01	  -3.7822115e+01	   4.2648926e+01	   4.5823347e+01	
   7.2000000e-01	  -3.9118072e+01	  -3.8112753e+01	   3.9221191e+01	   4.1084763e+01	
   7.3000000e-01	  -3.9391772e+01	  -3.8388356e+01	   3.6892090e+01	   3.7669679e+01	
   7.4000000e-01	  -4.0203098e+01	  -3.8656520e+01	   3.3068848e+01	   3.5199047e+01	
   7.5000000e-01	  -4.0066248e+01	  -3.8933706e+01	   3.3288574e+01	   3.2962924e+01	
   7.6000000e-01	  -4.0320398e+01	  -3.9210314e+01	   2.6367188e+01	   3.0240237e+01	
   7.7000000e-01	  -4.0682074e+01	  -3.9479053e+01	   2.6389160e+01	   2.6361626e+01	
   7.8000000e-01	  -4.1180599e+01	  -3.9750801e+01	   2.3422852e+01	   2.4475812e+01	
   7.9000000e-01	  -4.0858024e+01	  -4.0023457e+01	   1.8742676e+01	   2.1787598e+01	
   8.0000000e-01	  -4.1170824e+01	  -4.0278129e+01	   1.9753418e+01	   1.8721915e+01	
   8.1000000e-01	  -4.0985099e+01	  -4.0503165e+01	   1.8017578e+01	   1.8661426e+01	
   8.2000000e-01	  -4.2216750e+01	  -4.0714673e+01	   1.4699707e+01	   1.7022633e+01	
   8.3000000e-01	  -4.1728000e+01	  -4.0936439e+01	   9.8876953e+00	   1.2480845e+01	
   8.4000000e-01	  -4.2705500e+01	  -4.1171706e+01	   5.5810547e+00	   7.7300925e+00	
   8.5000000e-01	  -4.2119000e+01	  -4.1414399e+01	   3.2958984e+00	   4.2269182e+00	
   8.6000000e-01	  -4.2119000e+01	  -4.1638433e+01	   1.0546875e+00	   2.1007736e+00	
   8.7000000e-01	  -4.2334050e+01	  -4.1825041e+01	   3.3837891e+00	   1.8354842e+00	
   8.8000000e-01	  -4.2275400e+01	  -4.1980117e+01	   0.0000000e+00	   1.9715062e+00	
   8.9000000e-01	  -4.3536376e+01	  -4.2129798e+01	  -3.1860352e+00	  -1.0105540e+00	
   9.0000000e-01	  -4.2910776e+01	  -4.2300903e+01	  -7.9101563e+00	  -5.6017707e+00	
   9.1000000e-01	  -4.2793475e+01	  -4.2469843e+01	  -7.5585938e+00	  -8.1279219e+00	
   9.2000000e-01	  -4.3135601e+01	  -4.2613418e+01	  -1.3447266e+01	  -1.0173415e+01	
   9.3000000e-01	  -4.3272451e+01	  -4.2743327e+01	  -1.3688965e+01	  -1.3488792e+01	
   9.4000000e-01	  -4.3321326e+01	  -4.2867383e+01	  -1.7490234e+01	  -1.5844321e+01	
   9.5000000e-01	  -4.3331101e+01	  -4.2982628e+01	  -1.8369141e+01	  -1.7738364e+01	
   9.6000000e-01	  -4.3927377e+01	  -4.3096314e+01	  -2.3247070e+01	  -2.0661590e+01	
   9.7000000e-01	  -4.4680052e+01	  -4.3239130e+01	  -2.7861328e+01	  -2.5177983e+01	
   9.8000000e-01	  -4.4758252e+01	  -4.3432933e+01	  -3.0212402e+01	  -2.9377055e+01	
   9.9000000e-01	  -4.4181527e+01	  -4.3650544e+01	  -3.1464844e+01	  -3.1076970e+01	
   1.0000000e+00	  -4.4220627e+01	  -4.3845132e+01	  -3.4892578e+01	  -3.2868265e+01	
   1.0100000e+00	  -4.4504102e+01	  -4.4005005e+01	  -3.4980469e+01	  -3.5080773e+01	
   1.0200000e+00	  -4.5002628e+01	  -4.4151952e+01	  -3.8649902e+01	  -3.6758592e+01	
   1.0300000e+00	  -4.5227453e+01	  -4.4309038e+01	  -4.4099121e+01	  -4.0744178e+01	
   1.0400000e+00	  -4.5276328e+01	  -4.4480031e+01	  -4.5087891e+01	  -4.5030722e+01	
   1.0500000e+00	  -4.5305653e+01	  -4.4653274e+01	  -4.7988281e+01	  -4.6707669e+01	
   1.0600000e+00	  -4.5198128e+01	  -4.4814043e+01	  -5.1262207e+01	  -4.9186817e+01	
   1.0700000e+00	  -4.5911703e+01	  -4.4964498e+01	  -5.4602051e+01	  -5.2946767e+01	
   1.0800000e+00	  -4.4983078e+01	  -4.5104104e+01	  -5.6271973e+01	  -5.5620611e+01	
   1.0900000e+00	  -4.5149253e+01	  -4.5205905e+01	  -5.9260254e+01	  -5.7679717e+01	
   1.1000000e+00	  -4.5159028e+01	  -4.5263504e+01	  -6.1281738e+01	  -6.0178662e+01	
   1.1100000e+00	  -4.6498204e+01	  -4.5318750e+01	  -6.5961914e+01	  -6.3435128e+01	
   1.1200000e+00	  -4.6068104e+01	  -4.5413399e+01	  -6.7763672e+01	  -6.6901654e+01	
   1.1300000e+00	  -4.5833503e+01	  -4.5530624e+01	  -6.9411621e+01	  -6.8869617e+01	
   1.1400000e+00	  -4.7426830e+01	  -4.5666848e+01	  -7.2751465e+01	  -7.0765496e+01	
   1.1500000e+00	  -4.6625279e+01	  -4.5847504e+01	  -7.5761719e+01	  -7.4116481e+01	
   1.1600000e+00	  -4.6547079e+01	  -4.6040376e+01	  -7.8552246e+01	  -7.7262031e+01	
   1.1700000e+00	  -4.6195179e+01	  -4.6199284e+01	  -8.1276855e+01	  -7.9871812e+01	
   1.1800000e+00	  -4.6420004e+01	  -4.6312452e+01	  -8.3583984e+01	  -8.2418848e+01	
   1.1900000e+00	  -4.6400454e+01	  -4.6388765e+01	  -8.7099609e+01	  -8.5214364e+01	
   1.2000000e+00	  -4.6439554e+01	  -4.6439825e+01	  -9.2109375e+01	  -8.9297537e+01	
   1.2100000e+00	  -4.6420004e+01	  -4.6471373e+01	  -9.3208008e+01	  -9.2968012e+01	
   1.2200000e+00	  -4.6537304e+01	  -4.6490228e+01	  -9.5471191e+01	  -9.4518155e+01	
   1.2300000e+00	  -4.6918529e+01	  -4.6511403e+01	  -1.0129395e+02	  -9.7706514e+01	
   1.2400000e+00	  -4.7925355e+01	  -4.6570254e+01	  -1.0006348e+02	  -1.0118623e+02	
   1.2500000e+00	  -4.7446380e+01	  -4.6687018e+01	  -1.0494141e+02	  -1.0250055e+02	
   1.2600000e+00	  -4.6781679e+01	  -4.6819177e+01	  -1.0764404e+02	  -1.0572742e+02	
   1.2700000e+00	  -4.7211780e+01	  -4.6922912e+01	  -1.1047852e+02	  -1.0941106e+02	
   1.2800000e+00	  -4.7182455e+01	  -4.7003422e+01	  -1.1320313e+02	  -1.1176032e+02	
   1.2900000e+00	  -4.7211780e+01	  -4.7070617e+01	  -1.1783936e+02	  -1.1522691e+02	
   1.3000000e+00	  -4.7260655e+01	  -4.7125446e+01	  -1.2008057e+02	  -1.1905784e+02	
   1.3100000e+00	  -4.7241105e+01	  -4.7170097e+01	  -1.2355225e+02	  -1.2189044e+02	
   1.3200000e+00	  -4.7348630e+01	  -4.7206991e+01	  -1.2656250e+02	  -1.2486583e+02	
   1.3300000e+00	  -4.7886255e+01	  -4.7250670e+01	  -1.2979248e+02	  -1.2819031e+02	
   1.3400000e+00	  -4.8941956e+01	  -4.7340146e+01	  -1.3106689e+02	  -1.3058396e+02	
   1.3500000e+00	  -4.7651655e+01	  -4.7479095e+01	  -1.3289063e+02	  -1.3202360e+02	
   1.3600000e+00	  -4.8081755e+01	  -4.7616624e+01	  -1.3634033e+02	  -1.3429900e+02	
   1.3700000e+00	  -4.7358405e+01	  -4.7719029e+01	  -1.4044922e+02	  -1.3819790e+02	
   1.3800000e+00	  -4.7133579e+01	  -4.7765749e+01	  -1.4266846e+02	  -1.4174596e+02	
   1.3900000e+00	  -4.7553905e+01	  -4.7757885e+01	  -1.4625000e+02	  -1.4441787e+02	
   1.4000000e+00	  -4.7524580e+01	  -4.7727424e+01	  -1.4857910e+02	  -1.4731886e+02	
   1.4100000e+00	  -4.7768955e+01	  -4.7697090e+01	  -1.5205078e+02	  -1.5030676e+02	
   1.4200000e+00	  -4.7700530e+01	  -4.7677126e+01	  -1.5448975e+02	  -1.5321769e+02	
   1.4300000e+00	  -4.8296806e+01	  -4.7679552e+01	  -1.5908203e+02	  -1.5662157e+02	
   1.4400000e+00	  -4.8150180e+01	  -4.7715774e+01	  -1.6288330e+02	  -1.6083002e+02	
   1.4500000e+00	  -4.8101305e+01	  -4.7775865e+01	  -1.6481689e+02	  -1.6413730e+02	
   1.4600000e+00	  -4.7690755e+01	  -4.7833285e+01	  -1.6655273e+02	  -1.6577133e+02	
   1.4700000e+00	  -4.7202005e+01	  -4.7857091e+01	  -1.7101318e+02	  -1.6838070e+02	
   1.4800000e+00	  -4.7866705e+01	  -4.7842899e+01	  -1.7571533e+02	  -1.7310698e+02	
   1.4900000e+00	  -4.7749405e+01	  -4.7820004e+01	  -1.7485840e+02	  -1.7593996e+02	
   1.5000000e+00	  -4.8189280e+01	  -4.7810839e+01	  -1.7870361e+02	  -1.7664181e+02	
   1.5100000e+00	  -4.7847155e+01	  -4.7819657e+01	  -1.8000000e+02	  -1.7900923e+02	
   1.5200000e+00	  -4.8052430e+01	  -4.7838515e+01	  -1.8000000e+02	  -1.8051638e+02	
   1.5300000e+00	  -4.7651655e+01	  -4.7855623e+01	  -1.8000000e+02	  -1.8000319e+02	
   1.5400000e+00	  -4.7798280e+01	  -4.7861203e+01	  -1.2634277e+01	  -1.1440151e+02	
   1.5500000e+00	  -4.7935130e+01	  -4.7859531e+01	   1.7578125e+02	   6.5982506e+01	
   1.5600000e+00	  -4.7993780e+01	  -4.7862961e+01	   1.7718750e+02	   1.9999382e+02	
   1.5700000e+00	  -4.8120855e+01	  -4.7877044e+01	   1.7679199e+02	   1.8983053e+02	
   1.5800000e+00	  -4.8394556e+01	  -4.7908608e+01	   1.7490234e+02	   1.6684590e+02	
   1.5900000e+00	  -4.8247931e+01	  -4.7959447e+01	   1.7277100e+02	   1.7486166e+02	
   1.6000000e+00	  -4.8541181e+01	  -4.8024062e+01	   1.6962891e+02	   1.7276313e+02	
   1.6100000e+00	  -4.8111080e+01	  -4.8092518e+01	   1.6938721e+02	   1.6858110e+02	
   1.6200000e+00	  -4.8179505e+01	  -4.8147925e+01	   1.6246582e+02	   1.6641003e+02	
   1.6300000e+00	  -4.8482531e+01	  -4.8190709e+01	   1.6189453e+02	   1.6229588e+02	
   1.6400000e+00	  -4.8541181e+01	  -4.8236684e+01	   1.5321533e+02	   1.5768910e+02	
   1.6500000e+00	  -4.8717131e+01	  -4.8292987e+01	   1.5543457e+02	   1.5404899e+02	
   1.6600000e+00	  -4.8472756e+01	  -4.8354729e+01	   1.4998535e+02	   1.5250417e+02	
   1.6700000e+00	  -4.8189280e+01	  -4.8403023e+01	   1.4594238e+02	   1.4880917e+02	
   1.6800000e+00	  -4.8169730e+01	  -4.8422126e+01	   1.4587646e+02	   1.4515449e+02	
   1.6900000e+00	  -4.8013330e+01	  -4.8411354e+01	   1.4214111e+02	   1.4413300e+02	
   1.7000000e+00	  -4.8169730e+01	  -4.8378753e+01	   1.3743896e+02	   1.4043665e+02	
   1.7100000e+00	  -4.8179505e+01	  -4.8338108e+01	   1.3506592e+02	   1.3593190e+02	
   1.7200000e+00	  -4.8531406e+01	  -4.8306170e+01	   1.3203369e+02	   1.3343628e+02	
   1.7300000e+00	  -4.9313406e+01	  -4.8312418e+01	   1.2640869e+02	   1.2973742e+02	
   1.7400000e+00	  -4.8912631e+01	  -4.8373084e+01	   1.2517822e+02	   1.2552226e+02	
   1.7500000e+00	  -4.9508907e+01	  -4.8475361e+01	   1.1913574e+02	   1.2227522e+02	
   1.7600000e+00	  -4.9616432e+01	  -4.8614168e+01	   1.1970703e+02	   1.1931324e+02	
   1.7700000e+00	  -4.8844206e+01	  -4.8766040e+01	   1.1377441e+02	   1.1680444e+02	
   1.7800000e+00	  -4.9000606e+01	  -4.8888372e+01	   1.1025879e+02	   1.1251600e+02	
   1.7900000e+00	  -4.8199055e+01	  -4.8956607e+01	   1.0887451e+02	   1.0897702e+02	
   1.8000000e+00	  -4.8766006e+01	  -4.8966997e+01	   1.0221680e+02	   1.0605989e+02	
   1.8100000e+00	  -4.8941956e+01	  -4.8949662e+01	   1.0054688e+02	   1.0142481e+02	
   1.8200000e+00	  -4.8218605e+01	  -4.8919864e+01	   1.0166748e+02	   1.0023495e+02	
   1.8300000e+00	  -4.8590056e+01	  -4.8866406e+01	   9.6196289e+01	   9.9664751e+01	
   1.8400000e+00	  -4.8130630e+01	  -4.8793233e+01	   9.0549316e+01	   9.4054974e+01	
   1.8500000e+00	  -4.8541181e+01	  -4.8710547e+01	   9.2988281e+01	   9.0633251e+01	
   1.8600000e+00	  -4.8394556e+01	  -4.8632720e+01	   8.6528320e+01	   9.0167186e+01	
   1.8700000e+00	  -4.8472756e+01	  -4.8568189e+01	   8.4682617e+01	   8.6185574e+01	
   1.8800000e+00	  -4.9274306e+01	  -4.8533662e+01	   8.0178223e+01	   8.2012828e+01	
   1.8900000e+00	  -4.9342732e+01	  -4.8556293e+01	   7.7915039e+01	   7.9201018e+01	
   1.9000000e+00	  -4.8599831e+01	  -4.8617691e+01	   7.4750977e+01	   7.6284877e+01	
   1.9100000e+00	  -4.9039706e+01	  -4.8679388e+01	   7.0576172e+01	   7.2917231e+01	
   1.9200000e+00	  -4.8902856e+01	  -4.8736320e+01	   6.7873535e+01	   6.9169344e+01	
   1.9300000e+00	  -4.8795331e+01	  -4.8786801e+01	   6.8027344e+01	   6.7524893e+01	
   1.9400000e+00	  -4.8775781e+01	  -4.8821629e+01	   6.3039551e+01	   6.5977299e+01	
   1.9500000e+00	  -4.8746456e+01	  -4.8840087e+01	   6.2006836e+01	   6.2623436e+01	
   1.9600000e+00	  -4.8853981e+01	  -4.8847152e+01	   5.5195313e+01	   5.8740052e+01	
   1.9700000e+00	  -4.8853981e+01	  -4.8850072e+01	   5.4733887e+01	   5.4915911e+01	
   1.9800000e+00	  -4.8296806e+01	  -4.8841068e+01	   5.0625000e+01	   5.2454772e+01	
   1.9900000e+00	  -4.8335906e+01	  -4.8803547e+01	   4.7680664e+01	   4.9564352e+01	
   2.0000000e+00	  -4.9039706e+01	  -4.8755265e+01	   4.2187500e+01	   4.5052297e+01	
   2.0100000e+00	  -4.8531406e+01	  -4.8722806e+01	   4.0759277e+01	   4.1275133e+01	
   2.0200000e+00	  -4.8189280e+01	  -4.8689950e+01	   3.7243652e+01	   3.8911139e+01	
   2.0300000e+00	  -4.8590056e+01	  -4.8643577e+01	   3.4606934e+01	   3.6181991e+01	
   2.0400000e+00	  -4.9088581e+01	  -4.8611499e+01	   2.8872070e+01	   3.1969661e+01	
   2.0500000e+00	  -4.9420932e+01	  -4.8625915e+01	   2.9487305e+01	   2.8781049e+01	
   2.0600000e+00	  -4.8932181e+01	  -4.8682536e+01	   2.6564941e+01	   2.7877813e+01	
   2.0700000e+00	  -4.8883306e+01	  -4.8747739e+01	   2.4147949e+01	   2.5843621e+01	
   2.0800000e+00	  -4.9352507e+01	  -4.8810852e+01	   1.6435547e+01	   2.0718703e+01	
   2.0900000e+00	  -4.8697581e+01	  -4.8872267e+01	   1.4985352e+01	   1.5461180e+01	
   2.1000000e+00	  -4.8179505e+01	  -4.8900371e+01	   1.4040527e+01	   1.3884609e+01	
   2.1100000e+00	  -4.8668256e+01	  -4.8880706e+01	   1.0349121e+01	   1.2745121e+01	
   2.1200000e+00	  -4.8462981e+01	  -4.8837089e+01	   6.8115234e+00	   8.8316201e+00	
   2.1300000e+00	  -4.8746456e+01	  -4.8788877e+01	   3.3837891e+00	   4.9461442e+00	
   2.1400000e+00	  -4.8668256e+01	  -4.8747285e+01	   1.2744141e+00	   2.2556064e+00	
   2.1500000e+00	  -4.8971281e+01	  -4.8721917e+01	  -1.5161133e+00	  -7.3705076e-02	
   2.1600000e+00	  -4.8756231e+01	  -4.8715275e+01	  -2.7905273e+00	  -2.1943752e+00	
   2.1700000e+00	  -4.8619381e+01	  -4.8715876e+01	  -8.3496094e+00	  -5.2195622e+00	
   2.1800000e+00	  -4.9059256e+01	  -4.8720092e+01	  -1.0151367e+01	  -9.2411637e+00	
   2.1900000e+00	  -4.8824656e+01	  -4.8736497e+01	  -1.5073242e+01	  -1.2674451e+01	
   2.2000000e+00	  -4.9557782e+01	  -4.8773535e+01	  -1.5996094e+01	  -1.5536713e+01	
   2.2100000e+00	  -4.8883306e+01	  -4.8832022e+01	  -1.9094238e+01	  -1.7667547e+01	
   2.2200000e+00	  -4.8668256e+01	  -4.8882879e+01	  -2.2521973e+01	  -2.0447039e+01	
   2.2300000e+00	  -4.8619381e+01	  -4.8901592e+01	  -2.5883789e+01	  -2.4213494e+01	
   2.2400000e+00	  -4.9675082e+01	  -4.8913106e+01	  -2.8564453e+01	  -2.7299051e+01	
   2.2500000e+00	  -4.8824656e+01	  -4.8943422e+01	  -3.2717285e+01	  -3.0460152e+01	
   2.2600000e+00	  -4.9059256e+01	  -4.8975115e+01	  -3.6079102e+01	  -3.4302780e+01	
   2.2700000e+00	  -4.9088581e+01	  -4.8998078e+01	  -3.9111328e+01	  -3.7706799e+01	
   2.2800000e+00	  -4.9117906e+01	  -4.9020076e+01	  -4.0385742e+01	  -3.9884034e+01	
   2.2900000e+00	  -4.9332957e+01	  -4.9045773e+01	  -4.3945313e+01	  -4.1989980e+01	
   2.3000000e+00	  -4.8981056e+01	  -4.9073938e+01	  -4.6164551e+01	  -4.4938604e+01	
   2.3100000e+00	  -4.9127681e+01	  -4.9094553e+01	  -4.9328613e+01	  -4.7804762e+01	
   2.3200000e+00	  -4.9508907e+01	  -4.9115147e+01	  -5.3547363e+01	  -5.1164088e+01	
   2.3300000e+00	  -4.9352507e+01	  -4.9149189e+01	  -5.6623535e+01	  -5.5105409e+01	
   2.3400000e+00	  -4.8687806e+01	  -4.9177148e+01	  -5.8820801e+01	  -5.7909623e+01	
   2.3500000e+00	  -5.0183382e+01	  -4.9199154e+01	  -6.2116699e+01	  -6.0314973e+01	
   2.3600000e+00	  -4.9254756e+01	  -4.9243648e+01	  -6.3522949e+01	  -6.2866811e+01	
   2.3700000e+00	  -4.9166781e+01	  -4.9289959e+01	  -6.7412109e+01	  -6.5365234e+01	
   2.3800000e+00	  -4.9235206e+01	  -4.9312907e+01	  -6.9477539e+01	  -6.8344836e+01	
   2.3900000e+00	  -4.9372057e+01	  -4.9322757e+01	  -7.2531738e+01	  -7.1088299e+01	
   2.4000000e+00	  -4.9381832e+01	  -4.9330483e+01	  -7.6772461e+01	  -7.4349319e+01	
   2.4100000e+00	  -4.9606657e+01	  -4.9343881e+01	  -7.9738770e+01	  -7.8282203e+01	
   2.4200000e+00	  -5.0320232e+01	  -4.9383400e+01	  -8.3166504e+01	  -8.1512922e+01	
   2.4300000e+00	  -4.9176556e+01	  -4.9446705e+01	  -8.4880371e+01	  -8.4063273e+01	
   2.4400000e+00	  -4.9108131e+01	  -4.9487198e+01	  -9.1032715e+01	  -8.7578645e+01	
   2.4500000e+00	  -4.8785556e+01	  -4.9477612e+01	  -9.2504883e+01	  -9.1842294e+01	
   2.4600000e+00	  -4.8912631e+01	  -4.9424900e+01	  -9.4680176e+01	  -9.3989520e+01	
   2.4700000e+00	  -4.8746456e+01	  -4.9344051e+01	  -9.7229004e+01	  -9.5637271e+01	
   2.4800000e+00	  -4.8941956e+01	  -4.9251455e+01	  -9.9843750e+01	  -9.8477331e+01	
   2.4900000e+00	  -4.8912631e+01	  -4.9162690e+01	  -1.0520508e+02	  -1.0224721e+02	
   2.5000000e+00	  -4.9059256e+01	  -4.9089206e+01	  -1.0674316e+02	  -1.0611932e+02	
   2.5100000e+00	  -5.0046532e+01	  -4.9056554e+01	  -1.0957764e+02	  -1.0836139e+02	
   2.5200000e+00	  -4.9450257e+01	  -4.9083338e+01	  -1.1151123e+02	  -1.1035172e+02	
   2.5300000e+00	  -4.9029931e+01	  -4.9133526e+01	  -1.1632324e+02	  -1.1368292e+02	
   2.5400000e+00	  -4.9069031e+01	  -4.9166618e+01	  -1.1917969e+02	  -1.1770295e+02	
   2.5500000e+00	  -4.8609606e+01	  -4.9169991e+01	  -1.2172852e+02	  -1.2068135e+02	
   2.5600000e+00	  -4.9313406e+01	  -4.9150497e+01	  -1.2300293e+02	  -1.2240502e+02	
   2.5700000e+00	  -4.9069031e+01	  -4.9132040e+01	  -1.3025391e+02	  -1.2601732e+02	
   2.5800000e+00	  -4.9029931e+01	  -4.9119263e+01	  -1.3073730e+02	  -1.3070798e+02	
   2.5900000e+00	  -4.9264531e+01	  -4.9109389e+01	  -1.3792236e+02	  -1.3429499e+02	
   2.6000000e+00	  -4.9284081e+01	  -4.9111200e+01	  -1.4005371e+02	  -1.3869777e+02	
   2.6100000e+00	  -4.9069031e+01	  -4.9121539e+01	  -1.4229492e+02	  -1.4172541e+02	
   2.6200000e+00	  -4.9469807e+01	  -4.9136319e+01	  -1.4497559e+02	  -1.4338172e+02	
   2.6300000e+00	  -4.8834431e+01	  -4.9151779e+01	  -1.4745850e+02	  -1.4612361e+02	
   2.6400000e+00	  -4.9450257e+01	  -4.9161329e+01	  -1.5077637e+02	  -1.4907682e+02	
   2.6500000e+00	  -4.8658481e+01	  -4.9162395e+01	  -1.5429199e+02	  -1.5239287e+02	
   2.6600000e+00	  -4.9460032e+01	  -4.9154597e+01	  -1.5721436e+02	  -1.5578282e+02	
   2.6700000e+00	  -4.8893081e+01	  -4.9146648e+01	  -1.5919189e+02	  -1.5831773e+02	
   2.6800000e+00	  -4.9225431e+01	  -4.9139242e+01	  -1.6323486e+02	  -1.6099075e+02	
   2.6900000e+00	  -4.9987882e+01	  -4.9150053e+01	  -1.6661865e+02	  -1.6476902e+02	
   2.7000000e+00	  -4.9069031e+01	  -4.9190526e+01	  -1.6587158e+02	  -1.6678762e+02	
   2.7100000e+00	  -4.8766006e+01	  -4.9219092e+01	  -1.6940918e+02	  -1.6742572e+02	
   2.7200000e+00	  -4.9430707e+01	  -4.9220449e+01	  -1.7771484e+02	  -1.7252138e+02	
   2.7300000e+00	  -4.9811932e+01	  -4.9232518e+01	  -1.7811035e+02	  -1.7855322e+02	
   2.7400000e+00	  -4.9411157e+01	  -4.9271099e+01	  -1.8000000e+02	  -1.7962582e+02	
   2.7500000e+00	  -4.9225431e+01	  -4.9311413e+01	  -1.8000000e+02	  -1.7968209e+02	
   2.7600000e+00	  -4.8824656e+01	  -4.9326043e+01	  -1.8000000e+02	  -1.8019075e+02	
   2.7700000e+00	  -4.8785556e+01	  -4.9302411e+01	  -1.1777344e+01	  -1.1416022e+02	
   2.7800000e+00	  -4.9108131e+01	  -4.9252998e+01	  -1.1206055e+01	  -6.5740534e+00	
   2.7900000e+00	  -4.8873531e+01	  -4.9198479e+01	   1.7811035e+02	   8.1105054e+01	
   2.8000000e+00	  -4.8981056e+01	  -4.9144280e+01	   1.7997803e+02	   1.7676518e+02	
   2.8100000e+00	  -4.9391607e+01	  -4.9102493e+01	   1.7507813e+02	   1.9787775e+02	
   2.8200000e+00	  -4.9176556e+01	  -4.9086354e+01	   1.7307861e+02	   1.6745771e+02	
   2.8300000e+00	  -4.9655532e+01	  -4.9097188e+01	   1.7000244e+02	   1.6987829e+02	
   2.8400000e+00	  -4.9987882e+01	  -4.9146045e+01	   1.6760742e+02	   1.7081317e+02	
   2.8500000e+00	  -4.9020156e+01	  -4.9218898e+01	   1.6389404e+02	   1.6546222e+02	
   2.8600000e+00	  -4.9352507e+01	  -4.9275766e+01	   1.6042236e+02	   1.6205427e+02	
   2.8700000e+00	  -4.9499132e+01	  -4.9314674e+01	   1.5629150e+02	   1.5857449e+02	
   2.8800000e+00	  -4.9430707e+01	  -4.9350126e+01	   1.5587402e+02	   1.5577262e+02	
   2.8900000e+00	  -4.9958557e+01	  -4.9391312e+01	   1.4956787e+02	   1.5307825e+02	
   2.9000000e+00	  -4.9059256e+01	  -4.9434634e+01	   1.4512939e+02	   1.4778659e+02	
   2.9100000e+00	  -4.9714182e+01	  -4.9463477e+01	   1.4095459e+02	   1.4269416e+02	
   2.9200000e+00	  -4.9645757e+01	  -4.9487588e+01	   1.4354736e+02	   1.4162235e+02	
   2.9300000e+00	  -4.9420932e+01	  -4.9512617e+01	   1.3965820e+02	   1.4188917e+02	
   2.9400000e+00	  -4.9538232e+01	  -4.9528175e+01	   1.3473633e+02	   1.3804505e+02	
   2.9500000e+00	  -4.9567557e+01	  -4.9537194e+01	   1.3020996e+02	   1.3226780e+02	
   2.9600000e+00	  -4.9196106e+01	  -4.9537369e+01	   1.2783691e+02	   1.2875797e+02	
   2.9700000e+00	  -4.9782607e+01	  -4.9529305e+01	   1.2368408e+02	   1.2593243e+02	
   2.9800000e+00	  -4.9323182e+01	  -4.9523476e+01	   1.2153076e+02	   1.2264219e+02	
   2.9900000e+00	  -4.9323182e+01	  -4.9512874e+01	   1.1647705e+02	   1.1912312e+02	
   3.0000000e+00	  -4.9196106e+01	  -4.9488284e+01	   1.1509277e+02	   1.1572801e+02	
   3.0100000e+00	  -4.8883306e+01	  -4.9445311e+01	   1.1586182e+02	   1.1491150e+02	
   3.0200000e+00	  -4.9000606e+01	  -4.9381241e+01	   1.1155518e+02	   1.1425289e+02	
   3.0300000e+00	  -4.9313406e+01	  -4.9313498e+01	   1.0454590e+02	   1.0884344e+02	
   3.0400000e+00	  -4.9254756e+01	  -4.9262583e+01	   1.0125000e+02	   1.0251024e+02	
   3.0500000e+00	  -4.9137456e+01	  -4.9228122e+01	   9.8261719e+01	   9.9417775e+01	
   3.0600000e+00	  -4.8902856e+01	  -4.9196382e+01	   9.5141602e+01	   9.6951005e+01	
   3.0700000e+00	  -4.8746456e+01	  -4.9154015e+01	   9.3317871e+01	   9.4142958e+01	
   3.0800000e+00	  -4.9430707e+01	  -4.9110986e+01	   8.9890137e+01	   9.1673850e+01	
   3.0900000e+00	  -4.9264531e+01	  -4.9091994e+01	   8.8286133e+01	   8.9111928e+01	
   3.1000000e+00	  -4.9362282e+01	  -4.9098974e+01	   8.5319824e+01	   8.6784492e+01	
   3.1100000e+00	  -4.9108131e+01	  -4.9117536e+01	   7.9431152e+01	   8.2892411e+01	
   3.1200000e+00	  -4.9323182e+01	  -4.9138109e+01	   7.4685059e+01	   7.7159355e+01	
   3.1300000e+00	  -4.9420932e+01	  -4.9163815e+01	   7.3959961e+01	   7.3737170e+01	
   3.1400000e+00	  -5.0144282e+01	  -4.9213520e+01	   7.2048340e+01	   7.2951468e+01	
   3.1500000e+00	  -4.9244981e+01	  -4.9287582e+01	   7.0268555e+01	   7.1435502e+01	
   3.1600000e+00	  -4.9059256e+01	  -4.9345991e+01	   6.6203613e+01	   6.8417716e+01	
   3.1700000e+00	  -4.9391607e+01	  -4.9370821e+01	   6.0600586e+01	   6.3759048e+01	
   3.1800000e+00	  -4.9743507e+01	  -4.9388809e+01	   5.8688965e+01	   5.9347310e+01	
   3.1900000e+00	  -5.0095407e+01	  -4.9428839e+01	   5.1855469e+01	   5.5526781e+01	
   3.2000000e+00	  -4.9899907e+01	  -4.9497067e+01	   5.1657715e+01	   5.1628602e+01	
   3.2100000e+00	  -4.9772832e+01	  -4.9574561e+01	   5.0603027e+01	   5.0575500e+01	
   3.2200000e+00	  -5.0515733e+01	  -4.9657661e+01	   4.3330078e+01	   4.7978948e+01	
   3.2300000e+00	  -4.9733732e+01	  -4.9749265e+01	   4.1440430e+01	   4.2300104e+01	
   3.2400000e+00	  -4.9059256e+01	  -4.9808926e+01	   3.9880371e+01	   3.9971392e+01	
   3.2500000e+00	  -4.9196106e+01	  -4.9803261e+01	   3.5551758e+01	   3.8289480e+01	
   3.2600000e+00	  -4.9059256e+01	  -4.9745356e+01	   3.2475586e+01	   3.4164786e+01	
   3.2700000e+00	  -4.9127681e+01	  -4.9657224e+01	   3.0629883e+01	   3.1194455e+01	
   3.2800000e+00	  -4.9821707e+01	  -4.9570725e+01	   2.8586426e+01	   2.9651680e+01	
   3.2900000e+00	  -4.9244981e+01	  -4.9509890e+01	   2.4960938e+01	   2.7062987e+01	
   3.3000000e+00	  -4.9020156e+01	  -4.9456659e+01	   2.2038574e+01	   2.3540810e+01	
   3.3100000e+00	  -4.9196106e+01	  -4.9395503e+01	   1.4875488e+01	   1.8840052e+01	
   3.3200000e+00	  -4.9538232e+01	  -4.9343600e+01	   1.3710938e+01	   1.4061109e+01	
   3.3300000e+00	  -5.0330007e+01	  -4.9334977e+01	   9.7558594e+00	   1.1485145e+01	
   3.3400000e+00	  -4.9010381e+01	  -4.9366977e+01	   7.7124023e+00	   9.0218911e+00	
   3.3500000e+00	  -4.8834431e+01	  -4.9381823e+01	   6.4599609e+00	   6.7993008e+00	
   3.3600000e+00	  -4.8590056e+01	  -4.9345996e+01	   3.8671875e+00	   5.3083795e+00	
   3.3700000e+00	  -4.8775781e+01	  -4.9270929e+01	  -4.1748047e-01	   2.0983749e+00	
   3.3800000e+00	  -4.8550956e+01	  -4.9174763e+01	  -1.4721680e+00	  -1.2043644e+00	
   3.3900000e+00	  -4.8912631e+01	  -4.9074752e+01	  -4.7900391e+00	  -3.1559618e+00	
   3.4000000e+00	  -4.8912631e+01	  -4.8990323e+01	  -9.0966797e+00	  -6.4829477e+00	
   3.4100000e+00	  -4.9078806e+01	  -4.8933271e+01	  -1.3227539e+01	  -1.1157022e+01	
   3.4200000e+00	  -5.0212707e+01	  -4.8927806e+01	  -1.6809082e+01	  -1.5098382e+01	
   3.4300000e+00	  -4.9782607e+01	  -4.8996112e+01	  -1.7468262e+01	  -1.7404370e+01	
   3.4400000e+00	  -4.9029931e+01	  -4.9096623e+01	  -2.0302734e+01	  -1.8807201e+01	
   3.4500000e+00	  -4.9244981e+01	  -4.9175164e+01	  -2.3686523e+01	  -2.1637887e+01	
   3.4600000e+00	  -4.9078806e+01	  -4.9223489e+01	  -2.7421875e+01	  -2.5536577e+01	
   3.4700000e+00	  -4.8893081e+01	  -4.9242466e+01	  -2.9311523e+01	  -2.8528850e+01	
   3.4800000e+00	  -4.9332957e+01	  -4.9239134e+01	  -3.4035645e+01	  -3.1449167e+01	
   3.4900000e+00	  -4.8853981e+01	  -4.9226081e+01	  -3.6672363e+01	  -3.5252860e+01	
   3.5000000e+00	  -4.9020156e+01	  -4.9200774e+01	  -3.7595215e+01	  -3.7548995e+01	
   3.5100000e+00	  -4.9078806e+01	  -4.9167874e+01	  -4.0957031e+01	  -3.9025418e+01	
   3.5200000e+00	  -4.9528457e+01	  -4.9147471e+01	  -4.6450195e+01	  -4.3172235e+01	
   3.5300000e+00	  -4.9782607e+01	  -4.9161065e+01	  -4.7790527e+01	  -4.7490228e+01	
   3.5400000e+00	  -4.9069031e+01	  -4.9200279e+01	  -5.0031738e+01	  -4.9158377e+01	
   3.5500000e+00	  -4.9069031e+01	  -4.9229217e+01	  -5.3107910e+01	  -5.1178887e+01	
   3.5600000e+00	  -4.8824656e+01	  -4.9230000e+01	  -5.6843262e+01	  -5.4852078e+01	
   3.5700000e+00	  -4.8648706e+01	  -4.9199313e+01	  -5.9479980e+01	  -5.8258298e+01	
   3.5800000e+00	  -4.9254756e+01	  -4.9151106e+01	  -6.1062012e+01	  -6.0424905e+01	
   3.5900000e+00	  -4.8941956e+01	  -4.9110060e+01	  -6.4775391e+01	  -6.2680524e+01	
   3.6000000e+00	  -4.9176556e+01	  -4.9081225e+01	  -6.9169922e+01	  -6.6667954e+01	
   3.6100000e+00	  -4.8863756e+01	  -4.9059397e+01	  -7.2729492e+01	  -7.1038443e+01	
   3.6200000e+00	  -4.9284081e+01	  -4.9044404e+01	  -7.4619141e+01	  -7.3887825e+01	
   3.6300000e+00	  -4.9411157e+01	  -4.9048153e+01	  -7.7915039e+01	  -7.6140854e+01	
   3.6400000e+00	  -4.9078806e+01	  -4.9070492e+01	  -8.1584473e+01	  -7.9505418e+01	
   3.6500000e+00	  -4.9225431e+01	  -4.9095106e+01	  -8.4396973e+01	  -8.3083337e+01	
   3.6600000e+00	  -4.8756231e+01	  -4.9108995e+01	  -8.6835938e+01	  -8.5694062e+01	
   3.6700000e+00	  -4.9078806e+01	  -4.9105465e+01	  -9.0878906e+01	  -8.8620414e+01	
   3.6800000e+00	  -4.8462981e+01	  -4.9082213e+01	  -9.2351074e+01	  -9.1722709e+01	
   3.6900000e+00	  -4.8922406e+01	  -4.9039150e+01	  -9.4614258e+01	  -9.3623347e+01	
   3.7000000e+00	  -4.8707356e+01	  -4.8988607e+01	  -9.7360840e+01	  -9.5735808e+01	
   3.7100000e+00	  -4.8912631e+01	  -4.8942039e+01	  -1.0206299e+02	  -9.9458476e+01	
   3.7200000e+00	  -4.8951731e+01	  -4.8906473e+01	  -1.0496338e+02	  -1.0355930e+02	
   3.7300000e+00	  -4.8687806e+01	  -4.8881212e+01	  -1.0738037e+02	  -1.0637100e+02	
   3.7400000e+00	  -5.0056307e+01	  -4.8882259e+01	  -1.1072021e+02	  -1.0886273e+02	
   3.7500000e+00	  -4.9401382e+01	  -4.8936609e+01	  -1.1454346e+02	  -1.1244742e+02	
   3.7600000e+00	  -4.8687806e+01	  -4.9007625e+01	  -1.1632324e+02	  -1.1563070e+02	
   3.7700000e+00	  -4.9254756e+01	  -4.9053196e+01	  -1.2095947e+02	  -1.1845593e+02	
   3.7800000e+00	  -4.8932181e+01	  -4.9080751e+01	  -1.2423340e+02	  -1.2239494e+02	
   3.7900000e+00	  -4.9538232e+01	  -4.9105138e+01	  -1.2574951e+02	  -1.2535618e+02	
   3.8000000e+00	  -4.8990831e+01	  -4.9132405e+01	  -1.2821045e+02	  -1.2692148e+02	
   3.8100000e+00	  -4.8658481e+01	  -4.9142839e+01	  -1.3253906e+02	  -1.2997656e+02	
   3.8200000e+00	  -4.8893081e+01	  -4.9122007e+01	  -1.3440674e+02	  -1.3362294e+02	
   3.8300000e+00	  -4.8990831e+01	  -4.9087507e+01	  -1.3987793e+02	  -1.3697406e+02	
   3.8400000e+00	  -4.8922406e+01	  -4.9054277e+01	  -1.4273438e+02	  -1.4115257e+02	
   3.8500000e+00	  -4.8384781e+01	  -4.9012948e+01	  -1.4370117e+02	  -1.4370737e+02	
   3.8600000e+00	  -4.9117906e+01	  -4.8961500e+01	  -1.4873291e+02	  -1.4578870e+02	
   3.8700000e+00	  -4.9078806e+01	  -4.8925559e+01	  -1.5158936e+02	  -1.4995369e+02	
   3.8800000e+00	  -4.9137456e+01	  -4.8916783e+01	  -1.5446777e+02	  -1.5333824e+02	
   3.8900000e+00	  -4.9323182e+01	  -4.8931433e+01	  -1.5947754e+02	  -1.5660317e+02	
   3.9000000e+00	  -4.8893081e+01	  -4.8959932e+01	  -1.6301514e+02	  -1.6116576e+02	
   3.9100000e+00	  -4.8678031e+01	  -4.8977159e+01	  -1.6363037e+02	  -1.6381047e+02	
   3.9200000e+00	  -4.8814881e+01	  -4.8971244e+01	  -1.6725586e+02	  -1.6522445e+02	
   3.9300000e+00	  -4.8609606e+01	  -4.8948019e+01	  -1.6890381e+02	  -1.6790730e+02	
   3.9400000e+00	  -4.9108131e+01	  -4.8920072e+01	  -1.7364990e+02	  -1.7120494e+02	
   3.9500000e+00	  -4.9362282e+01	  -4.8912348e+01	  -1.7560547e+02	  -1.7458584e+02	
   3.9600000e+00	  -4.9137456e+01	  -4.8933919e+01	  -1.8000000e+02	  -1.7779840e+02	
   3.9700000e+00	  -4.9108131e+01	  -4.8968031e+01	  -1.8000000e+02	  -1.8015399e+02	
   3.9800000e+00	  -4.9450257e+01	  -4.9008624e+01	  -1.8000000e+02	  -1.8037420e+02	
   3.9900000e+00	  -4.9391607e+01	  -4.9062087e+01	  -1.8000000e+02	  -1.7983157e+02	
   4.0000000e+00	  -4.9391607e+01	  -4.9124025e+01	  -1.2832031e+01	  -1.1457016e+02	
   4.0100000e+00	  -4.9489357e+01	  -4.9187208e+01	   1.7791260e+02	   6.6690516e+01	
   4.0200000e+00	  -4.8687806e+01	  -4.9233942e+01	   1.7740723e+02	   2.0144195e+02	
   4.0300000e+00	  -4.9088581e+01	  -4.9244189e+01	   1.7644043e+02	   1.9002524e+02	
   4.0400000e+00	  -4.9186331e+01	  -4.9232174e+01	   1.7720947e+02	   1.6720408e+02	
   4.0500000e+00	  -4.9460032e+01	  -4.9224320e+01	   1.7527588e+02	   1.7733957e+02	
   4.0600000e+00	  -4.9069031e+01	  -4.9224868e+01	   1.6842041e+02	   1.7416777e+02	
   4.0700000e+00	  -4.9166781e+01	  -4.9222517e+01	   1.6578369e+02	   1.6620104e+02	
   4.0800000e+00	  -4.9675082e+01	  -4.9224777e+01	   1.6514648e+02	   1.6477022e+02	
   4.0900000e+00	  -4.9372057e+01	  -4.9246106e+01	   1.6077393e+02	   1.6361725e+02	
   4.1000000e+00	  -4.9411157e+01	  -4.9276775e+01	   1.5681885e+02	   1.5910408e+02	
   4.1100000e+00	  -4.9147231e+01	  -4.9301154e+01	   1.5128174e+02	   1.5402405e+02	
   4.1200000e+00	  -4.8795331e+01	  -4.9302658e+01	   1.4862305e+02	   1.4986307e+02	
   4.1300000e+00	  -4.9117906e+01	  -4.9276413e+01	   1.4572266e+02	   1.4701264e+02	
   4.1400000e+00	  -4.8756231e+01	  -4.9233105e+01	   1.4451416e+02	   1.4509731e+02	
   4.1500000e+00	  -4.9284081e+01	  -4.9184885e+01	   1.3814209e+02	   1.4178874e+02	
   4.1600000e+00	  -4.9205881e+01	  -4.9149756e+01	   1.3524170e+02	   1.3679120e+02	
   4.1700000e+00	  -4.9557782e+01	  -4.9140373e+01	   1.3174805e+02	   1.3315494e+02	
   4.1800000e+00	  -4.9059256e+01	  -4.9150808e+01	   1.2790283e+02	   1.3010305e+02	
   4.1900000e+00	  -4.9303631e+01	  -4.9165065e+01	   1.2372803e+02	   1.2593236e+02	
   4.2000000e+00	  -5.0251807e+01	  -4.9199475e+01	   1.2366211e+02	   1.2327309e+02	
   4.2100000e+00	  -4.9899907e+01	  -4.9279972e+01	   1.1915771e+02	   1.2162438e+02	
   4.2200000e+00	  -4.9069031e+01	  -4.9371781e+01	   1.1546631e+02	   1.1775851e+02	
   4.2300000e+00	  -4.9059256e+01	  -4.9422832e+01	   1.1307129e+02	   1.1392075e+02	
   4.2400000e+00	  -4.9469807e+01	  -4.9434808e+01	   1.1074219e+02	   1.1186535e+02	
   4.2500000e+00	  -4.9205881e+01	  -4.9431755e+01	   1.0935791e+02	   1.1007448e+02	
   4.2600000e+00	  -4.9714182e+01	  -4.9427160e+01	   1.0441406e+02	   1.0720913e+02	
   4.2700000e+00	  -4.9968332e+01	  -4.9442167e+01	   1.0155762e+02	   1.0308968e+02	
   4.2800000e+00	  -4.9430707e+01	  -4.9478158e+01	   9.8481445e+01	   9.9798834e+01	
   4.2900000e+00	  -4.9655532e+01	  -4.9512742e+01	   9.5778809e+01	   9.7238446e+01	
   4.3000000e+00	  -4.8912631e+01	  -4.9526958e+01	   9.1955566e+01	   9.4013715e+01	
   4.3100000e+00	  -4.9469807e+01	  -4.9512835e+01	   8.7714844e+01	   8.9997178e+01	
   4.3200000e+00	  -4.9166781e+01	  -4.9483044e+01	   8.8571777e+01	   8.7632936e+01	
   4.3300000e+00	  -4.9499132e+01	  -4.9451292e+01	   8.0639648e+01	   8.5200115e+01	
   4.3400000e+00	  -4.9763057e+01	  -4.9433396e+01	   7.8376465e+01	   7.9803497e+01	
   4.3500000e+00	  -4.9215656e+01	  -4.9432108e+01	   7.8530273e+01	   7.7458815e+01	
   4.3600000e+00	  -4.9127681e+01	  -4.9423120e+01	   7.3959961e+01	   7.6828172e+01	
   4.3700000e+00	  -4.9763057e+01	  -4.9408149e+01	   7.0971680e+01	   7.2834053e+01	
   4.3800000e+00	  -4.9655532e+01	  -4.9412139e+01	   6.6577148e+01	   6.8586373e+01	
   4.3900000e+00	  -4.9469807e+01	  -4.9432679e+01	   6.1523438e+01	   6.4351524e+01	
   4.4000000e+00	  -4.9244981e+01	  -4.9448051e+01	   5.8293457e+01	   5.9809039e+01	
   4.4100000e+00	  -4.9323182e+01	  -4.9447681e+01	   5.6096191e+01	   5.6951281e+01	
   4.4200000e+00	  -4.9772832e+01	  -4.9444903e+01	   5.3415527e+01	   5.4864007e+01	
   4.4300000e+00	  -4.9352507e+01	  -4.9451993e+01	   5.1679688e+01	   5.2557662e+01	
   4.4400000e+00	  -4.9733732e+01	  -4.9464646e+01	   4.5197754e+01	   4.8874396e+01	
   4.4500000e+00	  -4.9362282e+01	  -4.9479261e+01	   4.3681641e+01	   4.4341252e+01	
   4.4600000e+00	  -4.9088581e+01	  -4.9481200e+01	   4.0297852e+01	   4.1690185e+01	
   4.4700000e+00	  -4.9303631e+01	  -4.9460719e+01	   3.7858887e+01	   3.9361329e+01	
   4.4800000e+00	  -4.8873531e+01	  -4.9422008e+01	   3.4826660e+01	   3.6321300e+01	
   4.4900000e+00	  -4.8844206e+01	  -4.9361168e+01	   3.2475586e+01	   3.3652950e+01	
   4.5000000e+00	  -4.8893081e+01	  -4.9282189e+01	   2.8256836e+01	   3.0556578e+01	
   4.5100000e+00	  -4.9587107e+01	  -4.9213235e+01	   2.5158691e+01	   2.6788907e+01	
   4.5200000e+00	  -4.9274306e+01	  -4.9178824e+01	   2.2631836e+01	   2.3722857e+01	
   4.5300000e+00	  -4.9323182e+01	  -4.9171689e+01	   2.0412598e+01	   2.1535036e+01	
   4.5400000e+00	  -4.9391607e+01	  -4.9179676e+01	   1.6567383e+01	   1.8713323e+01	
   4.5500000e+00	  -4.9733732e+01	  -4.9207320e+01	   1.3403320e+01	   1.5068214e+01	
   4.5600000e+00	  -4.9606657e+01	  -4.9257915e+01	   1.2084961e+01	   1.2470604e+01	
   4.5700000e+00	  -4.9587107e+01	  -4.9320539e+01	   6.9433594e+00	   9.8621159e+00	
   4.5800000e+00	  -4.8717131e+01	  -4.9365038e+01	   5.6030273e+00	   6.2700503e+00	
   4.5900000e+00	  -5.0290907e+01	  -4.9390608e+01	  -3.2958984e-01	   2.7254222e+00	
   4.6000000e+00	  -4.8717131e+01	  -4.9416118e+01	   6.5917969e-02	  -2.7439198e-01	
   4.6100000e+00	  -4.8981056e+01	  -4.9413234e+01	  -4.7241211e+00	  -2.3583909e+00	
   4.6200000e+00	  -4.8502081e+01	  -4.9361746e+01	  -4.0209961e+00	  -4.3199784e+00	
   4.6300000e+00	  -4.9029931e+01	  -4.9279885e+01	  -1.2326660e+01	  -7.7615396e+00	
   4.6400000e+00	  -4.8766006e+01	  -4.9191402e+01	  -1.1931152e+01	  -1.2176351e+01	
   4.6500000e+00	  -4.8717131e+01	  -4.9104798e+01	  -1.7402344e+01	  -1.4952870e+01	
   4.6600000e+00	  -4.8179505e+01	  -4.9008297e+01	  -1.9270020e+01	  -1.7920638e+01	
   4.6700000e+00	  -4.9059256e+01	  -4.8908291e+01	  -2.2214355e+01	  -2.1035354e+01	
   4.6800000e+00	  -4.8414106e+01	  -4.8825655e+01	  -2.5686035e+01	  -2.3697174e+01	
   4.6900000e+00	  -4.9284081e+01	  -4.8770024e+01	  -2.8300781e+01	  -2.6996301e+01	
   4.7000000e+00	  -4.8981056e+01	  -4.8752083e+01	  -3.2409668e+01	  -3.0268992e+01	
   4.7100000e+00	  -4.9088581e+01	  -4.8767216e+01	  -3.2475586e+01	  -3.2678570e+01	
   4.7200000e+00	  -4.9733732e+01	  -4.8813535e+01	  -3.7155762e+01	  -3.4638388e+01	
   4.7300000e+00	  -4.8902856e+01	  -4.8887521e+01	  -3.9770508e+01	  -3.8154428e+01	
   4.7400000e+00	  -4.9137456e+01	  -4.8957602e+01	  -4.2604980e+01	  -4.1458630e+01	
   4.7500000e+00	  -4.8316356e+01	  -4.8995795e+01	  -4.6911621e+01	  -4.4476188e+01	
   4.7600000e+00	  -4.8766006e+01	  -4.8991230e+01	  -4.9658203e+01	  -4.8268855e+01	
   4.7700000e+00	  -4.8756231e+01	  -4.8960982e+01	  -5.2031250e+01	  -5.1040148e+01	
   4.7800000e+00	  -4.9274306e+01	  -4.8935735e+01	  -5.5349121e+01	  -5.3503969e+01	
   4.7900000e+00	  -4.9753282e+01	  -4.8945956e+01	  -5.8293457e+01	  -5.6728542e+01	
   4.8000000e+00	  -4.9968332e+01	  -4.9012066e+01	  -6.1193848e+01	  -5.9792395e+01	
   4.8100000e+00	  -4.9528457e+01	  -4.9118133e+01	  -6.5324707e+01	  -6.3067626e+01	
   4.8200000e+00	  -4.9381832e+01	  -4.9225011e+01	  -6.8225098e+01	  -6.6760547e+01	
   4.8300000e+00	  -4.9274306e+01	  -4.9306941e+01	  -7.0927734e+01	  -6.9698815e+01	
   4.8400000e+00	  -4.8883306e+01	  -4.9351172e+01	  -7.3740234e+01	  -7.2240848e+01	
   4.8500000e+00	  -4.8668256e+01	  -4.9345488e+01	  -7.4948730e+01	  -7.4457968e+01	
   4.8600000e+00	  -4.8492306e+01	  -4.9288224e+01	  -7.8574219e+01	  -7.6606182e+01	
   4.8700000e+00	  -4.8668256e+01	  -4.9194625e+01	  -8.2177734e+01	  -8.0098890e+01	
   4.8800000e+00	  -4.8844206e+01	  -4.9092311e+01	  -8.5363770e+01	  -8.3873547e+01	
   4.8900000e+00	  -4.9098356e+01	  -4.9008331e+01	  -8.8132324e+01	  -8.6782019e+01	
   4.9000000e+00	  -4.8766006e+01	  -4.8949923e+01	  -9.0922852e+01	  -8.9473833e+01	
   4.9100000e+00	  -4.9235206e+01	  -4.8913786e+01	  -9.3098145e+01	  -9.2028380e+01	
   4.9200000e+00	  -4.9411157e+01	  -4.8910541e+01	  -9.5229492e+01	  -9.4185951e+01	
   4.9300000e+00	  -4.8834431e+01	  -4.8933560e+01	  -1.0313965e+02	  -9.8503392e+01	
   4.9400000e+00	  -4.8599831e+01	  -4.8947231e+01	  -1.0160156e+02	  -1.0290871e+02	
   4.9500000e+00	  -4.8629156e+01	  -4.8933391e+01	  -1.0527100e+02	  -1.0376309e+02	
   4.9600000e+00	  -4.8853981e+01	  -4.8904001e+01	  -1.0821533e+02	  -1.0600702e+02	
   4.9700000e+00	  -4.8648706e+01	  -4.8872496e+01	  -1.1102783e+02	  -1.0985159e+02	
   4.9800000e+00	  -4.8414106e+01	  -4.8833723e+01	  -1.1691650e+02	  -1.1364946e+02	
   4.9900000e+00	  -4.8648706e+01	  -4.8784570e+01	  -1.1772949e+02	  -1.1752089e+02	
   5.0000000e+00	  -4.8981056e+01	  -4.8744094e+01	  -1.1964111e+02	  -1.1903545e+02	
   5.0100000e+00	  -4.9127681e+01	  -4.8733441e+01	  -1.2302490e+02	  -1.2085621e+02	
   5.0200000e+00	  -4.7935130e+01	  -4.8731384e+01	  -1.2750732e+02	  -1.2503743e+02	
   5.0300000e+00	  -4.6341804e+01	  -4.8658050e+01	  -1.3089111e+02	  -1.2929248e+02	
   5.0400000e+00	  -4.5149253e+01	  -4.8432994e+01	  -1.3137451e+02	  -1.3149307e+02	
   5.0500000e+00	  -4.3722101e+01	  -4.8020148e+01	  -1.3796631e+02	  -1.3412883e+02	
   5.0600000e+00	  -4.1796425e+01	  -4.7400080e+01	  -1.3772461e+02	  -1.3797773e+02	
   5.0700000e+00	  -4.0134673e+01	  -4.6557537e+01	  -1.4071289e+02	  -1.3959919e+02	
   5.0800000e+00	  -3.8668422e+01	  -4.5505127e+01	  -1.4407471e+02	  -1.4180620e+02	
   5.0900000e+00	  -3.7446546e+01	  -4.4285854e+01	  -1.4556885e+02	  -1.4505847e+02	
   5.1000000e+00	  -3.5227619e+01	  -4.2934421e+01	  -1.4853516e+02	  -1.4707034e+02	
   5.1100000e+00	  -3.3585417e+01	  -4.1460147e+01	  -1.5024902e+02	  -1.4926711e+02	
   5.1200000e+00	  -3.2373316e+01	  -3.9890652e+01	  -1.5031494e+02	  -1.5058940e+02	
   5.1300000e+00	  -3.1405590e+01	  -3.8285068e+01	  -1.5343506e+02	  -1.5161392e+02	
   5.1400000e+00	  -2.8844538e+01	  -3.6670673e+01	  -1.5453369e+02	  -1.5387416e+02	
   5.1500000e+00	  -2.6449660e+01	  -3.5009915e+01	  -1.5750000e+02	  -1.5608003e+02	
   5.1600000e+00	  -2.4954084e+01	  -3.3275171e+01	  -1.6000488e+02	  -1.5855414e+02	
   5.1700000e+00	  -2.2539657e+01	  -3.1475675e+01	  -1.5824707e+02	  -1.5964137e+02	
   5.1800000e+00	  -2.0887680e+01	  -2.9619017e+01	  -1.5809326e+02	  -1.5829941e+02	
   5.1900000e+00	  -1.8610103e+01	  -2.7714264e+01	  -1.6305908e+02	  -1.5971743e+02	
   5.2000000e+00	  -1.7192727e+01	  -2.5778555e+01	  -1.6242188e+02	  -1.6303327e+02	
   5.2100000e+00	  -1.5061775e+01	  -2.3833024e+01	  -1.6055420e+02	  -1.6224400e+02	
   5.2200000e+00	  -1.3028573e+01	  -2.1882593e+01	  -1.6147705e+02	  -1.6053637e+02	
   5.2300000e+00	  -1.1229971e+01	  -1.9925119e+01	  -1.6415771e+02	  -1.6236237e+02	
   5.2400000e+00	  -9.5682199e+00	  -1.7973927e+01	  -1.6714600e+02	  -1.6565064e+02	
   5.2500000e+00	  -7.4274929e+00	  -1.6037648e+01	  -1.6343262e+02	  -1.6601268e+02	
   5.2600000e+00	  -6.2642668e+00	  -1.4123761e+01	  -1.6385010e+02	  -1.6366144e+02	
   5.2700000e+00	  -4.5731903e+00	  -1.2254304e+01	  -1.6697021e+02	  -1.6455398e+02	
   5.2800000e+00	  -4.5536402e+00	  -1.0471845e+01	  -1.6615723e+02	  -1.6697182e+02	
   5.2900000e+00	  -1.9046128e+00	  -8.8004237e+00	  -1.6890381e+02	  -1.6756314e+02	
   5.3000000e+00	  -5.6543657e-01	  -7.2007967e+00	  -1.6404785e+02	  -1.6680239e+02	
   5.3100000e+00	  -5.4588655e-01	  -5.6683346e+00	  -1.6708008e+02	  -1.6542855e+02	
   5.3200000e+00	   1.4775403e+00	  -4.2337391e+00	  -1.6736572e+02	  -1.6666990e+02	
   5.3300000e+00	   1.9174157e+00	  -2.8866552e+00	  -1.6644287e+02	  -1.6752925e+02	
   5.3400000e+00	   2.3866162e+00	  -1.6361843e+00	  -1.6723389e+02	  -1.6666767e+02	
   5.3500000e+00	   2.9437917e+00	  -5.0926059e-01	  -1.6483887e+02	  -1.6613847e+02	
   5.3600000e+00	   5.2995688e+00	   5.2701132e-01	  -1.6431152e+02	  -1.6473141e+02	
   5.3700000e+00	   5.1040687e+00	   1.5237837e+00	  -1.6189453e+02	  -1.6305913e+02	
   5.3800000e+00	   6.4041449e+00	   2.4807181e+00	  -1.6130127e+02	  -1.6162237e+02	
   5.3900000e+00	   6.2966198e+00	   3.3813626e+00	  -1.6510254e+02	  -1.6255814e+02	
   5.4000000e+00	   6.6680701e+00	   4.2028044e+00	  -1.6472900e+02	  -1.6509049e+02	
   5.4100000e+00	   8.4080217e+00	   4.9551648e+00	  -1.6409180e+02	  -1.6491733e+02	
   5.4200000e+00	   8.5839719e+00	   5.6836619e+00	  -1.6294922e+02	  -1.6339341e+02	
   5.4300000e+00	   9.7569729e+00	   6.4039007e+00	  -1.6127930e+02	  -1.6219332e+02	
   5.4400000e+00	   1.2308250e+01	   7.1628713e+00	  -1.6035645e+02	  -1.6081992e+02	
   5.4500000e+00	   1.1799950e+01	   8.0015377e+00	  -1.6037842e+02	  -1.6019523e+02	
   5.4600000e+00	   1.4077527e+01	   8.9005071e+00	  -1.5912598e+02	  -1.5986093e+02	
   5.4700000e+00	   1.3911352e+01	   9.8438717e+00	  -1.6105957e+02	  -1.5989182e+02	
   5.4800000e+00	   1.5993429e+01	   1.0820807e+01	  -1.5675293e+02	  -1.5928377e+02	
   5.4900000e+00	   1.5563328e+01	   1.1812448e+01	  -1.5501709e+02	  -1.5620912e+02	
   5.5000000e+00	   1.6961155e+01	   1.2786470e+01	  -1.5279785e+02	  -1.5355195e+02	
   5.5100000e+00	   1.6472404e+01	   1.3708639e+01	  -1.5306152e+02	  -1.5282286e+02	
   5.5200000e+00	   1.8183031e+01	   1.4566267e+01	  -1.5229248e+02	  -1.5264954e+02	
   5.5300000e+00	   1.9502657e+01	   1.5399003e+01	  -1.5044678e+02	  -1.5163534e+02	
   5.5400000e+00	   2.1066658e+01	   1.6267648e+01	  -1.4897461e+02	  -1.4972241e+02	
   5.5500000e+00	   1.9981632e+01	   1.7157074e+01	  -1.4840332e+02	  -1.4852981e+02	
   5.5600000e+00	   2.0323758e+01	   1.7983078e+01	  -1.4486572e+02	  -1.4693746e+02	
   5.5700000e+00	   2.0323758e+01	   1.8694000e+01	  -1.4537109e+02	  -1.4496483e+02	
   5.5800000e+00	   2.2767510e+01	   1.9329954e+01	  -1.4143799e+02	  -1.4347757e+02	
   5.5900000e+00	   2.3999161e+01	   1.9989632e+01	  -1.3992188e+02	  -1.4093955e+02	
   5.6000000e+00	   2.4370611e+01	   2.0717541e+01	  -1.3972412e+02	  -1.3936548e+02	
   5.6100000e+00	   2.4399936e+01	   2.1470980e+01	  -1.3877930e+02	  -1.3932629e+02	
   5.6200000e+00	   2.3510411e+01	   2.2171038e+01	  -1.3803223e+02	  -1.3853977e+02	
   5.6300000e+00	   2.4087136e+01	   2.2757065e+01	  -1.3552734e+02	  -1.3690338e+02	
   5.6400000e+00	   2.6218088e+01	   2.3270978e+01	  -1.3471436e+02	  -1.3509108e+02	
   5.6500000e+00	   2.4839812e+01	   2.3766851e+01	  -1.3271484e+02	  -1.3368217e+02	
   5.6600000e+00	   2.8065565e+01	   2.4263539e+01	  -1.3036377e+02	  -1.3175451e+02	
   5.6700000e+00	   2.7557264e+01	   2.4812528e+01	  -1.2999023e+02	  -1.2997394e+02	
   5.6800000e+00	   2.7527939e+01	   2.5394737e+01	  -1.2684814e+02	  -1.2856735e+02	
   5.6900000e+00	   2.8124215e+01	   2.5952069e+01	  -1.2440918e+02	  -1.2587593e+02	
   5.7000000e+00	   2.9873941e+01	   2.6507176e+01	  -1.2298096e+02	  -1.2344848e+02	
   5.7100000e+00	   2.9131041e+01	   2.7083598e+01	  -1.2126709e+02	  -1.2212953e+02	
   5.7200000e+00	   3.0333367e+01	   2.7656833e+01	  -1.1799316e+02	  -1.1991074e+02	
   5.7300000e+00	   3.0978518e+01	   2.8228302e+01	  -1.1937744e+02	  -1.1829752e+02	
   5.7400000e+00	   3.2131969e+01	   2.8825958e+01	  -1.1616943e+02	  -1.1787495e+02	
   5.7500000e+00	   2.9913042e+01	   2.9407120e+01	  -1.1265381e+02	  -1.1500210e+02	
   5.7600000e+00	   3.2131969e+01	   2.9909619e+01	  -1.0988525e+02	  -1.1105602e+02	
   5.7700000e+00	   3.2434994e+01	   3.0371948e+01	  -1.0900635e+02	  -1.0919015e+02	
   5.7800000e+00	   3.3344070e+01	   3.0846367e+01	  -1.0540283e+02	  -1.0747083e+02	
   5.7900000e+00	   3.2796669e+01	   3.1322035e+01	  -1.0404053e+02	  -1.0477410e+02	
   5.8000000e+00	   3.4272696e+01	   3.1786204e+01	  -1.0560059e+02	  -1.0424137e+02	
   5.8100000e+00	   3.4585496e+01	   3.2260287e+01	  -9.9975586e+01	  -1.0345292e+02	
   5.8200000e+00	   3.5856247e+01	   3.2770372e+01	  -9.8283691e+01	  -9.9394472e+01	
   5.8300000e+00	   3.4028320e+01	   3.3283183e+01	  -9.4504395e+01	  -9.6044136e+01	
   5.8400000e+00	   3.6315672e+01	   3.3754583e+01	  -9.3515625e+01	  -9.4069897e+01	
   5.8500000e+00	   3.5650972e+01	   3.4203370e+01	  -9.3273926e+01	  -9.3108039e+01	
   5.8600000e+00	   3.7058573e+01	   3.4649110e+01	  -8.9670410e+01	  -9.1863763e+01	
   5.8700000e+00	   3.6794648e+01	   3.5094977e+01	  -8.7517090e+01	  -8.8754278e+01	
   5.8800000e+00	   3.4956946e+01	   3.5485868e+01	  -8.5034180e+01	  -8.6079788e+01	
   5.8900000e+00	   3.5914897e+01	   3.5750222e+01	  -8.2551270e+01	  -8.3919345e+01	
   5.9000000e+00	   3.6823973e+01	   3.5932014e+01	  -8.0705566e+01	  -8.1604151e+01	
   5.9100000e+00	   3.8182699e+01	   3.6129291e+01	  -7.8244629e+01	  -7.9503443e+01	
   5.9200000e+00	   3.6589373e+01	   3.6361485e+01	  -7.6420898e+01	  -7.7370977e+01	
   5.9300000e+00	   3.8124049e+01	   3.6591531e+01	  -7.3146973e+01	  -7.4898694e+01	
   5.9400000e+00	   3.7684174e+01	   3.6822528e+01	  -7.2246094e+01	  -7.2601195e+01	
   5.9500000e+00	   3.8104499e+01	   3.7057173e+01	  -6.8884277e+01	  -7.0632400e+01	
   5.9600000e+00	   3.7586424e+01	   3.7272952e+01	  -6.4709473e+01	  -6.7192316e+01	
   5.9700000e+00	   3.8808300e+01	   3.7471469e+01	  -6.5544434e+01	  -6.4592692e+01	
   5.9800000e+00	   3.9844451e+01	   3.7702450e+01	  -6.2072754e+01	  -6.3888104e+01	
   5.9900000e+00	   3.9082000e+01	   3.7986542e+01	  -5.8710938e+01	  -6.0951482e+01	
   6.0000000e+00	   3.9854226e+01	   3.8287569e+01	  -5.7128906e+01	  -5.7565718e+01	
   6.0100000e+00	   4.0509151e+01	   3.8604132e+01	  -5.4448242e+01	  -5.5789038e+01	
   6.0200000e+00	   3.9551200e+01	   3.8927805e+01	  -5.2075195e+01	  -5.3462712e+01	
   6.0300000e+00	   4.1965628e+01	   3.9253201e+01	  -4.7680664e+01	  -5.0044162e+01	
   6.0400000e+00	   4.0323426e+01	   3.9598323e+01	  -4.6406250e+01	  -4.6896084e+01	
   6.0500000e+00	   4.0118151e+01	   3.9906775e+01	  -4.4670410e+01	  -4.5332310e+01	
   6.0600000e+00	   4.0382076e+01	   4.0131005e+01	  -4.0583496e+01	  -4.3069939e+01	
   6.0700000e+00	   4.1369352e+01	   4.0309512e+01	  -4.0231934e+01	  -4.0196572e+01	
   6.0800000e+00	   4.1643052e+01	   4.0494808e+01	  -3.8232422e+01	  -3.9044373e+01	
   6.0900000e+00	   4.0411401e+01	   4.0675657e+01	  -3.5485840e+01	  -3.7255417e+01	
   6.1000000e+00	   4.2503253e+01	   4.0837164e+01	  -3.2277832e+01	  -3.3954544e+01	
   6.1100000e+00	   4.1408452e+01	   4.1010590e+01	  -2.8212891e+01	  -3.0348203e+01	
   6.1200000e+00	   4.2258878e+01	   4.1192846e+01	  -2.6323242e+01	  -2.7150798e+01	
   6.1300000e+00	   4.2845378e+01	   4.1390073e+01	  -2.3049316e+01	  -2.4687570e+01	
   6.1400000e+00	   4.2679203e+01	   4.1618359e+01	  -1.9533691e+01	  -2.1546217e+01	
   6.1500000e+00	   4.3353679e+01	   4.1866875e+01	  -1.7578125e+01	  -1.8391305e+01	
   6.1600000e+00	   4.2825828e+01	   4.2121554e+01	  -1.7336426e+01	  -1.7171316e+01	
   6.1700000e+00	   4.2659653e+01	   4.2348733e+01	  -1.4084473e+01	  -1.6012857e+01	
   6.1800000e+00	   4.2180678e+01	   4.2513130e+01	  -1.3073730e+01	  -1.3644496e+01	
   6.1900000e+00	   4.3353679e+01	   4.2625037e+01	  -6.0644531e+00	  -9.9398486e+00	
   6.2000000e+00	   4.2620553e+01	   4.2717061e+01	  -6.7895508e+00	  -6.1748346e+00	
   6.2100000e+00	   4.3167954e+01	   4.2794046e+01	  -1.2304688e+00	  -3.9406031e+00	
   6.2200000e+00	   4.4037930e+01	   4.2879935e+01	   1.0107422e+00	  -5.5921704e-01	
   6.2300000e+00	   4.3871754e+01	   4.3007237e+01	   3.5595703e+00	   2.6808179e+00	
   6.2400000e+00	   4.3627379e+01	   4.3156762e+01	   6.3940430e+00	   4.8025996e+00	
   6.2500000e+00	   4.1994953e+01	   4.3262589e+01	   6.9873047e+00	   6.8321667e+00	
   6.2600000e+00	   4.3578504e+01	   4.3293215e+01	   9.1625977e+00	   8.0915374e+00	
   6.2700000e+00	   4.3412329e+01	   4.3300636e+01	   1.4853516e+01	   1.1390509e+01	
   6.2800000e+00	   4.3392779e+01	   4.3317312e+01	   1.5468750e+01	   1.5470997e+01	
   6.2900000e+00	   4.4125905e+01	   4.3349186e+01	   2.0390625e+01	   1.7951846e+01	
   6.3000000e+00	   4.5152281e+01	   4.3437915e+01	   2.3620605e+01	   2.1593062e+01	
   6.3100000e+00	   4.2219778e+01	   4.3553034e+01	   2.3510742e+01	   2.4172870e+01	
   6.3200000e+00	   4.5562831e+01	   4.3645795e+01	   2.9904785e+01	   2.6186791e+01	
   6.3300000e+00	   4.4165005e+01	   4.3764077e+01	   3.1223145e+01	   3.0414788e+01	
   6.3400000e+00	   4.5044755e+01	   4.3917887e+01	   3.4562988e+01	   3.3299131e+01	
   6.3500000e+00	   4.5103406e+01	   4.4090568e+01	   3.7353516e+01	   3.5627334e+01	
   6.3600000e+00	   4.5729006e+01	   4.4294068e+01	   4.0429688e+01	   3.8897082e+01	
   6.3700000e+00	   4.5621481e+01	   4.4525133e+01	   4.4099121e+01	   4.2168568e+01	
   6.3800000e+00	   4.4047705e+01	   4.4731953e+01	   4.1682129e+01	   4.3449318e+01	
   6.3900000e+00	   4.6598982e+01	   4.4892474e+01	   4.8779297e+01	   4.4657083e+01	
   6.4000000e+00	   4.3383004e+01	   4.5016689e+01	   4.9899902e+01	   4.9007419e+01	
   6.4100000e+00	   4.5533506e+01	   4.5072891e+01	   5.3393555e+01	   5.2184984e+01	
   6.4200000e+00	   4.4868805e+01	   4.5089401e+01	   5.8227539e+01	   5.5223549e+01	
   6.4300000e+00	   4.5269581e+01	   4.5103666e+01	   5.5788574e+01	   5.7674658e+01	
   6.4400000e+00	   4.3510079e+01	   4.5082758e+01	   6.1347656e+01	   5.8332177e+01	
   6.4500000e+00	   4.5083856e+01	   4.5009954e+01	   6.7060547e+01	   6.3241380e+01	
   6.4600000e+00	   4.4331180e+01	   4.4922474e+01	   6.8225098e+01	   6.8401057e+01	
   6.4700000e+00	   4.5836531e+01	   4.4864217e+01	   7.1652832e+01	   7.0021631e+01	
   6.4800000e+00	   4.4761280e+01	   4.4853136e+01	   7.4267578e+01	   7.2574203e+01	
   6.4900000e+00	   4.5445531e+01	   4.4873987e+01	   7.7167969e+01	   7.5836533e+01	
   6.5000000e+00	   4.5269581e+01	   4.4915998e+01	   7.6508789e+01	   7.7166515e+01	
   6.5100000e+00	   4.4282305e+01	   4.4955052e+01	   8.2133789e+01	   7.8856604e+01	
   6.5200000e+00	   4.6276407e+01	   4.4985931e+01	   8.4748535e+01	   8.3139449e+01	
   6.5300000e+00	   4.4389830e+01	   4.5031467e+01	   8.9692383e+01	   8.7408330e+01	
   6.5400000e+00	   4.6530557e+01	   4.5090009e+01	   9.3427734e+01	   9.1346643e+01	
   6.5500000e+00	   4.5914731e+01	   4.5187918e+01	   9.4108887e+01	   9.4180231e+01	
   6.5600000e+00	   4.5201156e+01	   4.5307136e+01	   9.8811035e+01	   9.6196973e+01	
   6.5700000e+00	   4.5992931e+01	   4.5405316e+01	   9.9580078e+01	   9.9144622e+01	
   6.5800000e+00	   4.5357556e+01	   4.5486826e+01	   1.0230469e+02	   1.0116874e+02	
   6.5900000e+00	   4.4428930e+01	   4.5522829e+01	   1.0522705e+02	   1.0342063e+02	
   6.6000000e+00	   4.4438705e+01	   4.5476889e+01	   1.0825928e+02	   1.0673225e+02	
   6.6100000e+00	   4.6550107e+01	   4.5406233e+01	   1.1364258e+02	   1.1069110e+02	
   6.6200000e+00	   4.5347781e+01	   4.5386257e+01	   1.1474121e+02	   1.1440964e+02	
   6.6300000e+00	   4.4712405e+01	   4.5381741e+01	   1.1753174e+02	   1.1631891e+02	
   6.6400000e+00	   4.5621481e+01	   4.5356093e+01	   1.2271729e+02	   1.1952852e+02	
   6.6500000e+00	   4.4125905e+01	   4.5312669e+01	   1.2427734e+02	   1.2372974e+02	
   6.6600000e+00	   4.8006583e+01	   4.5297456e+01	   1.2873779e+02	   1.2654462e+02	
   6.6700000e+00	   4.4751505e+01	   4.5362022e+01	   1.3117676e+02	   1.2973781e+02	
   6.6800000e+00	   4.5660581e+01	   4.5438017e+01	   1.3456055e+02	   1.3298528e+02	
   6.6900000e+00	   4.5768106e+01	   4.5488538e+01	   1.3759277e+02	   1.3594944e+02	
   6.7000000e+00	   4.4751505e+01	   4.5520822e+01	   1.3842773e+02	   1.3824238e+02	
   6.7100000e+00	   4.7048632e+01	   4.5546277e+01	   1.4115234e+02	   1.3972100e+02	
   6.7200000e+00	   4.7361433e+01	   4.5643439e+01	   1.4541504e+02	   1.4285299e+02	
   6.7300000e+00	   4.6403482e+01	   4.5818246e+01	   1.5090820e+02	   1.4795830e+02	
   6.7400000e+00	   4.5689906e+01	   4.5982281e+01	   1.5312744e+02	   1.5229441e+02	
   6.7500000e+00	   4.6814032e+01	   4.6100904e+01	   1.5611572e+02	   1.5474842e+02	
   6.7600000e+00	   4.6804257e+01	   4.6211499e+01	   1.5892822e+02	   1.5730046e+02	
   6.7700000e+00	   4.6902007e+01	   4.6332207e+01	   1.6297119e+02	   1.6082972e+02	
   6.7800000e+00	   4.6188432e+01	   4.6439103e+01	   1.6883789e+02	   1.6558663e+02	
   6.7900000e+00	   4.7097507e+01	   4.6520112e+01	   1.7110107e+02	   1.7019726e+02	
   6.8000000e+00	   4.6305732e+01	   4.6584293e+01	   1.7290283e+02	   1.7233430e+02	
   6.8100000e+00	   4.6364382e+01	   4.6620157e+01	   1.7600098e+02	   1.7415004e+02	
   6.8200000e+00	   4.7459183e+01	   4.6643420e+01	   1.7666016e+02	   1.7644849e+02	
   6.8300000e+00	   4.6794482e+01	   4.6688537e+01	   1.7784668e+02	   1.7743626e+02	
   6.8400000e+00	   4.7850183e+01	   4.6760534e+01	   1.7516602e+02	   1.7675876e+02	
   6.8500000e+00	   4.6452357e+01	   4.6844971e+01	  -1.3666992e+01	   1.0128483e+02	
   6.8600000e+00	   4.6002706e+01	   4.6886626e+01	  -1.8000000e+02	  -8.4628138e+01	
   6.8700000e+00	   4.8475784e+01	   4.6901032e+01	  -1.8000000e+02	  -2.0523045e+02	
   6.8800000e+00	   4.7967483e+01	   4.6976901e+01	  -1.8000000e+02	  -1.8935197e+02	
   6.8900000e+00	   4.8162983e+01	   4.7119270e+01	  -1.8000000e+02	  -1.7160367e+02	
   6.9000000e+00	   4.7087732e+01	   4.7268904e+01	  -1.7857178e+02	  -1.8071250e+02	
   6.9100000e+00	   4.5435756e+01	   4.7338735e+01	  -1.7595703e+02	  -1.7868086e+02	
   6.9200000e+00	   4.6686957e+01	   4.7288953e+01	  -1.7450684e+02	  -1.7447504e+02	
   6.9300000e+00	   4.8241183e+01	   4.7214751e+01	  -1.6659668e+02	  -1.7117323e+02	
   6.9400000e+00	   4.5601931e+01	   4.7165400e+01	  -1.6686035e+02	  -1.6656152e+02	
   6.9500000e+00	   4.5934281e+01	   4.7067829e+01	  -1.6468506e+02	  -1.6517179e+02	
   6.9600000e+00	   4.7214807e+01	   4.6933232e+01	  -1.6099365e+02	  -1.6354445e+02	
   6.9700000e+00	   4.6814032e+01	   4.6835762e+01	  -1.5405029e+02	  -1.5796031e+02	
   6.9800000e+00	   4.6589207e+01	   4.6775038e+01	  -1.5510498e+02	  -1.5387625e+02	
   6.9900000e+00	   4.8632184e+01	   4.6766709e+01	  -1.4974365e+02	  -1.5248909e+02	
   7.0000000e+00	   4.5777881e+01	   4.6812873e+01	  -1.4893066e+02	  -1.4969984e+02	
   7.0100000e+00	   4.7019307e+01	   4.6841592e+01	  -1.4497559e+02	  -1.4672003e+02	
   7.0200000e+00	   4.5777881e+01	   4.6824424e+01	  -1.4159180e+02	  -1.4362945e+02	
   7.0300000e+00	   4.7654683e+01	   4.6791965e+01	  -1.3873535e+02	  -1.4004101e+02	
   7.0400000e+00	   4.7996808e+01	   4.6809631e+01	  -1.3634033e+02	  -1.3747511e+02	
   7.0500000e+00	   4.5572606e+01	   4.6860774e+01	  -1.3190186e+02	  -1.3439667e+02	
   7.0600000e+00	   4.6442582e+01	   4.6856250e+01	  -1.3064941e+02	  -1.3113543e+02	
   7.0700000e+00	   4.7253908e+01	   4.6818939e+01	  -1.2906738e+02	  -1.2960706e+02	
   7.0800000e+00	   4.8602859e+01	   4.6840749e+01	  -1.2471680e+02	  -1.2737956e+02	
   7.0900000e+00	   4.6393707e+01	   4.6924835e+01	  -1.2177246e+02	  -1.2332556e+02	
   7.1000000e+00	   4.7087732e+01	   4.6994402e+01	  -1.1759766e+02	  -1.1961906e+02	
   7.1100000e+00	   4.7234357e+01	   4.7035523e+01	  -1.1546631e+02	  -1.1652876e+02	
   7.1200000e+00	   4.8837459e+01	   4.7107120e+01	  -1.1225830e+02	  -1.1383919e+02	
   7.1300000e+00	   4.6804257e+01	   4.7219013e+01	  -1.0995117e+02	  -1.1119044e+02	
   7.1400000e+00	   4.9267559e+01	   4.7347763e+01	  -1.0474365e+02	  -1.0759687e+02	
   7.1500000e+00	   4.7596033e+01	   4.7501519e+01	  -1.0344727e+02	  -1.0395750e+02	
   7.1600000e+00	   4.7420083e+01	   4.7637759e+01	  -9.9624023e+01	  -1.0145732e+02	
   7.1700000e+00	   4.7566708e+01	   4.7714129e+01	  -9.7119141e+01	  -9.8613931e+01	
   7.1800000e+00	   4.7214807e+01	   4.7741254e+01	  -9.4416504e+01	  -9.5639904e+01	
   7.1900000e+00	   4.6970432e+01	   4.7718519e+01	  -9.1384277e+01	  -9.3013522e+01	
   7.2000000e+00	   4.6432807e+01	   4.7637952e+01	  -8.8813477e+01	  -9.0129481e+01	
   7.2100000e+00	   4.8886334e+01	   4.7549539e+01	  -8.5209961e+01	  -8.7100604e+01	
   7.2200000e+00	   4.6872682e+01	   4.7510509e+01	  -8.2727051e+01	  -8.3986530e+01	
   7.2300000e+00	   4.7107282e+01	   4.7479390e+01	  -7.9958496e+01	  -8.1293445e+01	
   7.2400000e+00	   4.7967483e+01	   4.7442104e+01	  -7.7145996e+01	  -7.8659246e+01	
   7.2500000e+00	   4.7488508e+01	   4.7433500e+01	  -7.3828125e+01	  -7.5576903e+01	
   7.2600000e+00	   4.7214807e+01	   4.7436524e+01	  -7.0070801e+01	  -7.2063920e+01	
   7.2700000e+00	   4.7556933e+01	   4.7433020e+01	  -6.9279785e+01	  -6.9416930e+01	
   7.2800000e+00	   4.7928383e+01	   4.7441316e+01	  -6.6027832e+01	  -6.7720876e+01	
   7.2900000e+00	   4.7293008e+01	   4.7465544e+01	  -6.1940918e+01	  -6.4411817e+01	
   7.3000000e+00	   4.8026133e+01	   4.7494706e+01	  -5.9348145e+01	  -6.0480757e+01	
   7.3100000e+00	   4.7742658e+01	   4.7535684e+01	  -5.7436523e+01	  -5.8204626e+01	
   7.3200000e+00	   4.7332108e+01	   4.7576040e+01	  -5.4096680e+01	  -5.5997665e+01	
   7.3300000e+00	   4.8436684e+01	   4.7612755e+01	  -4.8757324e+01	  -5.1807333e+01	
   7.3400000e+00	   4.7371208e+01	   4.7658910e+01	  -4.7856445e+01	  -4.7949425e+01	
   7.3500000e+00	   4.8896109e+01	   4.7717423e+01	  -4.5483398e+01	  -4.6472329e+01	
   7.3600000e+00	   4.6706507e+01	   4.7775038e+01	  -4.2978516e+01	  -4.4583483e+01	
   7.3700000e+00	   4.7283233e+01	   4.7781708e+01	  -3.9858398e+01	  -4.1460530e+01	
   7.3800000e+00	   4.7273458e+01	   4.7734163e+01	  -3.4826660e+01	  -3.7593036e+01	
   7.3900000e+00	   4.7077957e+01	   4.7662929e+01	  -3.3530273e+01	  -3.3967169e+01	
   7.4000000e+00	   4.7899058e+01	   4.7590668e+01	  -3.1574707e+01	  -3.2315315e+01	
   7.4100000e+00	   4.7742658e+01	   4.7549465e+01	  -2.8784180e+01	  -3.0505800e+01	
   7.4200000e+00	   4.8651734e+01	   4.7559958e+01	  -2.4873047e+01	  -2.7018009e+01	
   7.4300000e+00	   4.7918608e+01	   4.7621413e+01	  -2.2412109e+01	  -2.3544956e+01	
   7.4400000e+00	   4.8035908e+01	   4.7701781e+01	  -1.9775391e+01	  -2.1022794e+01	
   7.4500000e+00	   4.8338934e+01	   4.7783897e+01	  -1.6259766e+01	  -1.8232353e+01	
   7.4600000e+00	   4.7478733e+01	   4.7857789e+01	  -9.1625977e+00	  -1.3196579e+01	
   7.4700000e+00	   4.9394634e+01	   4.7930482e+01	  -7.9760742e+00	  -8.2089772e+00	
   7.4800000e+00	   4.8192308e+01	   4.8032100e+01	  -8.4594727e+00	  -7.5212535e+00	
   7.4900000e+00	   4.8593084e+01	   4.8142338e+01	  -3.3398438e+00	  -6.6625562e+00	
   7.5000000e+00	   4.8221633e+01	   4.8233741e+01	  -5.2734375e-01	  -2.1960869e+00	
   7.5100000e+00	   4.8514884e+01	   4.8304739e+01	   9.4482422e-01	   7.6615365e-01	
   7.5200000e+00	   4.7693783e+01	   4.8344775e+01	   3.4716797e+00	   2.0386246e+00	
   7.5300000e+00	   4.8378034e+01	   4.8348389e+01	   9.2065430e+00	   5.7864255e+00	
   7.5400000e+00	   4.8671284e+01	   4.8345235e+01	   1.1250000e+01	   1.0429382e+01	
   7.5500000e+00	   4.8446459e+01	   4.8359001e+01	   1.3073730e+01	   1.2537108e+01	
   7.5600000e+00	   4.9883385e+01	   4.8408228e+01	   1.9116211e+01	   1.5440780e+01	
   7.5700000e+00	   4.6950882e+01	   4.8470552e+01	   1.8171387e+01	   1.9028293e+01	
   7.5800000e+00	   4.8514884e+01	   4.8478748e+01	   2.3269043e+01	   2.0754071e+01	
   7.5900000e+00	   4.7820858e+01	   4.8441559e+01	   2.4345703e+01	   2.3455240e+01	
   7.6000000e+00	   4.7077957e+01	   4.8366863e+01	   2.7839355e+01	   2.6323907e+01	
   7.6100000e+00	   4.7703558e+01	   4.8242898e+01	   3.2189941e+01	   2.9593183e+01	
   7.6200000e+00	   4.6100456e+01	   4.8075307e+01	   3.2541504e+01	   3.2733216e+01	
   7.6300000e+00	   4.7869733e+01	   4.7876904e+01	   3.9243164e+01	   3.5533009e+01	
   7.6400000e+00	   4.8026133e+01	   4.7716689e+01	   4.2473145e+01	   4.0530326e+01	
   7.6500000e+00	   4.7459183e+01	   4.7624267e+01	   4.2824707e+01	   4.3423629e+01	
   7.6600000e+00	   4.8553984e+01	   4.7585104e+01	   4.6757813e+01	   4.4454251e+01	
   7.6700000e+00	   4.7302783e+01	   4.7590704e+01	   4.9768066e+01	   4.7900782e+01	
   7.6800000e+00	   4.6110231e+01	   4.7572344e+01	   5.3063965e+01	   5.1610391e+01	
   7.6900000e+00	   4.8485559e+01	   4.7514767e+01	   5.5107422e+01	   5.4122007e+01	
   7.7000000e+00	   4.7987033e+01	   4.7498111e+01	   5.9699707e+01	   5.7153781e+01	
   7.7100000e+00	   4.9042734e+01	   4.7557919e+01	   6.2841797e+01	   6.1165184e+01	
   7.7200000e+00	   4.7263683e+01	   4.7658626e+01	   6.5346680e+01	   6.4325792e+01	
   7.7300000e+00	   4.7840408e+01	   4.7738799e+01	   7.1784668e+01	   6.8081893e+01	
   7.7400000e+00	   4.5963606e+01	   4.7749106e+01	   7.3081055e+01	   7.2601417e+01	
   7.7500000e+00	   4.6462132e+01	   4.7659986e+01	   7.3872070e+01	   7.4039439e+01	
   7.7600000e+00	   4.6989982e+01	   4.7507189e+01	   7.9233398e+01	   7.5847564e+01	
   7.7700000e+00	   4.8905884e+01	   4.7395521e+01	   8.1364746e+01	   8.0237609e+01	
   7.7800000e+00	   4.7693783e+01	   4.7382414e+01	   8.3320313e+01	   8.2792816e+01	
   7.7900000e+00	   4.8612634e+01	   4.7441818e+01	   8.6945801e+01	   8.4772379e+01	
   7.8000000e+00	   4.7537383e+01	   4.7533924e+01	   9.1010742e+01	   8.8734133e+01	
   7.8100000e+00	   4.6550107e+01	   4.7595041e+01	   9.3471680e+01	   9.2445877e+01	
   7.8200000e+00	   4.6178657e+01	   4.7562663e+01	   9.7360840e+01	   9.5337343e+01	
   7.8300000e+00	   4.8544209e+01	   4.7485684e+01	   9.8591309e+01	   9.8030563e+01	
   7.8400000e+00	   4.7449408e+01	   4.7451853e+01	   1.0412842e+02	   1.0112104e+02	
   7.8500000e+00	   4.9160034e+01	   4.7486301e+01	   1.0474365e+02	   1.0450768e+02	
   7.8600000e+00	   4.8651734e+01	   4.7598287e+01	   1.1047852e+02	   1.0754371e+02	
   7.8700000e+00	   4.7478733e+01	   4.7741388e+01	   1.1485107e+02	   1.1219907e+02	
   7.8800000e+00	   4.8192308e+01	   4.7849954e+01	   1.1177490e+02	   1.1434700e+02	
   7.8900000e+00	   4.9443510e+01	   4.7957883e+01	   1.2100342e+02	   1.1555665e+02	
   7.9000000e+00	   4.7400533e+01	   4.8080291e+01	   1.2113525e+02	   1.2075972e+02	
   7.9100000e+00	   4.7547158e+01	   4.8148165e+01	   1.2585938e+02	   1.2416353e+02	
   7.9200000e+00	   4.7928383e+01	   4.8148126e+01	   1.2911133e+02	   1.2690852e+02	
   7.9300000e+00	   4.6970432e+01	   4.8103554e+01	   1.3069336e+02	   1.3024068e+02	
   7.9400000e+00	   4.8162983e+01	   4.8027129e+01	   1.3148438e+02	   1.3129221e+02	
   7.9500000e+00	   4.8084783e+01	   4.7963506e+01	   1.4099854e+02	   1.3521260e+02	
   7.9600000e+00	   4.8026133e+01	   4.7932837e+01	   1.4381104e+02	   1.4241465e+02	
   7.9700000e+00	   4.8583309e+01	   4.7933030e+01	   1.4517334e+02	   1.4544323e+02	
   7.9800000e+00	   4.8426909e+01	   4.7971062e+01	   1.4614014e+02	   1.4545903e+02	
   7.9900000e+00	   4.8299833e+01	   4.8032662e+01	   1.5156738e+02	   1.4827382e+02	
   8.0000000e+00	   4.7889283e+01	   4.8087940e+01	   1.5826904e+02	   1.5447928e+02	
   8.0100000e+00	   4.7713333e+01	   4.8112144e+01	   1.5464355e+02	   1.5758530e+02	
   8.0200000e+00	   4.8612634e+01	   4.8117225e+01	   1.6160889e+02	   1.5773323e+02	
   8.0300000e+00	   4.8114108e+01	   4.8132208e+01	   1.6576172e+02	   1.6272830e+02	
   8.0400000e+00	   4.6882457e+01	   4.8125640e+01	   1.6699219e+02	   1.6731113e+02	
   8.0500000e+00	   4.7752433e+01	   4.8063766e+01	   1.6943115e+02	   1.6818219e+02	
   8.0600000e+00	   4.7214807e+01	   4.7970804e+01	   1.7525391e+02	   1.7163201e+02	
   8.0700000e+00	   4.7947933e+01	   4.7875971e+01	   1.7520996e+02	   1.7568120e+02	
   8.0800000e+00	   4.7850183e+01	   4.7804244e+01	   1.7611084e+02	   1.7610619e+02	
   8.0900000e+00	   4.6794482e+01	   4.7742693e+01	   1.7655029e+02	   1.7601612e+02	
   8.1000000e+00	   4.8055458e+01	   4.7673571e+01	  -1.0502930e+01	   1.0346206e+02	
   8.1100000e+00	   4.6774932e+01	   4.7608876e+01	  -1.3029785e+01	  -1.6927704e+01	
   8.1200000e+00	   4.8769034e+01	   4.7566156e+01	  -1.8000000e+02	  -9.8752900e+01	
   8.1300000e+00	   4.7322333e+01	   4.7566286e+01	  -1.8000000e+02	  -1.7661373e+02	
   8.1400000e+00	   4.6970432e+01	   4.7568758e+01	  -1.8000000e+02	  -1.9716078e+02	
   8.1500000e+00	   4.7586258e+01	   4.7541714e+01	  -1.8000000e+02	  -1.7432171e+02	
   8.1600000e+00	   4.6481682e+01	   4.7493396e+01	  -1.7795654e+02	  -1.7793826e+02	
   8.1700000e+00	   4.8661509e+01	   4.7447094e+01	  -1.7345215e+02	  -1.7771201e+02	
   8.1800000e+00	   4.7146382e+01	   4.7440750e+01	  -1.6998047e+02	  -1.7140370e+02	
   8.1900000e+00	   4.8280283e+01	   4.7466235e+01	  -1.6778320e+02	  -1.6843931e+02	
   8.2000000e+00	   4.8280283e+01	   4.7525202e+01	  -1.6222412e+02	  -1.6551620e+02	
   8.2100000e+00	   4.7136607e+01	   4.7600710e+01	  -1.6266357e+02	  -1.6213802e+02	
   8.2200000e+00	   4.7732883e+01	   4.7646799e+01	  -1.5949951e+02	  -1.6088901e+02	
   8.2300000e+00	   4.6247082e+01	   4.7641458e+01	  -1.5543457e+02	  -1.5811685e+02	
   8.2400000e+00	   4.7586258e+01	   4.7582753e+01	  -1.5033691e+02	  -1.5297119e+02	
   8.2500000e+00	   4.8466009e+01	   4.7536157e+01	  -1.4787598e+02	  -1.4887189e+02	
   8.2600000e+00	   4.8876559e+01	   4.7571547e+01	  -1.4614014e+02	  -1.4679399e+02	
   8.2700000e+00	   4.6853132e+01	   4.7650199e+01	  -1.4051514e+02	  -1.4384163e+02	
   8.2800000e+00	   4.7635133e+01	   4.7692954e+01	  -1.3853760e+02	  -1.3948379e+02	
   8.2900000e+00	   4.9629235e+01	   4.7740072e+01	  -1.3478027e+02	  -1.3645285e+02	
   8.3000000e+00	   4.7586258e+01	   4.7840977e+01	  -1.3495605e+02	  -1.3478035e+02	
   8.3100000e+00	   4.7478733e+01	   4.7924100e+01	  -1.3170410e+02	  -1.3338649e+02	
   8.3200000e+00	   4.8514884e+01	   4.7964602e+01	  -1.2761719e+02	  -1.3015328e+02	
   8.3300000e+00	   4.8817909e+01	   4.8020061e+01	  -1.2392578e+02	  -1.2570509e+02	
   8.3400000e+00	   4.7908833e+01	   4.8095380e+01	  -1.2309082e+02	  -1.2316667e+02	
   8.3500000e+00	   4.9453285e+01	   4.8177975e+01	  -1.1680664e+02	  -1.2041840e+02	
   8.3600000e+00	   4.9453285e+01	   4.8302380e+01	  -1.1434570e+02	  -1.1572277e+02	
   8.3700000e+00	   4.8524659e+01	   4.8455973e+01	  -1.1190674e+02	  -1.1265631e+02	
   8.3800000e+00	   4.7195257e+01	   4.8551950e+01	  -1.0799561e+02	  -1.1030640e+02	
   8.3900000e+00	   4.8827684e+01	   4.8564000e+01	  -1.0544678e+02	  -1.0676218e+02	
   8.4000000e+00	   4.9228459e+01	   4.8568175e+01	  -1.0230469e+02	  -1.0377694e+02	
   8.4100000e+00	   4.8084783e+01	   4.8592878e+01	  -1.0118408e+02	  -1.0167888e+02	
   8.4200000e+00	   4.6579432e+01	   4.8560641e+01	  -9.7404785e+01	  -9.9453077e+01	
   8.4300000e+00	   4.8221633e+01	   4.8444021e+01	  -9.4592285e+01	  -9.6189293e+01	
   8.4400000e+00	   4.7889283e+01	   4.8311706e+01	  -9.1845703e+01	  -9.3076124e+01	
   8.4500000e+00	   4.7517833e+01	   4.8192126e+01	  -8.9318848e+01	  -9.0626473e+01	
   8.4600000e+00	   4.8162983e+01	   4.8081682e+01	  -8.7802734e+01	  -8.8495450e+01	
   8.4700000e+00	   4.7429858e+01	   4.7989699e+01	  -8.4375000e+01	  -8.6245739e+01	
   8.4800000e+00	   4.8338934e+01	   4.7918712e+01	  -8.0354004e+01	  -8.2644697e+01	
   8.4900000e+00	   4.8172758e+01	   4.7885348e+01	  -7.7409668e+01	  -7.8775171e+01	
   8.5000000e+00	   4.7390758e+01	   4.7874671e+01	  -7.4575195e+01	  -7.5922970e+01	
   8.5100000e+00	   4.8250958e+01	   4.7861929e+01	  -7.0751953e+01	  -7.2867794e+01	
   8.5200000e+00	   4.7341883e+01	   4.7849477e+01	  -6.7302246e+01	  -6.9103704e+01	
   8.5300000e+00	   4.7224582e+01	   4.7816615e+01	  -6.7016602e+01	  -6.6784947e+01	
   8.5400000e+00	   4.7684008e+01	   4.7759561e+01	  -6.3479004e+01	  -6.5420911e+01	
   8.5500000e+00	   4.6726057e+01	   4.7688435e+01	  -5.9765625e+01	  -6.2045271e+01	
   8.5600000e+00	   4.7253908e+01	   4.7595347e+01	  -5.7084961e+01	  -5.8219978e+01	
   8.5700000e+00	   4.7547158e+01	   4.7503504e+01	  -5.4404297e+01	  -5.5694235e+01	
   8.5800000e+00	   4.8133658e+01	   4.7453997e+01	  -4.9746094e+01	  -5.2406578e+01	
   8.5900000e+00	   4.9062284e+01	   4.7483716e+01	  -4.7790527e+01	  -4.8655871e+01	
   8.6000000e+00	   4.7214807e+01	   4.7573834e+01	  -4.5944824e+01	  -4.6609857e+01	
   8.6100000e+00	   4.7449408e+01	   4.7644605e+01	  -4.3439941e+01	  -4.4910250e+01	
   8.6200000e+00	   4.7947933e+01	   4.7679614e+01	  -3.9265137e+01	  -4.1622403e+01	
   8.6300000e+00	   4.7811083e+01	   4.7710862e+01	  -3.5727539e+01	  -3.7538022e+01	
   8.6400000e+00	   4.8192308e+01	   4.7749358e+01	  -3.1970215e+01	  -3.3818222e+01	
   8.6500000e+00	   4.7644908e+01	   4.7790981e+01	  -3.1442871e+01	  -3.1461068e+01	
   8.6600000e+00	   4.8788584e+01	   4.7839905e+01	  -2.6455078e+01	  -2.9225482e+01	
   8.6700000e+00	   4.6256857e+01	   4.7873678e+01	  -2.6279297e+01	  -2.6334199e+01	
   8.6800000e+00	   4.7576483e+01	   4.7842802e+01	  -2.2807617e+01	  -2.4392297e+01	
   8.6900000e+00	   4.7283233e+01	   4.7769213e+01	  -1.6105957e+01	  -2.0267468e+01	
   8.7000000e+00	   4.8153208e+01	   4.7706338e+01	  -1.5578613e+01	  -1.5361800e+01	
   8.7100000e+00	   4.8417134e+01	   4.7689740e+01	  -1.4787598e+01	  -1.4637396e+01	
   8.7200000e+00	   4.8172758e+01	   4.7727320e+01	  -1.0239258e+01	  -1.3260288e+01	
   8.7300000e+00	   4.7967483e+01	   4.7787991e+01	  -5.7788086e+00	  -8.2960746e+00	
   8.7400000e+00	   4.8378034e+01	   4.7853690e+01	  -3.4057617e+00	  -4.2004939e+00	
   8.7500000e+00	   4.8544209e+01	   4.7933040e+01	  -3.1201172e+00	  -2.9713615e+00	
   8.7600000e+00	   4.8094558e+01	   4.8020661e+01	   5.1635742e+00	   1.6639011e-01	
   8.7700000e+00	   4.7762208e+01	   4.8085149e+01	   2.7246094e+00	   4.4069598e+00	
   8.7800000e+00	   4.8407359e+01	   4.8120197e+01	   8.6572266e+00	   5.8799739e+00	
   8.7900000e+00	   4.7214807e+01	   4.8128837e+01	   8.8330078e+00	   8.2629106e+00	
   8.8000000e+00	   4.9335984e+01	   4.8127501e+01	   1.3974609e+01	   1.1565228e+01	
   8.8100000e+00	   4.8016358e+01	   4.8154624e+01	   1.9775391e+01	   1.6241343e+01	
   8.8200000e+00	   4.8573534e+01	   4.8198604e+01	   2.3203125e+01	   2.1760339e+01	
   8.8300000e+00	   4.7644908e+01	   4.8227090e+01	   2.2587891e+01	   2.3517342e+01	
   8.8400000e+00	   4.7517833e+01	   4.8214689e+01	   2.2917480e+01	   2.2776224e+01	
   8.8500000e+00	   4.6931332e+01	   4.8141528e+01	   2.9575195e+01	   2.5328638e+01	
   8.8600000e+00	   4.7253908e+01	   4.8015644e+01	   3.0959473e+01	   3.0412075e+01	
   8.8700000e+00	   4.7987033e+01	   4.7881960e+01	   3.7792969e+01	   3.4396831e+01	
   8.8800000e+00	   4.8348709e+01	   4.7797203e+01	   3.8122559e+01	   3.7948018e+01	
   8.8900000e+00	   4.7674233e+01	   4.7766339e+01	   3.9814453e+01	   3.9449731e+01	
   8.9000000e+00	   4.7879508e+01	   4.7756813e+01	   4.0957031e+01	   4.0099738e+01	
   8.9100000e+00	   4.7459183e+01	   4.7747996e+01	   4.5900879e+01	   4.3056550e+01	
   8.9200000e+00	   4.7332108e+01	   4.7725029e+01	   4.9833984e+01	   4.7692351e+01	
   8.9300000e+00	   4.7146382e+01	   4.7677557e+01	   5.0998535e+01	   5.0869070e+01	
   8.9400000e+00	   4.8084783e+01	   4.7627016e+01	   5.6206055e+01	   5.3275937e+01	
   8.9500000e+00	   4.8211858e+01	   4.7615081e+01	   5.8974609e+01	   5.7379425e+01	
   8.9600000e+00	   4.8436684e+01	   4.7657331e+01	   6.0139160e+01	   6.0052259e+01	
   8.9700000e+00	   4.8026133e+01	   4.7734275e+01	   6.8642578e+01	   6.3583633e+01	
   8.9800000e+00	   4.7820858e+01	   4.7811193e+01	   6.7346191e+01	   6.8359102e+01	
   8.9900000e+00	   4.7293008e+01	   4.7854822e+01	   7.1718750e+01	   6.9927122e+01	
   9.0000000e+00	   4.8114108e+01	   4.7864762e+01	   7.6574707e+01	   7.3227848e+01	
   9.0100000e+00	   4.8514884e+01	   4.7882727e+01	   7.6179199e+01	   7.7058078e+01	
   9.0200000e+00	   4.8661509e+01	   4.7939928e+01	   8.5847168e+01	   8.0370549e+01	
   9.0300000e+00	   4.9981135e+01	   4.8058138e+01	   8.8132324e+01	   8.6702812e+01	
   9.0400000e+00	   4.6295957e+01	   4.8187921e+01	   8.6286621e+01	   8.8563893e+01	
   9.0500000e+00	   4.8876559e+01	   4.8245007e+01	   9.1406250e+01	   8.8089394e+01	
   9.0600000e+00	   4.7400533e+01	   4.8250883e+01	   9.3515625e+01	   9.2010477e+01	
   9.0700000e+00	   4.8153208e+01	   4.8231100e+01	   9.7316895e+01	   9.5796458e+01	
   9.0800000e+00	   4.6530557e+01	   4.8164450e+01	   1.0043701e+02	   9.8651258e+01	
   9.0900000e+00	   4.8172758e+01	   4.8056017e+01	   1.0393066e+02	   1.0215177e+02	
   9.1000000e+00	   4.7420083e+01	   4.7947755e+01	   1.0573242e+02	   1.0495971e+02	
   9.1100000e+00	   4.9619460e+01	   4.7895218e+01	   1.1195068e+02	   1.0844745e+02	
   9.1200000e+00	   4.8387809e+01	   4.7931131e+01	   1.1278564e+02	   1.1250749e+02	
   9.1300000e+00	   4.8035908e+01	   4.8008518e+01	   1.1636719e+02	   1.1481275e+02	
   9.1400000e+00	   4.9179584e+01	   4.8090388e+01	   1.2161865e+02	   1.1835088e+02	
   9.1500000e+00	   4.8075008e+01	   4.8185241e+01	   1.2045410e+02	   1.2164807e+02	
   9.1600000e+00	   4.8602859e+01	   4.8270005e+01	   1.2372803e+02	   1.2216168e+02	
   9.1700000e+00	   4.9306659e+01	   4.8354641e+01	   1.2939697e+02	   1.2565138e+02	
   9.1800000e+00	   4.7058407e+01	   4.8426114e+01	   1.3282471e+02	   1.3132079e+02	
   9.1900000e+00	   4.7938158e+01	   4.8424902e+01	   1.3636230e+02	   1.3482809e+02	
   9.2000000e+00	   4.7918608e+01	   4.8366962e+01	   1.4218506e+02	   1.3881071e+02	
   9.2100000e+00	   4.8035908e+01	   4.8296532e+01	   1.4148193e+02	   1.4231877e+02	
   9.2200000e+00	   4.9277334e+01	   4.8253002e+01	   1.4468994e+02	   1.4322633e+02	
   9.2300000e+00	   4.8309608e+01	   4.8263004e+01	   1.4969971e+02	   1.4640019e+02	
   9.2400000e+00	   4.9013409e+01	   4.8306733e+01	   1.5099609e+02	   1.5073338e+02	
   9.2500000e+00	   4.7527608e+01	   4.8347574e+01	   1.5435791e+02	   1.5280140e+02	
   9.2600000e+00	   4.7928383e+01	   4.8345785e+01	   1.5809326e+02	   1.5578900e+02	
   9.2700000e+00	   4.8114108e+01	   4.8306788e+01	   1.6255371e+02	   1.6026474e+02	
   9.2800000e+00	   4.7498283e+01	   4.8250200e+01	   1.6297119e+02	   1.6314203e+02	
   9.2900000e+00	   4.8954759e+01	   4.8195122e+01	   1.6795898e+02	   1.6522656e+02	
   9.3000000e+00	   4.6823807e+01	   4.8148775e+01	   1.7173828e+02	   1.6943900e+02	
   9.3100000e+00	   4.8221633e+01	   4.8083480e+01	   1.7488037e+02	   1.7361367e+02	
   9.3200000e+00	   4.8075008e+01	   4.8021684e+01	   1.7756104e+02	   1.7623339e+02	
   9.3300000e+00	   4.6960657e+01	   4.7966899e+01	   1.7817627e+02	   1.7801632e+02	
   9.3400000e+00	   4.9414184e+01	   4.7922583e+01	   1.7819824e+02	   1.7838366e+02	
   9.3500000e+00	   4.6579432e+01	   4.7907780e+01	  -1.3842773e+01	   1.0300423e+02	
   9.3600000e+00	   4.8729934e+01	   4.7891696e+01	  -1.1491699e+01	  -1.8589318e+01	
   9.3700000e+00	   4.9111159e+01	   4.7913186e+01	  -1.8000000e+02	  -9.8152423e+01	
   9.3800000e+00	   4.8505109e+01	   4.8003378e+01	  -1.8000000e+02	  -1.7590834e+02	
   9.3900000e+00	   4.8905884e+01	   4.8121749e+01	  -1.8000000e+02	  -1.9753902e+02	
   9.4000000e+00	   4.9472835e+01	   4.8263996e+01	  -1.7868164e+02	  -1.7380414e+02	
   9.4100000e+00	   4.7977258e+01	   4.8410914e+01	  -1.7466064e+02	  -1.7573380e+02	
   9.4200000e+00	   4.6872682e+01	   4.8478156e+01	  -1.7354004e+02	  -1.7556683e+02	
   9.4300000e+00	   4.9042734e+01	   4.8458074e+01	  -1.6921143e+02	  -1.7110610e+02	
   9.4400000e+00	   4.8299833e+01	   4.8433660e+01	  -1.6589355e+02	  -1.6766234e+02	
   9.4500000e+00	   4.8114108e+01	   4.8418441e+01	  -1.6013672e+02	  -1.6326479e+02	
   9.4600000e+00	   4.9463060e+01	   4.8415054e+01	  -1.5980713e+02	  -1.5963105e+02	
   9.4700000e+00	   4.8857009e+01	   4.8457809e+01	  -1.5684082e+02	  -1.5816329e+02	
   9.4800000e+00	   4.6706507e+01	   4.8486281e+01	  -1.5525879e+02	  -1.5634748e+02	
   9.4900000e+00	   4.8055458e+01	   4.8431847e+01	  -1.5123779e+02	  -1.5333329e+02	
   9.5000000e+00	   4.7644908e+01	   4.8331362e+01	  -1.4811768e+02	  -1.4981544e+02	
   9.5100000e+00	   4.8182533e+01	   4.8230813e+01	  -1.4611816e+02	  -1.4690754e+02	
   9.5200000e+00	   4.6911782e+01	   4.8126130e+01	  -1.4198730e+02	  -1.4426841e+02	
   9.5300000e+00	   4.8632184e+01	   4.8021510e+01	  -1.3853760e+02	  -1.4044747e+02	
   9.5400000e+00	   4.6403482e+01	   4.7924159e+01	  -1.3713135e+02	  -1.3750934e+02	
   9.5500000e+00	   4.6716282e+01	   4.7790603e+01	  -1.3392334e+02	  -1.3563723e+02	
   9.5600000e+00	   4.7899058e+01	   4.7636114e+01	  -1.3069336e+02	  -1.3257922e+02	
   9.5700000e+00	   4.7967483e+01	   4.7535777e+01	  -1.2715576e+02	  -1.2890801e+02	
   9.5800000e+00	   4.8847234e+01	   4.7522399e+01	  -1.2355225e+02	  -1.2542046e+02	
   9.5900000e+00	   4.7742658e+01	   4.7580396e+01	  -1.2124512e+02	  -1.2232047e+02	
   9.6000000e+00	   4.8534434e+01	   4.7668713e+01	  -1.1808105e+02	  -1.1969480e+02	
   9.6100000e+00	   4.7136607e+01	   4.7750927e+01	  -1.1594971e+02	  -1.1705873e+02	
   9.6200000e+00	   4.8299833e+01	   4.7805739e+01	  -1.1379639e+02	  -1.1479795e+02	
   9.6300000e+00	   4.7244132e+01	   4.7836022e+01	  -1.1243408e+02	  -1.1309702e+02	
   9.6400000e+00	   4.9551035e+01	   4.7875427e+01	  -1.0597412e+02	  -1.0973133e+02	
   9.6500000e+00	   4.8309608e+01	   4.7964045e+01	  -1.0342529e+02	  -1.0472152e+02	
   9.6600000e+00	   4.7214807e+01	   4.8051585e+01	  -9.9492188e+01	  -1.0116976e+02	
   9.6700000e+00	   4.7693783e+01	   4.8072115e+01	  -9.7229004e+01	  -9.8501792e+01	
   9.6800000e+00	   4.8006583e+01	   4.8051551e+01	  -9.4372559e+01	  -9.5754847e+01	
   9.6900000e+00	   4.7840408e+01	   4.8025131e+01	  -9.3120117e+01	  -9.3680901e+01	
   9.7000000e+00	   4.7625358e+01	   4.7992365e+01	  -8.8945313e+01	  -9.1253346e+01	
   9.7100000e+00	   4.7987033e+01	   4.7953451e+01	  -8.5429688e+01	  -8.7423089e+01	
   9.7200000e+00	   4.8857009e+01	   4.7941399e+01	  -8.2924805e+01	  -8.3948247e+01	
   9.7300000e+00	   4.8055458e+01	   4.7973654e+01	  -8.0529785e+01	  -8.1708773e+01	
   9.7400000e+00	   4.8211858e+01	   4.8020151e+01	  -7.6992188e+01	  -7.8977596e+01	
   9.7500000e+00	   4.7684008e+01	   4.8051630e+01	  -7.3959961e+01	  -7.5532713e+01	
   9.7600000e+00	   4.7908833e+01	   4.8057404e+01	  -7.1279297e+01	  -7.2533833e+01	
   9.7700000e+00	   4.8641959e+01	   4.8059380e+01	  -6.9455566e+01	  -7.0318174e+01	
   9.7800000e+00	   4.7488508e+01	   4.8069559e+01	  -6.5808105e+01	  -6.7820345e+01	
   9.7900000e+00	   4.7253908e+01	   4.8047863e+01	  -6.2402344e+01	  -6.4275971e+01	
   9.8000000e+00	   4.7439633e+01	   4.7978608e+01	  -5.6931152e+01	  -5.9840781e+01	
   9.8100000e+00	   4.7830633e+01	   4.7895017e+01	  -5.6931152e+01	  -5.6558807e+01	
   9.8200000e+00	   4.6051581e+01	   4.7792651e+01	  -5.5480957e+01	  -5.5931480e+01	
   9.8300000e+00	   4.6921557e+01	   4.7640334e+01	  -5.0734863e+01	  -5.3813614e+01	
   9.8400000e+00	   4.7596033e+01	   4.7480977e+01	  -4.9152832e+01	  -4.9817812e+01	
   9.8500000e+00	   4.7957708e+01	   4.7381734e+01	  -4.3044434e+01	  -4.6223120e+01	
   9.8600000e+00	   4.7615583e+01	   4.7350220e+01	  -4.3352051e+01	  -4.3054304e+01	
   9.8700000e+00	   4.6941107e+01	   4.7344651e+01	  -4.0935059e+01	  -4.1833639e+01	
   9.8800000e+00	   4.8114108e+01	   4.7345764e+01	  -3.6979980e+01	  -3.9586119e+01	
   9.8900000e+00	   4.6716282e+01	   4.7356572e+01	  -3.5288086e+01	  -3.5952183e+01	
   9.9000000e+00	   4.7977258e+01	   4.7365464e+01	  -3.2629395e+01	  -3.3822719e+01	
   9.9100000e+00	   4.9160034e+01	   4.7418744e+01	  -2.5949707e+01	  -2.9964215e+01	
   9.9200000e+00	   4.7713333e+01	   4.7539990e+01	  -2.2236328e+01	  -2.4085400e+01	
   9.9300000e+00	   4.7654683e+01	   4.7659554e+01	  -2.1555176e+01	  -2.1226423e+01	
   9.9400000e+00	   4.7703558e+01	   4.7738004e+01	  -1.9401855e+01	  -2.0605089e+01	
   9.9500000e+00	   4.6745607e+01	   4.7765331e+01	  -1.6677246e+01	  -1.8376383e+01	
   9.9600000e+00	   4.6774932e+01	   4.7720767e+01	  -1.2414551e+01	  -1.4678327e+01	
   9.9700000e+00	   4.7879508e+01	   4.7637798e+01	  -1.2150879e+01	  -1.1975564e+01	
   9.9800000e+00	   4.8915659e+01	   4.7602629e+01	  -5.8886719e+00	  -9.3733071e+00	
   9.9900000e+00	   4.9032959e+01	   4.7667100e+01	  -5.0976563e+00	  -5.5501676e+00	
   1.0000000e+01	   4.9619460e+01	   4.7827596e+01	   2.8564453e-01	  -2.2960759e+00	
