   0.0000000e+00	  -1.2594622e+00	  -1.7220468e-01	  -8.6132813e+01	  -1.1776831e+01	
   5.0000000e-01	  -3.2304891e+01	  -4.7143256e+00	  -1.4385498e+02	  -4.0002308e+01	
   1.0000000e+00	  -4.4973302e+01	  -1.3991308e+01	   1.1023682e+02	  -3.3659947e+01	
   1.5000000e+00	  -4.8316356e+01	  -2.2920657e+01	  -3.7770996e+01	  -1.4547223e+01	
   2.0000000e+00	  -4.9284081e+01	  -2.9997617e+01	  -1.8000000e+02	  -4.0344729e+01	
   2.5000000e+00	  -4.9313406e+01	  -3.5275654e+01	   3.0893555e+01	  -4.9699297e+01	
   3.0000000e+00	  -4.9440482e+01	  -3.9131757e+01	  -1.1753174e+02	  -4.7954583e+01	
   3.5000000e+00	  -4.9372057e+01	  -4.1941399e+01	   1.0447998e+02	  -3.6625594e+01	
   4.0000000e+00	  -4.8629156e+01	  -4.3871792e+01	  -4.7241211e+01	  -1.8783867e+01	
   4.5000000e+00	  -4.9205881e+01	  -4.5251584e+01	   1.7602295e+02	   3.9608860e+00	
   5.0000000e+00	  -4.9508907e+01	  -4.6374348e+01	   2.6477051e+01	   3.0565321e+01	
   5.5000000e+00	   1.6922055e+01	  -3.8148495e+01	  -9.4262695e+00	   2.4538338e+01	
   6.0000000e+00	   3.9619625e+01	  -1.9985632e+01	   9.3186035e+01	   2.9280513e+01	
   6.5000000e+00	   4.7517833e+01	  -2.6062169e+00	  -1.4130615e+02	   1.4694135e+01	
   7.0000000e+00	   4.8202083e+01	   1.1194136e+01	   5.4711914e+00	  -7.8966286e+00	
   7.5000000e+00	   4.7908833e+01	   2.1274140e+01	   1.5967529e+02	   1.6843034e+01	
   8.0000000e+00	   4.7625358e+01	   2.8518836e+01	  -6.4072266e+01	   2.5308861e+01	
   8.5000000e+00	   4.8788584e+01	   3.3902704e+01	   8.2661133e+01	   2.0929596e+01	
   9.0000000e+00	   4.7771983e+01	   3.7834360e+01	  -1.3510986e+02	   8.0349932e+00	
   9.5000000e+00	   4.6833582e+01	   4.0423571e+01	   1.1623535e+01	  -1.1046365e+01	
   1.0000000e+01	   4.8241183e+01	   4.2368896e+01	   1.6683838e+02	   1.6375218e+01	
