   0.0000000e+00	  -7.7071176e-01	  -2.4136875e-03	  -5.4470215e+01	  -1.7058787e-01	
   1.0000000e-02	  -1.0932871e+00	  -8.2361741e-03	  -5.7238770e+01	  -5.1936559e-01	
   2.0000000e-02	  -2.0903380e+00	  -1.8154950e-02	  -5.6118164e+01	  -8.7111972e-01	
   3.0000000e-02	  -2.9603138e+00	  -3.3858686e-02	  -5.6425781e+01	  -1.2181245e+00	
   4.0000000e-02	  -3.4783893e+00	  -5.3811111e-02	  -5.7304688e+01	  -1.5666718e+00	
   5.0000000e-02	  -3.5174893e+00	  -7.5383506e-02	  -5.6887207e+01	  -1.9144810e+00	
   6.0000000e-02	  -4.6611653e+00	  -1.0052496e-01	  -5.8666992e+01	  -2.2643781e+00	
   7.0000000e-02	  -4.9348656e+00	  -1.2994782e-01	  -5.8447266e+01	  -2.6169693e+00	
   8.0000000e-02	  -6.7921173e+00	  -1.6586004e-01	  -5.9062500e+01	  -2.9685908e+00	
   9.0000000e-02	  -7.2808678e+00	  -2.0889444e-01	  -5.9260254e+01	  -3.3205559e+00	
   1.0000000e-01	  -8.5125189e+00	  -2.5704719e-01	  -5.9150391e+01	  -3.6705917e+00	
   1.1000000e-01	  -8.8350942e+00	  -3.0976580e-01	  -5.9941406e+01	  -4.0205683e+00	
   1.2000000e-01	  -9.1967695e+00	  -3.6429712e-01	  -5.8051758e+01	  -4.3649121e+00	
   1.3000000e-01	  -1.0252470e+01	  -4.2292577e-01	  -6.2907715e+01	  -4.7163889e+00	
   1.4000000e-01	  -1.1904447e+01	  -4.8966700e-01	  -6.2402344e+01	  -5.0792892e+00	
   1.5000000e-01	  -1.1611197e+01	  -5.6024541e-01	  -6.3522949e+01	  -5.4418433e+00	
   1.6000000e-01	  -1.2901498e+01	  -6.3350428e-01	  -6.1918945e+01	  -5.8006126e+00	
   1.7000000e-01	  -1.3663949e+01	  -7.1273302e-01	  -6.5346680e+01	  -6.1628462e+00	
   1.8000000e-01	  -1.4406849e+01	  -7.9617992e-01	  -6.5610352e+01	  -6.5343716e+00	
   1.9000000e-01	  -1.5130200e+01	  -8.8369609e-01	  -6.5808105e+01	  -6.9050150e+00	
   2.0000000e-01	  -1.4690325e+01	  -9.7155189e-01	  -6.6687012e+01	  -7.2767087e+00	
   2.1000000e-01	  -1.5687376e+01	  -1.0606023e+00	  -6.8137207e+01	  -7.6533685e+00	
   2.2000000e-01	  -1.7134077e+01	  -1.1567483e+00	  -6.9257813e+01	  -8.0357202e+00	
   2.3000000e-01	  -1.6840827e+01	  -1.2559043e+00	  -6.9477539e+01	  -8.4198747e+00	
   2.4000000e-01	  -1.8473253e+01	  -1.3586333e+00	  -6.9741211e+01	  -8.8031368e+00	
   2.5000000e-01	  -1.9343229e+01	  -1.4685558e+00	  -7.1894531e+01	  -9.1915679e+00	
   2.6000000e-01	  -1.9431204e+01	  -1.5807898e+00	  -7.2575684e+01	  -9.5864429e+00	
   2.7000000e-01	  -1.9695129e+01	  -1.6934230e+00	  -7.2597656e+01	  -9.9810466e+00	
   2.8000000e-01	  -2.0829030e+01	  -1.8097283e+00	  -7.6574707e+01	  -1.0385703e+01	
   2.9000000e-01	  -2.2060681e+01	  -1.9327134e+00	  -7.6245117e+01	  -1.0799247e+01	
   3.0000000e-01	  -2.2119331e+01	  -2.0589692e+00	  -7.8310547e+01	  -1.1215638e+01	
   3.1000000e-01	  -2.2285507e+01	  -2.1851383e+00	  -7.9804688e+01	  -1.1640568e+01	
   3.2000000e-01	  -2.3419408e+01	  -2.3145886e+00	  -8.1606445e+01	  -1.2073158e+01	
   3.3000000e-01	  -2.4279608e+01	  -2.4494732e+00	  -8.2265625e+01	  -1.2510747e+01	
   3.4000000e-01	  -2.4240508e+01	  -2.5860844e+00	  -8.4067383e+01	  -1.2953301e+01	
   3.5000000e-01	  -2.4406684e+01	  -2.7222380e+00	  -8.5935059e+01	  -1.3404575e+01	
   3.6000000e-01	  -2.6782011e+01	  -2.8654981e+00	  -8.7561035e+01	  -1.3863964e+01	
   3.7000000e-01	  -2.5423284e+01	  -3.0110446e+00	  -8.7780762e+01	  -1.4326256e+01	
   3.8000000e-01	  -2.4983409e+01	  -3.1500467e+00	  -8.9362793e+01	  -1.4791295e+01	
   3.9000000e-01	  -2.7436936e+01	  -3.2944845e+00	  -9.2263184e+01	  -1.5267459e+01	
   4.0000000e-01	  -2.8619712e+01	  -3.4494056e+00	  -9.3625488e+01	  -1.5753990e+01	
   4.1000000e-01	  -2.8590387e+01	  -3.6069687e+00	  -9.5361328e+01	  -1.6247177e+01	
   4.2000000e-01	  -2.8795663e+01	  -3.7640959e+00	  -9.6877441e+01	  -1.6747459e+01	
   4.3000000e-01	  -2.8521962e+01	  -3.9200247e+00	  -9.7998047e+01	  -1.7252865e+01	
   4.4000000e-01	  -2.9861139e+01	  -4.0783136e+00	  -1.0215088e+02	  -1.7771620e+01	
   4.5000000e-01	  -3.0144614e+01	  -4.2406928e+00	  -1.0274414e+02	  -1.8301990e+01	
   4.6000000e-01	  -3.1180765e+01	  -4.4061878e+00	  -1.0373291e+02	  -1.8833992e+01	
   4.7000000e-01	  -3.0115289e+01	  -4.5705543e+00	  -1.0647949e+02	  -1.9374361e+01	
   4.8000000e-01	  -3.1561990e+01	  -4.7350852e+00	  -1.0722656e+02	  -1.9922286e+01	
   4.9000000e-01	  -3.1825915e+01	  -4.9039428e+00	  -1.1241211e+02	  -2.0485359e+01	
   5.0000000e-01	  -3.2119166e+01	  -5.0734877e+00	  -1.1067627e+02	  -2.1055708e+01	
   5.1000000e-01	  -3.2402641e+01	  -5.2437769e+00	  -1.1434570e+02	  -2.1628541e+01	
   5.2000000e-01	  -3.2109391e+01	  -5.4129688e+00	  -1.1546631e+02	  -2.2212787e+01	
   5.3000000e-01	  -3.3487667e+01	  -5.5844990e+00	  -1.1867432e+02	  -2.2806930e+01	
   5.4000000e-01	  -3.4230568e+01	  -5.7615979e+00	  -1.2032227e+02	  -2.3412559e+01	
   5.5000000e-01	  -3.4533593e+01	  -5.9408631e+00	  -1.2181641e+02	  -2.4024235e+01	
   5.6000000e-01	  -3.4885493e+01	  -6.1210566e+00	  -1.2702393e+02	  -2.4653068e+01	
   5.7000000e-01	  -3.5305819e+01	  -6.3025398e+00	  -1.2777100e+02	  -2.5296610e+01	
   5.8000000e-01	  -3.5667494e+01	  -6.4853353e+00	  -1.2781494e+02	  -2.5938599e+01	
   5.9000000e-01	  -3.6713420e+01	  -6.6713942e+00	  -1.3097900e+02	  -2.6586613e+01	
   6.0000000e-01	  -3.6293094e+01	  -6.8582469e+00	  -1.3409912e+02	  -2.7250250e+01	
   6.1000000e-01	  -3.7280370e+01	  -7.0457049e+00	  -1.3658203e+02	  -2.7927276e+01	
   6.2000000e-01	  -3.7241270e+01	  -7.2349581e+00	  -1.3737305e+02	  -2.8610316e+01	
   6.3000000e-01	  -3.7475871e+01	  -7.4236382e+00	  -1.3893311e+02	  -2.9296440e+01	
   6.4000000e-01	  -3.7827771e+01	  -7.6129733e+00	  -1.4214111e+02	  -2.9993199e+01	
   6.5000000e-01	  -3.7505196e+01	  -7.8012143e+00	  -1.4275635e+02	  -3.0697567e+01	
   6.6000000e-01	  -3.8424046e+01	  -7.9901437e+00	  -1.4838135e+02	  -3.1417067e+01	
   6.7000000e-01	  -3.7446546e+01	  -8.1777060e+00	  -1.4765625e+02	  -3.2147405e+01	
   6.8000000e-01	  -3.7554071e+01	  -8.3613689e+00	  -1.5060059e+02	  -3.2880119e+01	
   6.9000000e-01	  -3.8932347e+01	  -8.5485347e+00	  -1.5383057e+02	  -3.3627580e+01	
   7.0000000e-01	  -3.9763223e+01	  -8.7414467e+00	  -1.6011475e+02	  -3.4400156e+01	
   7.1000000e-01	  -3.9342897e+01	  -8.9344361e+00	  -1.5859863e+02	  -3.5182824e+01	
   7.2000000e-01	  -4.0388823e+01	  -9.1281759e+00	  -1.6483887e+02	  -3.5975386e+01	
   7.3000000e-01	  -3.9518847e+01	  -9.3212533e+00	  -1.6242188e+02	  -3.6774956e+01	
   7.4000000e-01	  -4.0828699e+01	  -9.5144990e+00	  -1.6754150e+02	  -3.7577983e+01	
   7.5000000e-01	  -4.0457248e+01	  -9.7094730e+00	  -1.6789307e+02	  -3.8393114e+01	
   7.6000000e-01	  -4.0809149e+01	  -9.9031647e+00	  -1.7345215e+02	  -3.9221651e+01	
   7.7000000e-01	  -4.0770049e+01	  -1.0096623e+01	  -1.7518799e+02	  -4.0067843e+01	
   7.8000000e-01	  -4.1121949e+01	  -1.0289849e+01	  -1.7850586e+02	  -4.0924563e+01	
   7.9000000e-01	  -4.0897124e+01	  -1.0482262e+01	  -1.8000000e+02	  -4.1790987e+01	
   8.0000000e-01	  -4.1473849e+01	  -1.0674573e+01	  -1.8000000e+02	  -4.2656663e+01	
   8.1000000e-01	  -4.2177650e+01	  -1.0869689e+01	  -1.8000000e+02	  -4.3516917e+01	
   8.2000000e-01	  -4.1415199e+01	  -1.1063400e+01	  -1.7920898e+02	  -4.4369305e+01	
   8.3000000e-01	  -4.1991925e+01	  -1.1255315e+01	  -1.2502441e+01	  -4.4691792e+01	
   8.4000000e-01	  -4.2216750e+01	  -1.1448539e+01	  -1.2041016e+01	  -4.4488728e+01	
   8.5000000e-01	  -4.2597975e+01	  -1.1642450e+01	   1.7589111e+02	  -4.3696931e+01	
   8.6000000e-01	  -4.2334050e+01	  -1.1835515e+01	   1.7670410e+02	  -4.2318989e+01	
   8.7000000e-01	  -4.2930326e+01	  -1.2028410e+01	   1.7578125e+02	  -4.0950022e+01	
   8.8000000e-01	  -4.3653676e+01	  -1.2224231e+01	   1.7474854e+02	  -3.9595754e+01	
   8.9000000e-01	  -4.3458176e+01	  -1.2420478e+01	   1.7239746e+02	  -3.8260565e+01	
   9.0000000e-01	  -4.4044677e+01	  -1.2616720e+01	   1.7061768e+02	  -3.6946677e+01	
   9.1000000e-01	  -4.3604801e+01	  -1.2812192e+01	   1.6727783e+02	  -3.5657051e+01	
   9.2000000e-01	  -4.3868726e+01	  -1.3005889e+01	   1.6593750e+02	  -3.4390160e+01	
   9.3000000e-01	  -4.3243126e+01	  -1.3197240e+01	   1.6035645e+02	  -3.3152881e+01	
   9.4000000e-01	  -4.4210852e+01	  -1.3388464e+01	   1.5730225e+02	  -3.1950395e+01	
   9.5000000e-01	  -4.4895102e+01	  -1.3583664e+01	   1.5257813e+02	  -3.0779800e+01	
   9.6000000e-01	  -4.3878501e+01	  -1.3776600e+01	   1.5046875e+02	  -2.9637939e+01	
   9.7000000e-01	  -4.4533427e+01	  -1.3967196e+01	   1.4901855e+02	  -2.8514377e+01	
   9.8000000e-01	  -4.4582302e+01	  -1.4158801e+01	   1.4732666e+02	  -2.7407693e+01	
   9.9000000e-01	  -4.5002628e+01	  -1.4350676e+01	   1.4475586e+02	  -2.6321290e+01	
   1.0000000e+00	  -4.4025127e+01	  -1.4539604e+01	   1.4236084e+02	  -2.5257245e+01	
   1.0100000e+00	  -4.4601852e+01	  -1.4726094e+01	   1.3770264e+02	  -2.4221952e+01	
   1.0200000e+00	  -4.4934202e+01	  -1.4914262e+01	   1.3447266e+02	  -2.3217849e+01	
   1.0300000e+00	  -4.5491378e+01	  -1.5104038e+01	   1.2829834e+02	  -2.2249486e+01	
   1.0400000e+00	  -4.5931253e+01	  -1.5295747e+01	   1.2669434e+02	  -2.1311549e+01	
   1.0500000e+00	  -4.6312479e+01	  -1.5488828e+01	   1.2232178e+02	  -2.0398204e+01	
   1.0600000e+00	  -4.5686878e+01	  -1.5679933e+01	   1.2240967e+02	  -1.9503998e+01	
   1.0700000e+00	  -4.6273379e+01	  -1.5869719e+01	   1.1836670e+02	  -1.8627779e+01	
   1.0800000e+00	  -4.6107204e+01	  -1.6059633e+01	   1.1764160e+02	  -1.7771981e+01	
   1.0900000e+00	  -4.6165854e+01	  -1.6248021e+01	   1.1111572e+02	  -1.6944252e+01	
   1.1000000e+00	  -4.5716203e+01	  -1.6434004e+01	   1.1197266e+02	  -1.6139461e+01	
   1.1100000e+00	  -4.6283154e+01	  -1.6619189e+01	   1.0625977e+02	  -1.5354918e+01	
   1.1200000e+00	  -4.6517754e+01	  -1.6805725e+01	   1.0349121e+02	  -1.4601852e+01	
   1.1300000e+00	  -4.6547079e+01	  -1.6991919e+01	   1.0232666e+02	  -1.3865820e+01	
   1.1400000e+00	  -4.6644829e+01	  -1.7177345e+01	   9.7448730e+01	  -1.3153321e+01	
   1.1500000e+00	  -4.6449329e+01	  -1.7361303e+01	   9.8701172e+01	  -1.2456640e+01	
   1.1600000e+00	  -4.6253829e+01	  -1.7542884e+01	   9.3691406e+01	  -1.1776089e+01	
   1.1700000e+00	  -4.6791454e+01	  -1.7724400e+01	   9.0263672e+01	  -1.1126225e+01	
   1.1800000e+00	  -4.6801229e+01	  -1.7906493e+01	   8.7517090e+01	  -1.0499768e+01	
   1.1900000e+00	  -4.7211780e+01	  -1.8088761e+01	   7.9189453e+01	  -9.9119171e+00	
   1.2000000e+00	  -4.7035829e+01	  -1.8270623e+01	   8.0507813e+01	  -9.3496994e+00	
   1.2100000e+00	  -4.7270430e+01	  -1.8451530e+01	   7.6728516e+01	  -8.7987102e+00	
   1.2200000e+00	  -4.7250880e+01	  -1.8631976e+01	   7.5695801e+01	  -8.2662422e+00	
   1.2300000e+00	  -4.7485480e+01	  -1.8811966e+01	   7.4860840e+01	  -7.7429584e+00	
   1.2400000e+00	  -4.7319305e+01	  -1.8991043e+01	   6.5983887e+01	  -7.2533677e+00	
   1.2500000e+00	  -4.7397505e+01	  -1.9168723e+01	   6.4116211e+01	  -6.8004932e+00	
   1.2600000e+00	  -4.7465930e+01	  -1.9345749e+01	   6.1303711e+01	  -6.3651125e+00	
   1.2700000e+00	  -4.7622330e+01	  -1.9522371e+01	   5.8732910e+01	  -5.9493180e+00	
   1.2800000e+00	  -4.7759180e+01	  -1.9698804e+01	   5.8293457e+01	  -5.5455553e+00	
   1.2900000e+00	  -4.7944905e+01	  -1.9875143e+01	   5.5305176e+01	  -5.1550564e+00	
   1.3000000e+00	  -4.8071980e+01	  -2.0051356e+01	   4.9020996e+01	  -4.7960426e+00	
   1.3100000e+00	  -4.7456155e+01	  -2.0224936e+01	   4.8098145e+01	  -4.4618482e+00	
   1.3200000e+00	  -4.7612555e+01	  -2.0395989e+01	   4.3879395e+01	  -4.1458493e+00	
   1.3300000e+00	  -4.7710305e+01	  -2.0566767e+01	   4.0166016e+01	  -3.8566713e+00	
   1.3400000e+00	  -4.7632105e+01	  -2.0736536e+01	   3.6914063e+01	  -3.5911183e+00	
   1.3500000e+00	  -4.7661430e+01	  -2.0905089e+01	   3.6320801e+01	  -3.3392709e+00	
   1.3600000e+00	  -4.7905805e+01	  -2.1073444e+01	   3.3684082e+01	  -3.0991165e+00	
   1.3700000e+00	  -4.8257706e+01	  -2.1242611e+01	   2.8784180e+01	  -2.8840692e+00	
   1.3800000e+00	  -4.8111080e+01	  -2.1411362e+01	   2.2983398e+01	  -2.7038809e+00	
   1.3900000e+00	  -4.8111080e+01	  -2.1578596e+01	   2.1665039e+01	  -2.5471167e+00	
   1.4000000e+00	  -4.8023105e+01	  -2.1744508e+01	   2.0610352e+01	  -2.3987662e+00	
   1.4100000e+00	  -4.8032880e+01	  -2.1909135e+01	   1.8435059e+01	  -2.2614604e+00	
   1.4200000e+00	  -4.8111080e+01	  -2.2073007e+01	   1.4326172e+01	  -2.1446953e+00	
   1.4300000e+00	  -4.8462981e+01	  -2.2237199e+01	   1.2348633e+01	  -2.0477227e+00	
   1.4400000e+00	  -4.8326131e+01	  -2.2401036e+01	   8.1079102e+00	  -1.9708317e+00	
   1.4500000e+00	  -4.8462981e+01	  -2.2563847e+01	   8.1518555e+00	  -1.9075656e+00	
   1.4600000e+00	  -4.8335906e+01	  -2.2725669e+01	   4.8999023e+00	  -1.8547424e+00	
   1.4700000e+00	  -4.8257706e+01	  -2.2885835e+01	  -5.0537109e-01	  -1.8293626e+00	
   1.4800000e+00	  -4.8326131e+01	  -2.3044967e+01	  -4.4165039e+00	  -1.8333185e+00	
   1.4900000e+00	  -4.8531406e+01	  -2.3203959e+01	  -4.6142578e+00	  -1.8501176e+00	
   1.5000000e+00	  -4.8199055e+01	  -2.3361557e+01	  -1.1381836e+01	  -1.8886254e+00	
   1.5100000e+00	  -4.8570506e+01	  -2.3518291e+01	  -1.1623535e+01	  -1.9488433e+00	
   1.5200000e+00	  -4.8502081e+01	  -2.3674992e+01	  -1.6413574e+01	  -2.0244423e+00	
   1.5300000e+00	  -4.8873531e+01	  -2.3831660e+01	  -1.6589355e+01	  -2.1151195e+00	
   1.5400000e+00	  -4.8531406e+01	  -2.3987439e+01	  -2.1137695e+01	  -2.2200236e+00	
   1.5500000e+00	  -4.9205881e+01	  -2.4143283e+01	  -2.4499512e+01	  -2.3490434e+00	
   1.5600000e+00	  -4.8893081e+01	  -2.4299284e+01	  -2.8476563e+01	  -2.5002387e+00	
   1.5700000e+00	  -4.9743507e+01	  -2.4455991e+01	  -2.8168945e+01	  -2.6619788e+00	
   1.5800000e+00	  -4.8726906e+01	  -2.4611197e+01	  -3.3969727e+01	  -2.8399091e+00	
   1.5900000e+00	  -4.8736681e+01	  -2.4762277e+01	  -3.6101074e+01	  -3.0415664e+00	
   1.6000000e+00	  -4.9235206e+01	  -2.4914002e+01	  -3.6958008e+01	  -3.2513193e+00	
   1.6100000e+00	  -4.9323182e+01	  -2.5066614e+01	  -4.1594238e+01	  -3.4769617e+00	
   1.6200000e+00	  -4.8570506e+01	  -2.5216189e+01	  -4.3439941e+01	  -3.7214907e+00	
   1.6300000e+00	  -4.8697581e+01	  -2.5362867e+01	  -4.7131348e+01	  -3.9818289e+00	
   1.6400000e+00	  -4.8726906e+01	  -2.5509117e+01	  -5.0515137e+01	  -4.2626944e+00	
   1.6500000e+00	  -4.9127681e+01	  -2.5655797e+01	  -5.3261719e+01	  -4.5609995e+00	
   1.6600000e+00	  -4.9323182e+01	  -2.5803426e+01	  -5.6843262e+01	  -4.8772544e+00	
   1.6700000e+00	  -4.9323182e+01	  -2.5950743e+01	  -5.9699707e+01	  -5.2116907e+00	
   1.6800000e+00	  -4.9323182e+01	  -2.6097137e+01	  -6.1435547e+01	  -5.5584142e+00	
   1.6900000e+00	  -4.9420932e+01	  -2.6242920e+01	  -6.3896484e+01	  -5.9161093e+00	
   1.7000000e+00	  -4.9088581e+01	  -2.6387055e+01	  -6.8269043e+01	  -6.2929648e+00	
   1.7100000e+00	  -4.9489357e+01	  -2.6530502e+01	  -7.0729980e+01	  -6.6888608e+00	
   1.7200000e+00	  -4.8883306e+01	  -2.6672408e+01	  -7.4113770e+01	  -7.1005814e+00	
   1.7300000e+00	  -4.9205881e+01	  -2.6812536e+01	  -7.6794434e+01	  -7.5287156e+00	
   1.7400000e+00	  -4.9323182e+01	  -2.6953165e+01	  -7.8508301e+01	  -7.9679309e+00	
   1.7500000e+00	  -4.8961506e+01	  -2.7092148e+01	  -8.1035156e+01	  -8.4176760e+00	
   1.7600000e+00	  -4.9802157e+01	  -2.7231760e+01	  -8.5275879e+01	  -8.8857986e+00	
   1.7700000e+00	  -4.9362282e+01	  -2.7371752e+01	  -8.8352051e+01	  -9.3739039e+00	
   1.7800000e+00	  -4.9225431e+01	  -2.7509062e+01	  -9.0593262e+01	  -9.8756047e+00	
   1.7900000e+00	  -4.9508907e+01	  -2.7645971e+01	  -9.2834473e+01	  -1.0388201e+01	
   1.8000000e+00	  -4.8844206e+01	  -2.7780829e+01	  -9.6613770e+01	  -1.0916441e+01	
   1.8100000e+00	  -4.8922406e+01	  -2.7913004e+01	  -9.9338379e+01	  -1.1461742e+01	
   1.8200000e+00	  -4.8580281e+01	  -2.8043526e+01	  -1.0157959e+02	  -1.2019179e+01	
   1.8300000e+00	  -4.8961506e+01	  -2.8173352e+01	  -1.0566650e+02	  -1.2592942e+01	
   1.8400000e+00	  -4.8511856e+01	  -2.8302151e+01	  -1.0819336e+02	  -1.3183825e+01	
   1.8500000e+00	  -4.8814881e+01	  -2.8429685e+01	  -1.1166504e+02	  -1.3789792e+01	
   1.8600000e+00	  -4.9059256e+01	  -2.8558133e+01	  -1.1348877e+02	  -1.4408548e+01	
   1.8700000e+00	  -4.8521631e+01	  -2.8684859e+01	  -1.1674072e+02	  -1.5039324e+01	
   1.8800000e+00	  -4.9635982e+01	  -2.8812597e+01	  -1.1994873e+02	  -1.5686380e+01	
   1.8900000e+00	  -4.8785556e+01	  -2.8940361e+01	  -1.2465088e+02	  -1.6354157e+01	
   1.9000000e+00	  -4.9157006e+01	  -2.9065826e+01	  -1.2625488e+02	  -1.7037499e+01	
   1.9100000e+00	  -4.9166781e+01	  -2.9191698e+01	  -1.3108887e+02	  -1.7736725e+01	
   1.9200000e+00	  -4.8990831e+01	  -2.9316261e+01	  -1.3256104e+02	  -1.8451319e+01	
   1.9300000e+00	  -4.9176556e+01	  -2.9440075e+01	  -1.3627441e+02	  -1.9177678e+01	
   1.9400000e+00	  -4.9684857e+01	  -2.9565287e+01	  -1.3757080e+02	  -1.9915177e+01	
   1.9500000e+00	  -4.9528457e+01	  -2.9690817e+01	  -1.4326172e+02	  -2.0669939e+01	
   1.9600000e+00	  -4.8971281e+01	  -2.9813325e+01	  -1.4468994e+02	  -2.1442269e+01	
   1.9700000e+00	  -4.8766006e+01	  -2.9932679e+01	  -1.4728271e+02	  -2.2222354e+01	
   1.9800000e+00	  -4.8814881e+01	  -3.0050795e+01	  -1.5273193e+02	  -2.3022739e+01	
   1.9900000e+00	  -4.9411157e+01	  -3.0170192e+01	  -1.5328125e+02	  -2.3836897e+01	
   2.0000000e+00	  -4.8775781e+01	  -3.0288718e+01	  -1.5987305e+02	  -2.4668319e+01	
   2.0100000e+00	  -4.9372057e+01	  -3.0406380e+01	  -1.5881836e+02	  -2.5511875e+01	
   2.0200000e+00	  -4.8961506e+01	  -3.0523886e+01	  -1.6294922e+02	  -2.6359780e+01	
   2.0300000e+00	  -4.8443431e+01	  -3.0637748e+01	  -1.6885986e+02	  -2.7233823e+01	
   2.0400000e+00	  -4.8531406e+01	  -3.0749550e+01	  -1.6978271e+02	  -2.8123792e+01	
   2.0500000e+00	  -4.8981056e+01	  -3.0862336e+01	  -1.7204590e+02	  -2.9018164e+01	
   2.0600000e+00	  -4.8726906e+01	  -3.0975027e+01	  -1.7433105e+02	  -2.9921179e+01	
   2.0700000e+00	  -4.8941956e+01	  -3.1086890e+01	  -1.8000000e+02	  -3.0843448e+01	
   2.0800000e+00	  -4.8687806e+01	  -3.1197930e+01	  -1.8000000e+02	  -3.1777695e+01	
   2.0900000e+00	  -4.8834431e+01	  -3.1307937e+01	  -1.7914307e+02	  -3.2703406e+01	
   2.1000000e+00	  -4.8619381e+01	  -3.1417041e+01	  -1.8000000e+02	  -3.3623318e+01	
   2.1100000e+00	  -4.9694632e+01	  -3.1528156e+01	  -1.2172852e+01	  -3.4014558e+01	
   2.1200000e+00	  -4.9469807e+01	  -3.1641238e+01	  -1.2854004e+01	  -3.3879885e+01	
   2.1300000e+00	  -4.9176556e+01	  -3.1751990e+01	   1.7666016e+02	  -3.3154675e+01	
   2.1400000e+00	  -4.9196106e+01	  -3.1861190e+01	   1.7584717e+02	  -3.1843040e+01	
   2.1500000e+00	  -4.8736681e+01	  -3.1968329e+01	   1.7852783e+02	  -3.0533771e+01	
   2.1600000e+00	  -4.9059256e+01	  -3.2074368e+01	   1.7507813e+02	  -2.9235111e+01	
   2.1700000e+00	  -4.8746456e+01	  -3.2179774e+01	   1.7296875e+02	  -2.7961996e+01	
   2.1800000e+00	  -4.9372057e+01	  -3.2285499e+01	   1.6510254e+02	  -2.6728095e+01	
   2.1900000e+00	  -4.8560731e+01	  -3.2389980e+01	   1.6776123e+02	  -2.5518232e+01	
   2.2000000e+00	  -4.8785556e+01	  -3.2491970e+01	   1.6101563e+02	  -2.4328747e+01	
   2.2100000e+00	  -4.8375006e+01	  -3.2592740e+01	   1.5765381e+02	  -2.3178365e+01	
   2.2200000e+00	  -4.8805106e+01	  -3.2692940e+01	   1.5323730e+02	  -2.2059549e+01	
   2.2300000e+00	  -5.0046532e+01	  -3.2797747e+01	   1.4939209e+02	  -2.0973615e+01	
   2.2400000e+00	  -4.8834431e+01	  -3.2901989e+01	   1.4690918e+02	  -1.9914300e+01	
   2.2500000e+00	  -4.9000606e+01	  -3.3002302e+01	   1.4381104e+02	  -1.8879099e+01	
   2.2600000e+00	  -4.8873531e+01	  -3.3102110e+01	   1.4332764e+02	  -1.7861599e+01	
   2.2700000e+00	  -4.9137456e+01	  -3.3201722e+01	   1.3688965e+02	  -1.6872148e+01	
   2.2800000e+00	  -4.9117906e+01	  -3.3301474e+01	   1.3280273e+02	  -1.5921856e+01	
   2.2900000e+00	  -4.9567557e+01	  -3.3401949e+01	   1.3271484e+02	  -1.4990590e+01	
   2.3000000e+00	  -4.9117906e+01	  -3.3501795e+01	   1.2856201e+02	  -1.4078439e+01	
   2.3100000e+00	  -4.9313406e+01	  -3.3600219e+01	   1.2502441e+02	  -1.3196085e+01	
   2.3200000e+00	  -4.9225431e+01	  -3.3698363e+01	   1.1968506e+02	  -1.2347059e+01	
   2.3300000e+00	  -4.9489357e+01	  -3.3796444e+01	   1.1775146e+02	  -1.1526127e+01	
   2.3400000e+00	  -4.8922406e+01	  -3.3892962e+01	   1.1641113e+02	  -1.0720591e+01	
   2.3500000e+00	  -4.9391607e+01	  -3.3988568e+01	   1.1254395e+02	  -9.9364089e+00	
   2.3600000e+00	  -4.8697581e+01	  -3.4082872e+01	   1.1074219e+02	  -9.1748924e+00	
   2.3700000e+00	  -4.9362282e+01	  -3.4176494e+01	   1.0586426e+02	  -8.4390649e+00	
   2.3800000e+00	  -4.9176556e+01	  -3.4271029e+01	   1.0230469e+02	  -7.7342705e+00	
   2.3900000e+00	  -4.8912631e+01	  -3.4363563e+01	   1.0067871e+02	  -7.0501305e+00	
   2.4000000e+00	  -4.9117906e+01	  -3.4455335e+01	   9.7360840e+01	  -6.3857587e+00	
   2.4100000e+00	  -4.8316356e+01	  -3.4544664e+01	   9.5646973e+01	  -5.7413063e+00	
   2.4200000e+00	  -4.8726906e+01	  -3.4632209e+01	   9.4504395e+01	  -5.1098362e+00	
   2.4300000e+00	  -4.9450257e+01	  -3.4722757e+01	   8.7187500e+01	  -4.5088144e+00	
   2.4400000e+00	  -4.9059256e+01	  -3.4813778e+01	   8.1892090e+01	  -3.9510559e+00	
   2.4500000e+00	  -4.9235206e+01	  -3.4903556e+01	   8.4924316e+01	  -3.4038787e+00	
   2.4600000e+00	  -4.9332957e+01	  -3.4993629e+01	   7.6860352e+01	  -2.8758870e+00	
   2.4700000e+00	  -4.8775781e+01	  -3.5081699e+01	   7.6464844e+01	  -2.3776955e+00	
   2.4800000e+00	  -4.9489357e+01	  -3.5169707e+01	   7.2795410e+01	  -1.8953548e+00	
   2.4900000e+00	  -4.8990831e+01	  -3.5257837e+01	   6.8137207e+01	  -1.4421154e+00	
   2.5000000e+00	  -4.8834431e+01	  -3.5343365e+01	   6.4687500e+01	  -1.0171070e+00	
   2.5100000e+00	  -4.9235206e+01	  -3.5429121e+01	   6.1940918e+01	  -6.1416600e-01	
   2.5200000e+00	  -4.9401382e+01	  -3.5516117e+01	   5.8666992e+01	  -2.3260362e-01	
   2.5300000e+00	  -4.9968332e+01	  -3.5604863e+01	   5.5239258e+01	   1.2558082e-01	
   2.5400000e+00	  -4.9684857e+01	  -3.5693941e+01	   5.4426270e+01	   4.6824082e-01	
   2.5500000e+00	  -4.9411157e+01	  -3.5780716e+01	   5.1437988e+01	   7.9684987e-01	
   2.5600000e+00	  -4.9215656e+01	  -3.5865479e+01	   4.4472656e+01	   1.0922283e+00	
   2.5700000e+00	  -5.0447308e+01	  -3.5952955e+01	   4.6691895e+01	   1.3708930e+00	
   2.5800000e+00	  -4.9244981e+01	  -3.6039976e+01	   4.1770020e+01	   1.6393482e+00	
   2.5900000e+00	  -4.9352507e+01	  -3.6123022e+01	   3.6188965e+01	   1.8732293e+00	
   2.6000000e+00	  -4.9401382e+01	  -3.6206039e+01	   3.4738770e+01	   2.0836252e+00	
   2.6100000e+00	  -4.9968332e+01	  -3.6290464e+01	   2.9245605e+01	   2.2709583e+00	
   2.6200000e+00	  -4.8668256e+01	  -3.6372064e+01	   2.8410645e+01	   2.4372999e+00	
   2.6300000e+00	  -4.9420932e+01	  -3.6451439e+01	   2.6015625e+01	   2.5924840e+00	
   2.6400000e+00	  -4.9772832e+01	  -3.6533775e+01	   2.2829590e+01	   2.7292176e+00	
   2.6500000e+00	  -4.9655532e+01	  -3.6616331e+01	   1.9072266e+01	   2.8433498e+00	
   2.6600000e+00	  -4.8648706e+01	  -3.6694850e+01	   1.4963379e+01	   2.9321320e+00	
   2.6700000e+00	  -4.9069031e+01	  -3.6771039e+01	   1.3776855e+01	   3.0037742e+00	
   2.6800000e+00	  -4.9909682e+01	  -3.6850701e+01	   1.0437012e+01	   3.0607921e+00	
   2.6900000e+00	  -4.9029931e+01	  -3.6929741e+01	   1.0656738e+01	   3.1076814e+00	
   2.7000000e+00	  -4.9020156e+01	  -3.7005500e+01	   4.9877930e+00	   3.1372113e+00	
   2.7100000e+00	  -4.8766006e+01	  -3.7079958e+01	   2.4609375e+00	   3.1408890e+00	
   2.7200000e+00	  -4.9821707e+01	  -3.7156460e+01	  -7.2509766e-01	   3.1266522e+00	
   2.7300000e+00	  -4.9518682e+01	  -3.7234841e+01	  -3.5375977e+00	   3.0937185e+00	
   2.7400000e+00	  -4.9743507e+01	  -3.7312485e+01	  -7.4707031e+00	   3.0398655e+00	
   2.7500000e+00	  -4.9420932e+01	  -3.7389337e+01	  -9.2285156e+00	   2.9685272e+00	
   2.7600000e+00	  -4.9538232e+01	  -3.7465064e+01	  -1.3645020e+01	   2.8782993e+00	
   2.7700000e+00	  -4.9293856e+01	  -3.7539920e+01	  -1.7314453e+01	   2.7633132e+00	
   2.7800000e+00	  -4.9518682e+01	  -3.7614245e+01	  -1.8610840e+01	   2.6334955e+00	
   2.7900000e+00	  -5.0535283e+01	  -3.7691992e+01	  -2.1445313e+01	   2.4915541e+00	
   2.8000000e+00	  -4.8961506e+01	  -3.7767508e+01	  -2.5202637e+01	   2.3298578e+00	
   2.8100000e+00	  -4.8511856e+01	  -3.7836214e+01	  -3.0124512e+01	   2.1419931e+00	
   2.8200000e+00	  -4.8883306e+01	  -3.7904244e+01	  -3.1662598e+01	   1.9350740e+00	
   2.8300000e+00	  -4.8883306e+01	  -3.7973012e+01	  -3.4914551e+01	   1.7144497e+00	
   2.8400000e+00	  -4.8990831e+01	  -3.8041686e+01	  -3.7133789e+01	   1.4780728e+00	
   2.8500000e+00	  -4.9919457e+01	  -3.8113174e+01	  -4.0166016e+01	   1.2267301e+00	
   2.8600000e+00	  -4.8785556e+01	  -3.8183572e+01	  -4.3637695e+01	   9.5659296e-01	
   2.8700000e+00	  -4.9196106e+01	  -3.8251264e+01	  -4.5263672e+01	   6.7218319e-01	
   2.8800000e+00	  -4.8932181e+01	  -3.8318990e+01	  -4.7680664e+01	   3.7689320e-01	
   2.8900000e+00	  -4.9010381e+01	  -3.8385711e+01	  -5.0954590e+01	   6.5630161e-02	
   2.9000000e+00	  -4.9802157e+01	  -3.8454739e+01	  -5.5217285e+01	  -2.6728620e-01	
   2.9100000e+00	  -4.9939007e+01	  -3.8526242e+01	  -5.9172363e+01	  -6.2385345e-01	
   2.9200000e+00	  -4.9323182e+01	  -3.8595798e+01	  -5.9326172e+01	  -9.9105540e-01	
   2.9300000e+00	  -5.0056307e+01	  -3.8665285e+01	  -6.4335938e+01	  -1.3721285e+00	
   2.9400000e+00	  -4.9254756e+01	  -3.8734123e+01	  -6.5698242e+01	  -1.7707705e+00	
   2.9500000e+00	  -5.0085632e+01	  -3.8802621e+01	  -7.0202637e+01	  -2.1852887e+00	
   2.9600000e+00	  -4.9518682e+01	  -3.8871517e+01	  -7.3234863e+01	  -2.6208135e+00	
   2.9700000e+00	  -4.9460032e+01	  -3.8938022e+01	  -7.5410156e+01	  -3.0699192e+00	
   2.9800000e+00	  -4.9372057e+01	  -3.9003652e+01	  -7.7915039e+01	  -3.5308690e+00	
   2.9900000e+00	  -4.9049481e+01	  -3.9067584e+01	  -8.0332031e+01	  -4.0043458e+00	
   3.0000000e+00	  -4.9049481e+01	  -3.9130106e+01	  -8.3649902e+01	  -4.4928172e+00	
   3.0100000e+00	  -4.9381832e+01	  -3.9193277e+01	  -8.7736816e+01	  -5.0014191e+00	
   3.0200000e+00	  -4.9352507e+01	  -3.9257002e+01	  -8.9714355e+01	  -5.5258278e+00	
   3.0300000e+00	  -4.9626207e+01	  -3.9321092e+01	  -9.2065430e+01	  -6.0605081e+00	
   3.0400000e+00	  -4.9215656e+01	  -3.9384353e+01	  -9.5976563e+01	  -6.6114511e+00	
   3.0500000e+00	  -4.9264531e+01	  -3.9446085e+01	  -9.8635254e+01	  -7.1795184e+00	
   3.0600000e+00	  -4.9166781e+01	  -3.9507277e+01	  -1.0063477e+02	  -7.7586160e+00	
   3.0700000e+00	  -4.9626207e+01	  -3.9569218e+01	  -1.0410645e+02	  -8.3512209e+00	
   3.0800000e+00	  -5.0007432e+01	  -3.9633404e+01	  -1.0733643e+02	  -8.9611020e+00	
   3.0900000e+00	  -4.9939007e+01	  -3.9698168e+01	  -1.1003906e+02	  -9.5857427e+00	
   3.1000000e+00	  -4.9215656e+01	  -3.9760046e+01	  -1.1485107e+02	  -1.0230005e+01	
   3.1100000e+00	  -4.9440482e+01	  -3.9819976e+01	  -1.1755371e+02	  -1.0893766e+01	
   3.1200000e+00	  -4.9186331e+01	  -3.9879438e+01	  -1.1964111e+02	  -1.1568371e+01	
   3.1300000e+00	  -4.9362282e+01	  -3.9938283e+01	  -1.2313477e+02	  -1.2256229e+01	
   3.1400000e+00	  -4.9626207e+01	  -3.9998137e+01	  -1.2697998e+02	  -1.2962762e+01	
   3.1500000e+00	  -4.9323182e+01	  -4.0057494e+01	  -1.2957275e+02	  -1.3685032e+01	
   3.1600000e+00	  -4.9567557e+01	  -4.0116295e+01	  -1.3293457e+02	  -1.4421427e+01	
   3.1700000e+00	  -4.8756231e+01	  -4.0172953e+01	  -1.3381348e+02	  -1.5166490e+01	
   3.1800000e+00	  -4.9391607e+01	  -4.0228704e+01	  -1.3864746e+02	  -1.5924777e+01	
   3.1900000e+00	  -4.9000606e+01	  -4.0284872e+01	  -1.4214111e+02	  -1.6704396e+01	
   3.2000000e+00	  -4.9010381e+01	  -4.0339494e+01	  -1.4356934e+02	  -1.7494545e+01	
   3.2100000e+00	  -4.8795331e+01	  -4.0393130e+01	  -1.4677734e+02	  -1.8294265e+01	
   3.2200000e+00	  -4.9078806e+01	  -4.0446646e+01	  -1.5104004e+02	  -1.9112372e+01	
   3.2300000e+00	  -4.9010381e+01	  -4.0500499e+01	  -1.5519287e+02	  -1.9951710e+01	
   3.2400000e+00	  -4.9420932e+01	  -4.0555087e+01	  -1.5684082e+02	  -2.0803958e+01	
   3.2500000e+00	  -4.9616432e+01	  -4.0611230e+01	  -1.6156494e+02	  -2.1670824e+01	
   3.2600000e+00	  -4.9342732e+01	  -4.0666778e+01	  -1.6444336e+02	  -2.2556069e+01	
   3.2700000e+00	  -4.8805106e+01	  -4.0719436e+01	  -1.6547607e+02	  -2.3448018e+01	
   3.2800000e+00	  -4.8658481e+01	  -4.0769622e+01	  -1.7079346e+02	  -2.4354268e+01	
   3.2900000e+00	  -4.9176556e+01	  -4.0820656e+01	  -1.7274902e+02	  -2.5277618e+01	
   3.3000000e+00	  -4.9548007e+01	  -4.0874157e+01	  -1.7441895e+02	  -2.6206539e+01	
   3.3100000e+00	  -4.8863756e+01	  -4.0926343e+01	  -1.7903320e+02	  -2.7149323e+01	
   3.3200000e+00	  -4.8736681e+01	  -4.0975661e+01	  -1.8000000e+02	  -2.8103680e+01	
   3.3300000e+00	  -4.8609606e+01	  -4.1023875e+01	  -1.8000000e+02	  -2.9055086e+01	
   3.3400000e+00	  -4.8638931e+01	  -4.1071480e+01	  -1.8000000e+02	  -3.0000534e+01	
   3.3500000e+00	  -4.8472756e+01	  -4.1118358e+01	  -1.8000000e+02	  -3.0940060e+01	
   3.3600000e+00	  -4.8482531e+01	  -4.1164453e+01	  -1.5842285e+01	  -3.1359598e+01	
   3.3700000e+00	  -4.8766006e+01	  -4.1211178e+01	   1.7606689e+02	  -3.0661391e+01	
   3.3800000e+00	  -4.8824656e+01	  -4.1258682e+01	   1.7692383e+02	  -2.9363858e+01	
   3.3900000e+00	  -4.9137456e+01	  -4.1307051e+01	   1.7463867e+02	  -2.8078926e+01	
   3.4000000e+00	  -4.9117906e+01	  -4.1356036e+01	   1.7239746e+02	  -2.6816218e+01	
   3.4100000e+00	  -4.8971281e+01	  -4.1404193e+01	   1.7195801e+02	  -2.5569813e+01	
   3.4200000e+00	  -4.9489357e+01	  -4.1453212e+01	   1.7011230e+02	  -2.4338373e+01	
   3.4300000e+00	  -4.9176556e+01	  -4.1502567e+01	   1.6457520e+02	  -2.3137766e+01	
   3.4400000e+00	  -4.8981056e+01	  -4.1550021e+01	   1.6163086e+02	  -2.1971242e+01	
   3.4500000e+00	  -4.9137456e+01	  -4.1597056e+01	   1.5765381e+02	  -2.0833700e+01	
   3.4600000e+00	  -4.8707356e+01	  -4.1642938e+01	   1.5787354e+02	  -1.9715050e+01	
   3.4700000e+00	  -4.9332957e+01	  -4.1689146e+01	   1.5598389e+02	  -1.8608637e+01	
   3.4800000e+00	  -4.8736681e+01	  -4.1735156e+01	   1.4774414e+02	  -1.7540877e+01	
   3.4900000e+00	  -4.9098356e+01	  -4.1780143e+01	   1.4453613e+02	  -1.6515656e+01	
   3.5000000e+00	  -4.8541181e+01	  -4.1824235e+01	   1.4499756e+02	  -1.5505458e+01	
   3.5100000e+00	  -4.9010381e+01	  -4.1867777e+01	   1.3754883e+02	  -1.4523471e+01	
   3.5200000e+00	  -4.8726906e+01	  -4.1911627e+01	   1.3311035e+02	  -1.3584862e+01	
   3.5300000e+00	  -4.8726906e+01	  -4.1954314e+01	   1.3354980e+02	  -1.2664656e+01	
   3.5400000e+00	  -4.8971281e+01	  -4.1997500e+01	   1.2702393e+02	  -1.1769275e+01	
   3.5500000e+00	  -4.9420932e+01	  -4.2042589e+01	   1.2476074e+02	  -1.0907028e+01	
   3.5600000e+00	  -4.9215656e+01	  -4.2088160e+01	   1.2179443e+02	  -1.0066559e+01	
   3.5700000e+00	  -4.8941956e+01	  -4.2131946e+01	   1.1529053e+02	  -9.2610122e+00	
   3.5800000e+00	  -4.9352507e+01	  -4.2175887e+01	   1.1423584e+02	  -8.4841831e+00	
   3.5900000e+00	  -4.9157006e+01	  -4.2220226e+01	   1.1588379e+02	  -7.7103617e+00	
   3.6000000e+00	  -4.9332957e+01	  -4.2264225e+01	   1.1091797e+02	  -6.9517780e+00	
   3.6100000e+00	  -4.9274306e+01	  -4.2308317e+01	   1.0720459e+02	  -6.2251269e+00	
   3.6200000e+00	  -4.8912631e+01	  -4.2350816e+01	   1.0362305e+02	  -5.5258732e+00	
   3.6300000e+00	  -4.8893081e+01	  -4.2391855e+01	   9.8525391e+01	  -4.8581805e+00	
   3.6400000e+00	  -4.9010381e+01	  -4.2432943e+01	   1.0177734e+02	  -4.2004502e+00	
   3.6500000e+00	  -4.9196106e+01	  -4.2474722e+01	   9.5273438e+01	  -3.5570240e+00	
   3.6600000e+00	  -4.9499132e+01	  -4.2517771e+01	   8.9340820e+01	  -2.9565762e+00	
   3.6700000e+00	  -4.8883306e+01	  -4.2559570e+01	   8.9121094e+01	  -2.3791569e+00	
   3.6800000e+00	  -4.9499132e+01	  -4.2601108e+01	   8.4968262e+01	  -1.8190482e+00	
   3.6900000e+00	  -4.8805106e+01	  -4.2642140e+01	   7.8310547e+01	  -1.2963038e+00	
   3.7000000e+00	  -4.9000606e+01	  -4.2681354e+01	   7.5212402e+01	  -8.0738668e-01	
   3.7100000e+00	  -4.8961506e+01	  -4.2720813e+01	   7.3146973e+01	  -3.3770301e-01	
   3.7200000e+00	  -4.9743507e+01	  -4.2762351e+01	   7.0795898e+01	   1.1520734e-01	
   3.7300000e+00	  -4.9723957e+01	  -4.2806016e+01	   6.9938965e+01	   5.5523415e-01	
   3.7400000e+00	  -4.9323182e+01	  -4.2848092e+01	   6.4248047e+01	   9.7199851e-01	
   3.7500000e+00	  -4.8971281e+01	  -4.2887546e+01	   5.9589844e+01	   1.3537414e+00	
   3.7600000e+00	  -4.8766006e+01	  -4.2925009e+01	   5.8293457e+01	   1.7144449e+00	
   3.7700000e+00	  -4.9264531e+01	  -4.2963156e+01	   5.6777344e+01	   2.0640811e+00	
   3.7800000e+00	  -4.9401382e+01	  -4.3003053e+01	   5.3283691e+01	   2.3958379e+00	
   3.7900000e+00	  -4.9147231e+01	  -4.3042333e+01	   5.0471191e+01	   2.7057673e+00	
   3.8000000e+00	  -4.9166781e+01	  -4.3080633e+01	   4.7504883e+01	   2.9956576e+00	
   3.8100000e+00	  -4.9489357e+01	  -4.3119764e+01	   4.5000000e+01	   3.2665977e+00	
   3.8200000e+00	  -4.8951731e+01	  -4.3157976e+01	   4.3901367e+01	   3.5245554e+00	
   3.8300000e+00	  -4.9665307e+01	  -4.3196500e+01	   4.0407715e+01	   3.7665154e+00	
   3.8400000e+00	  -4.9157006e+01	  -4.3235426e+01	   3.5705566e+01	   3.9812926e+00	
   3.8500000e+00	  -4.9000606e+01	  -4.3272026e+01	   3.1904297e+01	   4.1680938e+00	
   3.8600000e+00	  -4.9313406e+01	  -4.3308887e+01	   3.0322266e+01	   4.3368658e+00	
   3.8700000e+00	  -4.8902856e+01	  -4.3345211e+01	   2.3598633e+01	   4.4785692e+00	
   3.8800000e+00	  -4.9244981e+01	  -4.3381093e+01	   2.2565918e+01	   4.5950941e+00	
   3.8900000e+00	  -4.8599831e+01	  -4.3415801e+01	   2.1335449e+01	   4.7038013e+00	
   3.9000000e+00	  -4.9313406e+01	  -4.3450506e+01	   1.5754395e+01	   4.7904955e+00	
   3.9100000e+00	  -4.9372057e+01	  -4.3487412e+01	   1.4194336e+01	   4.8542825e+00	
   3.9200000e+00	  -4.8863756e+01	  -4.3522679e+01	   1.1293945e+01	   4.9037009e+00	
   3.9300000e+00	  -4.8883306e+01	  -4.3556194e+01	   1.0700684e+01	   4.9418684e+00	
   3.9400000e+00	  -4.9059256e+01	  -4.3590111e+01	   7.5585938e+00	   4.9680986e+00	
   3.9500000e+00	  -4.8853981e+01	  -4.3623725e+01	  -9.2285156e-01	   4.9577623e+00	
   3.9600000e+00	  -4.8629156e+01	  -4.3655780e+01	  -2.4169922e-01	   4.9230622e+00	
   3.9700000e+00	  -4.8570506e+01	  -4.3686748e+01	  -3.1420898e+00	   4.8816292e+00	
   3.9800000e+00	  -4.8697581e+01	  -4.3717735e+01	  -8.5473633e+00	   4.8144444e+00	
   3.9900000e+00	  -4.8570506e+01	  -4.3748529e+01	  -7.8881836e+00	   4.7328167e+00	
   4.0000000e+00	  -4.8668256e+01	  -4.3779037e+01	  -1.3051758e+01	   4.6375936e+00	
   4.0100000e+00	  -4.9714182e+01	  -4.3812937e+01	  -1.4348145e+01	   4.5227359e+00	
   4.0200000e+00	  -4.9332957e+01	  -4.3848705e+01	  -1.7138672e+01	   4.3957983e+00	
   4.0300000e+00	  -4.8462981e+01	  -4.3880332e+01	  -2.2851563e+01	   4.2430251e+00	
   4.0400000e+00	  -4.8853981e+01	  -4.3910260e+01	  -2.5158691e+01	   4.0660920e+00	
   4.0500000e+00	  -4.8844206e+01	  -4.3941194e+01	  -2.6520996e+01	   3.8787753e+00	
   4.0600000e+00	  -4.8814881e+01	  -4.3971813e+01	  -2.8564453e+01	   3.6819659e+00	
   4.0700000e+00	  -4.9157006e+01	  -4.4003219e+01	  -3.3793945e+01	   3.4636120e+00	
   4.0800000e+00	  -4.9782607e+01	  -4.4037459e+01	  -3.7770996e+01	   3.2177930e+00	
   4.0900000e+00	  -4.9694632e+01	  -4.4073168e+01	  -4.0100098e+01	   2.9537644e+00	
   4.1000000e+00	  -4.9059256e+01	  -4.4106389e+01	  -4.1660156e+01	   2.6792095e+00	
   4.1100000e+00	  -4.8922406e+01	  -4.4136982e+01	  -4.3813477e+01	   2.3947450e+00	
   4.1200000e+00	  -4.9059256e+01	  -4.4167385e+01	  -4.7790527e+01	   2.0928633e+00	
   4.1300000e+00	  -4.8678031e+01	  -4.4196831e+01	  -5.1745605e+01	   1.7680309e+00	
   4.1400000e+00	  -4.8629156e+01	  -4.4224746e+01	  -5.3437500e+01	   1.4275481e+00	
   4.1500000e+00	  -4.9244981e+01	  -4.4254262e+01	  -5.5327148e+01	   1.0779813e+00	
   4.1600000e+00	  -4.8668256e+01	  -4.4283715e+01	  -5.9479980e+01	   7.1168051e-01	
   4.1700000e+00	  -4.9225431e+01	  -4.4312923e+01	  -6.2753906e+01	   3.2441516e-01	
   4.1800000e+00	  -4.9117906e+01	  -4.4343356e+01	  -6.5412598e+01	  -7.9004092e-02	
   4.1900000e+00	  -4.9147231e+01	  -4.4373353e+01	  -6.9060059e+01	  -4.9964590e-01	
   4.2000000e+00	  -4.9479582e+01	  -4.4404295e+01	  -7.1345215e+01	  -9.3623257e-01	
   4.2100000e+00	  -4.9694632e+01	  -4.4436758e+01	  -7.4377441e+01	  -1.3867375e+00	
   4.2200000e+00	  -4.8824656e+01	  -4.4466966e+01	  -7.6113281e+01	  -1.8493530e+00	
   4.2300000e+00	  -4.9078806e+01	  -4.4495057e+01	  -8.0507813e+01	  -2.3282699e+00	
   4.2400000e+00	  -4.9049481e+01	  -4.4523675e+01	  -8.4177246e+01	  -2.8294415e+00	
   4.2500000e+00	  -4.9499132e+01	  -4.4553431e+01	  -8.6594238e+01	  -3.3465352e+00	
   4.2600000e+00	  -4.9616432e+01	  -4.4584776e+01	  -8.9121094e+01	  -3.8758731e+00	
   4.2700000e+00	  -4.9557782e+01	  -4.4616108e+01	  -9.1801758e+01	  -4.4182042e+00	
   4.2800000e+00	  -4.8638931e+01	  -4.4644183e+01	  -9.3757324e+01	  -4.9716579e+00	
   4.2900000e+00	  -4.8619381e+01	  -4.4669143e+01	  -9.8085938e+01	  -5.5413257e+00	
   4.3000000e+00	  -4.9235206e+01	  -4.4695814e+01	  -9.9250488e+01	  -6.1246286e+00	
   4.3100000e+00	  -4.9587107e+01	  -4.4725349e+01	  -1.0371094e+02	  -6.7218941e+00	
   4.3200000e+00	  -4.8697581e+01	  -4.4753015e+01	  -1.0702881e+02	  -7.3397786e+00	
   4.3300000e+00	  -4.8932181e+01	  -4.4778456e+01	  -1.0927002e+02	  -7.9712026e+00	
   4.3400000e+00	  -4.9010381e+01	  -4.4804718e+01	  -1.1247803e+02	  -8.6157373e+00	
   4.3500000e+00	  -4.9069031e+01	  -4.4831244e+01	  -1.1597168e+02	  -9.2772230e+00	
   4.3600000e+00	  -4.8883306e+01	  -4.4857206e+01	  -1.1750977e+02	  -9.9503237e+00	
   4.3700000e+00	  -4.9381832e+01	  -4.4883985e+01	  -1.2197021e+02	  -1.0637994e+01	
   4.3800000e+00	  -4.9293856e+01	  -4.4911882e+01	  -1.2491455e+02	  -1.1344548e+01	
   4.3900000e+00	  -4.9303631e+01	  -4.4939359e+01	  -1.2847412e+02	  -1.2067045e+01	
   4.4000000e+00	  -4.9753282e+01	  -4.4968103e+01	  -1.3003418e+02	  -1.2801049e+01	
   4.4100000e+00	  -4.8941956e+01	  -4.4995534e+01	  -1.3350586e+02	  -1.3546215e+01	
   4.4200000e+00	  -5.0193157e+01	  -4.5024171e+01	  -1.3721924e+02	  -1.4309215e+01	
   4.4300000e+00	  -4.9665307e+01	  -4.5054894e+01	  -1.3928467e+02	  -1.5085534e+01	
   4.4400000e+00	  -4.9010381e+01	  -4.5081720e+01	  -1.4269043e+02	  -1.5874125e+01	
   4.4500000e+00	  -4.8834431e+01	  -4.5105777e+01	  -1.4701904e+02	  -1.6681998e+01	
   4.4600000e+00	  -4.8981056e+01	  -4.5129590e+01	  -1.4923828e+02	  -1.7505318e+01	
   4.4700000e+00	  -4.9166781e+01	  -4.5154296e+01	  -1.5260010e+02	  -1.8340960e+01	
   4.4800000e+00	  -4.9244981e+01	  -4.5179673e+01	  -1.5710449e+02	  -1.9196003e+01	
   4.4900000e+00	  -4.9157006e+01	  -4.5204861e+01	  -1.5956543e+02	  -2.0067503e+01	
   4.5000000e+00	  -4.9596882e+01	  -4.5230993e+01	  -1.6182861e+02	  -2.0948340e+01	
   4.5100000e+00	  -4.8805106e+01	  -4.5255859e+01	  -1.6708008e+02	  -2.1847194e+01	
   4.5200000e+00	  -4.8961506e+01	  -4.5278579e+01	  -1.6809082e+02	  -2.2760030e+01	
   4.5300000e+00	  -4.9548007e+01	  -4.5303484e+01	  -1.7129883e+02	  -2.3680360e+01	
   4.5400000e+00	  -4.9049481e+01	  -4.5328509e+01	  -1.7551758e+02	  -2.4618185e+01	
   4.5500000e+00	  -4.9029931e+01	  -4.5351754e+01	  -1.7729736e+02	  -2.5568921e+01	
   4.5600000e+00	  -4.9029931e+01	  -4.5374792e+01	  -1.8000000e+02	  -2.6527741e+01	
   4.5700000e+00	  -4.8541181e+01	  -4.5396156e+01	  -1.8000000e+02	  -2.7489019e+01	
   4.5800000e+00	  -4.8941956e+01	  -4.5417110e+01	  -1.8000000e+02	  -2.8444276e+01	
   4.5900000e+00	  -4.8736681e+01	  -4.5438545e+01	  -1.8000000e+02	  -2.9393549e+01	
   4.6000000e+00	  -4.9254756e+01	  -4.5460825e+01	  -1.4677734e+01	  -2.9819127e+01	
   4.6100000e+00	  -4.9069031e+01	  -4.5484007e+01	   1.7606689e+02	  -2.9126921e+01	
   4.6200000e+00	  -4.9831482e+01	  -4.5508850e+01	   1.7723145e+02	  -2.7838036e+01	
   4.6300000e+00	  -4.8795331e+01	  -4.5532680e+01	   1.7316650e+02	  -2.6566308e+01	
   4.6400000e+00	  -4.8766006e+01	  -4.5553024e+01	   1.7321045e+02	  -2.5315139e+01	
   4.6500000e+00	  -4.8844206e+01	  -4.5573393e+01	   1.6912354e+02	  -2.4084467e+01	
   4.6600000e+00	  -4.8922406e+01	  -4.5594125e+01	   1.7132080e+02	  -2.2867422e+01	
   4.6700000e+00	  -4.8766006e+01	  -4.5614482e+01	   1.6057617e+02	  -2.1684768e+01	
   4.6800000e+00	  -4.8805106e+01	  -4.5634344e+01	   1.5969727e+02	  -2.0545924e+01	
   4.6900000e+00	  -4.8795331e+01	  -4.5654174e+01	   1.6163086e+02	  -1.9410910e+01	
   4.7000000e+00	  -4.9489357e+01	  -4.5676022e+01	   1.5481934e+02	  -1.8298282e+01	
   4.7100000e+00	  -4.8922406e+01	  -4.5698131e+01	   1.5033691e+02	  -1.7227993e+01	
   4.7200000e+00	  -4.9137456e+01	  -4.5719000e+01	   1.5323730e+02	  -1.6169362e+01	
   4.7300000e+00	  -4.8678031e+01	  -4.5738973e+01	   1.4570068e+02	  -1.5131881e+01	
   4.7400000e+00	  -4.8658481e+01	  -4.5757320e+01	   1.4438232e+02	  -1.4128631e+01	
   4.7500000e+00	  -4.9508907e+01	  -4.5778155e+01	   1.4119629e+02	  -1.3145771e+01	
   4.7600000e+00	  -4.9225431e+01	  -4.5800635e+01	   1.3741699e+02	  -1.2190881e+01	
   4.7700000e+00	  -4.9362282e+01	  -4.5822515e+01	   1.3170410e+02	  -1.1271699e+01	
   4.7800000e+00	  -4.9078806e+01	  -4.5843799e+01	   1.2854004e+02	  -1.0386075e+01	
   4.7900000e+00	  -4.9117906e+01	  -4.5864184e+01	   1.2502441e+02	  -9.5269176e+00	
   4.8000000e+00	  -4.9372057e+01	  -4.5885359e+01	   1.1977295e+02	  -8.7005979e+00	
   4.8100000e+00	  -4.9528457e+01	  -4.5907688e+01	   1.1895996e+02	  -7.8984462e+00	
   4.8200000e+00	  -4.9460032e+01	  -4.5930153e+01	   1.1632324e+02	  -7.1121226e+00	
   4.8300000e+00	  -4.9137456e+01	  -4.5951252e+01	   1.1465332e+02	  -6.3442114e+00	
   4.8400000e+00	  -4.8687806e+01	  -4.5969801e+01	   1.1104980e+02	  -5.5976253e+00	
   4.8500000e+00	  -4.9088581e+01	  -4.5988080e+01	   1.0861084e+02	  -4.8746391e+00	
   4.8600000e+00	  -4.9078806e+01	  -4.6007470e+01	   1.0551270e+02	  -4.1735222e+00	
   4.8700000e+00	  -4.8570506e+01	  -4.6025115e+01	   9.9689941e+01	  -3.5047350e+00	
   4.8800000e+00	  -4.8785556e+01	  -4.6041732e+01	   1.0089844e+02	  -2.8545875e+00	
   4.8900000e+00	  -4.9460032e+01	  -4.6061030e+01	   9.4768066e+01	  -2.2239263e+00	
   4.9000000e+00	  -4.8717131e+01	  -4.6079993e+01	   9.2548828e+01	  -1.6233643e+00	
   4.9100000e+00	  -4.9176556e+01	  -4.6097950e+01	   8.7714844e+01	  -1.0486530e+00	
   4.9200000e+00	  -4.8961506e+01	  -4.6116559e+01	   8.7868652e+01	  -4.9219864e-01	
   4.9300000e+00	  -4.9303631e+01	  -4.6135450e+01	   8.3693848e+01	   4.8177562e-02	
   4.9400000e+00	  -4.9675082e+01	  -4.6156457e+01	   7.8376465e+01	   5.5544181e-01	
   4.9500000e+00	  -4.9244981e+01	  -4.6177149e+01	   7.4685059e+01	   1.0313154e+00	
   4.9600000e+00	  -4.9098356e+01	  -4.6195906e+01	   7.3828125e+01	   1.4899640e+00	
   4.9700000e+00	  -4.9196106e+01	  -4.6214391e+01	   7.2641602e+01	   1.9393402e+00	
   4.9800000e+00	  -4.9196106e+01	  -4.6233067e+01	   6.5895996e+01	   2.3610602e+00	
   4.9900000e+00	  -4.9460032e+01	  -4.6252453e+01	   6.5412598e+01	   2.7574992e+00	
   5.0000000e+00	  -4.8707356e+01	  -4.6270187e+01	   6.0886230e+01	   3.1357657e+00	
   5.0100000e+00	  -4.8707356e+01	  -4.6285452e+01	   5.7941895e+01	   3.4882664e+00	
   5.0200000e+00	  -4.8335906e+01	  -4.6299458e+01	   5.1481934e+01	   3.8091071e+00	
   5.0300000e+00	  -4.7211780e+01	  -4.6308693e+01	   5.2448730e+01	   4.1107350e+00	
   5.0400000e+00	  -4.5364303e+01	  -4.6308564e+01	   4.9086914e+01	   4.4029730e+00	
   5.0500000e+00	  -4.4083777e+01	  -4.6298639e+01	   5.0625000e+01	   4.6876691e+00	
   5.0600000e+00	  -4.1884400e+01	  -4.6277878e+01	   4.4758301e+01	   4.9570257e+00	
   5.0700000e+00	  -4.0809149e+01	  -4.6246992e+01	   4.2736816e+01	   5.1999913e+00	
   5.0800000e+00	  -3.8560897e+01	  -4.6205891e+01	   3.9023438e+01	   5.4234749e+00	
   5.0900000e+00	  -3.6879595e+01	  -4.6152741e+01	   3.5090332e+01	   5.6216117e+00	
   5.1000000e+00	  -3.5814119e+01	  -4.6091322e+01	   3.5288086e+01	   5.8068091e+00	
   5.1100000e+00	  -3.4220793e+01	  -4.6021960e+01	   3.3244629e+01	   5.9850663e+00	
   5.1200000e+00	  -3.1659740e+01	  -4.5940023e+01	   2.9399414e+01	   6.1437651e+00	
   5.1300000e+00	  -2.9831814e+01	  -4.5844853e+01	   2.6872559e+01	   6.2815140e+00	
   5.1400000e+00	  -2.7739962e+01	  -4.5738004e+01	   2.7663574e+01	   6.4129638e+00	
   5.1500000e+00	  -2.5618785e+01	  -4.5618629e+01	   2.4873047e+01	   6.5373284e+00	
   5.1600000e+00	  -2.3859283e+01	  -4.5487849e+01	   2.6037598e+01	   6.6558218e+00	
   5.1700000e+00	  -2.2872007e+01	  -4.5349286e+01	   2.2346191e+01	   6.7656595e+00	
   5.1800000e+00	  -2.0486905e+01	  -4.5201030e+01	   2.2324219e+01	   6.8631798e+00	
   5.1900000e+00	  -1.8639428e+01	  -4.5040446e+01	   2.3510742e+01	   6.9637363e+00	
   5.2000000e+00	  -1.6097926e+01	  -4.4867123e+01	   2.2258301e+01	   7.0634566e+00	
   5.2100000e+00	  -1.4670775e+01	  -4.4682457e+01	   2.0764160e+01	   7.1539507e+00	
   5.2200000e+00	  -1.2833073e+01	  -4.4488723e+01	   1.8874512e+01	   7.2332807e+00	
   5.2300000e+00	  -1.2178147e+01	  -4.4288396e+01	   1.8984375e+01	   7.3065399e+00	
   5.2400000e+00	  -1.0203595e+01	  -4.4081088e+01	   1.6281738e+01	   7.3712203e+00	
   5.2500000e+00	  -6.3229169e+00	  -4.3856742e+01	   1.9291992e+01	   7.4364590e+00	
   5.2600000e+00	  -7.0951426e+00	  -4.3624067e+01	   2.0214844e+01	   7.5136066e+00	
   5.2700000e+00	  -6.0980917e+00	  -4.3392144e+01	   1.7094727e+01	   7.5833897e+00	
   5.2800000e+00	  -3.9182647e+00	  -4.3151725e+01	   1.8874512e+01	   7.6485381e+00	
   5.2900000e+00	  -1.4842874e+00	  -4.2898363e+01	   1.8281250e+01	   7.7169944e+00	
   5.3000000e+00	  -4.7361092e-02	  -4.2634464e+01	   1.8808594e+01	   7.7848154e+00	
   5.3100000e+00	   1.2331651e+00	  -4.2363708e+01	   1.7446289e+01	   7.8495967e+00	
   5.3200000e+00	   2.0738159e+00	  -4.2088005e+01	   1.7797852e+01	   7.9108069e+00	
   5.3300000e+00	   2.0835909e+00	  -4.1811366e+01	   1.4897461e+01	   7.9636514e+00	
   5.3400000e+00	   3.5302922e+00	  -4.1531898e+01	   2.0786133e+01	   8.0255234e+00	
   5.3500000e+00	   4.7228433e+00	  -4.1245915e+01	   1.9423828e+01	   8.1011834e+00	
   5.3600000e+00	   4.2536429e+00	  -4.0959458e+01	   1.8369141e+01	   8.1688001e+00	
   5.3700000e+00	   5.4461940e+00	  -4.0672529e+01	   1.6589355e+01	   8.2271164e+00	
   5.3800000e+00	   6.5996450e+00	  -4.0380051e+01	   2.0588379e+01	   8.2920175e+00	
   5.3900000e+00	   6.7169451e+00	  -4.0085425e+01	   1.9116211e+01	   8.3644256e+00	
   5.4000000e+00	   7.5478209e+00	  -3.9789675e+01	   2.2346191e+01	   8.4418853e+00	
   5.4100000e+00	   1.0196848e+01	  -3.9484879e+01	   2.0280762e+01	   8.5225068e+00	
   5.4200000e+00	   1.0587849e+01	  -3.9172472e+01	   2.1577148e+01	   8.6002150e+00	
   5.4300000e+00	   1.1360074e+01	  -3.8858378e+01	   2.2697754e+01	   8.6850058e+00	
   5.4400000e+00	   1.1281874e+01	  -3.8544078e+01	   2.3840332e+01	   8.7763534e+00	
   5.4500000e+00	   1.2611276e+01	  -3.8227829e+01	   2.2917480e+01	   8.8678169e+00	
   5.4600000e+00	   1.4214377e+01	  -3.7904376e+01	   2.5268555e+01	   8.9631804e+00	
   5.4700000e+00	   1.4605377e+01	  -3.7576704e+01	   2.5092773e+01	   9.0647590e+00	
   5.4800000e+00	   1.3657202e+01	  -3.7252830e+01	   2.7905273e+01	   9.1739590e+00	
   5.4900000e+00	   1.5328728e+01	  -3.6928718e+01	   3.1003418e+01	   9.3009858e+00	
   5.5000000e+00	   1.7410805e+01	  -3.6594882e+01	   3.3068848e+01	   9.4433881e+00	
   5.5100000e+00	   1.7283730e+01	  -3.6257014e+01	   2.8454590e+01	   9.5769160e+00	
   5.5200000e+00	   1.8456731e+01	  -3.5917986e+01	   3.1772461e+01	   9.7055477e+00	
   5.5300000e+00	   1.8974806e+01	  -3.5575786e+01	   3.2189941e+01	   9.8450719e+00	
   5.5400000e+00	   2.0441058e+01	  -3.5229515e+01	   3.5024414e+01	   9.9939065e+00	
   5.5500000e+00	   2.1838884e+01	  -3.4876443e+01	   3.6562500e+01	   1.0155503e+01	
   5.5600000e+00	   2.1682484e+01	  -3.4521695e+01	   3.7001953e+01	   1.0322280e+01	
   5.5700000e+00	   2.4008936e+01	  -3.4162372e+01	   4.2209473e+01	   1.0505698e+01	
   5.5800000e+00	   2.3354010e+01	  -3.3800066e+01	   3.7573242e+01	   1.0689755e+01	
   5.5900000e+00	   2.3520186e+01	  -3.3441559e+01	   4.2341309e+01	   1.0873073e+01	
   5.6000000e+00	   2.4106686e+01	  -3.3082941e+01	   4.2165527e+01	   1.1069625e+01	
   5.6100000e+00	   2.4126236e+01	  -3.2724671e+01	   4.4692383e+01	   1.1272309e+01	
   5.6200000e+00	   2.4331511e+01	  -3.2367941e+01	   4.7482910e+01	   1.1490376e+01	
   5.6300000e+00	   2.5064637e+01	  -3.2010506e+01	   5.0251465e+01	   1.1724486e+01	
   5.6400000e+00	   2.4761612e+01	  -3.1653963e+01	   4.9570313e+01	   1.1963668e+01	
   5.6500000e+00	   2.5299237e+01	  -3.1298919e+01	   5.2558594e+01	   1.2208577e+01	
   5.6600000e+00	   2.7518164e+01	  -3.0937466e+01	   5.2624512e+01	   1.2461517e+01	
   5.6700000e+00	   2.7254239e+01	  -3.0572154e+01	   5.7875977e+01	   1.2729525e+01	
   5.6800000e+00	   2.8241515e+01	  -3.0206864e+01	   5.7062988e+01	   1.3009755e+01	
   5.6900000e+00	   2.8221965e+01	  -2.9840833e+01	   5.8754883e+01	   1.3290982e+01	
   5.7000000e+00	   3.0049892e+01	  -2.9471430e+01	   6.6313477e+01	   1.3599419e+01	
   5.7100000e+00	   3.0509317e+01	  -2.9097178e+01	   6.1787109e+01	   1.3915419e+01	
   5.7200000e+00	   2.9766416e+01	  -2.8726157e+01	   6.6335449e+01	   1.4229509e+01	
   5.7300000e+00	   3.2522969e+01	  -2.8351155e+01	   6.8774414e+01	   1.4563514e+01	
   5.7400000e+00	   3.2845544e+01	  -2.7968858e+01	   7.1301270e+01	   1.4910979e+01	
   5.7500000e+00	   3.1887593e+01	  -2.7590945e+01	   7.5541992e+01	   1.5277463e+01	
   5.7600000e+00	   3.2708694e+01	  -2.7215828e+01	   7.0927734e+01	   1.5640480e+01	
   5.7700000e+00	   3.3774170e+01	  -2.6837152e+01	   7.7937012e+01	   1.6008725e+01	
   5.7800000e+00	   3.2894419e+01	  -2.6460267e+01	   8.1694336e+01	   1.6408382e+01	
   5.7900000e+00	   3.4008770e+01	  -2.6085007e+01	   7.9299316e+01	   1.6809801e+01	
   5.8000000e+00	   3.4194495e+01	  -2.5708026e+01	   8.2836914e+01	   1.7212285e+01	
   5.8100000e+00	   3.4438871e+01	  -2.5332060e+01	   8.7033691e+01	   1.7636470e+01	
   5.8200000e+00	   3.4605046e+01	  -2.4957162e+01	   9.2153320e+01	   1.8087175e+01	
   5.8300000e+00	   3.4790771e+01	  -2.4583511e+01	   9.1098633e+01	   1.8547788e+01	
   5.8400000e+00	   3.6227697e+01	  -2.4207118e+01	   9.3933105e+01	   1.9011089e+01	
   5.8500000e+00	   3.5387047e+01	  -2.3831216e+01	   9.4482422e+01	   1.9482085e+01	
   5.8600000e+00	   3.7967649e+01	  -2.3452219e+01	   9.9602051e+01	   1.9967886e+01	
   5.8700000e+00	   3.5670522e+01	  -2.3074708e+01	   9.9558105e+01	   2.0466539e+01	
   5.8800000e+00	   3.6726223e+01	  -2.2703449e+01	   1.0043701e+02	   2.0964684e+01	
   5.8900000e+00	   3.8466174e+01	  -2.2325761e+01	   1.0608398e+02	   2.1480146e+01	
   5.9000000e+00	   3.7068348e+01	  -2.1949366e+01	   1.0511719e+02	   2.2007037e+01	
   5.9100000e+00	   3.7342048e+01	  -2.1578850e+01	   1.0867676e+02	   2.2538747e+01	
   5.9200000e+00	   3.7322498e+01	  -2.1209859e+01	   1.1219238e+02	   2.3089285e+01	
   5.9300000e+00	   3.7488674e+01	  -2.0842719e+01	   1.1443359e+02	   2.3654404e+01	
   5.9400000e+00	   3.8925600e+01	  -2.0472859e+01	   1.1627930e+02	   2.4228782e+01	
   5.9500000e+00	   3.6990148e+01	  -2.0106876e+01	   1.2102539e+02	   2.4820207e+01	
   5.9600000e+00	   3.8730100e+01	  -1.9743798e+01	   1.2199219e+02	   2.5425818e+01	
   5.9700000e+00	   3.9140650e+01	  -1.9376259e+01	   1.2073975e+02	   2.6026742e+01	
   5.9800000e+00	   4.0137701e+01	  -1.9006615e+01	   1.2922119e+02	   2.6646542e+01	
   5.9900000e+00	   3.9981301e+01	  -1.8636652e+01	   1.2864990e+02	   2.7287232e+01	
   6.0000000e+00	   4.1154302e+01	  -1.8265823e+01	   1.3539551e+02	   2.7943246e+01	
   6.0100000e+00	   4.0929477e+01	  -1.7894348e+01	   1.3930664e+02	   2.8628525e+01	
   6.0200000e+00	   4.1574627e+01	  -1.7523883e+01	   1.3888916e+02	   2.9320453e+01	
   6.0300000e+00	   4.0743752e+01	  -1.7156320e+01	   1.4181152e+02	   3.0015892e+01	
   6.0400000e+00	   4.1965628e+01	  -1.6789834e+01	   1.4501953e+02	   3.0726173e+01	
   6.0500000e+00	   4.1799452e+01	  -1.6422338e+01	   1.4778809e+02	   3.1450724e+01	
   6.0600000e+00	   4.1819002e+01	  -1.6057603e+01	   1.4919434e+02	   3.2183810e+01	
   6.0700000e+00	   4.2943129e+01	  -1.5691571e+01	   1.5569824e+02	   3.2937077e+01	
   6.0800000e+00	   4.1183627e+01	  -1.5329821e+01	   1.5631348e+02	   3.3707922e+01	
   6.0900000e+00	   4.3001779e+01	  -1.4970153e+01	   1.5993896e+02	   3.4487220e+01	
   6.1000000e+00	   4.2874703e+01	  -1.4607443e+01	   1.6136719e+02	   3.5277463e+01	
   6.1100000e+00	   4.3578504e+01	  -1.4245197e+01	   1.6477295e+02	   3.6077896e+01	
   6.1200000e+00	   4.3167954e+01	  -1.3884303e+01	   1.6813477e+02	   3.6894509e+01	
   6.1300000e+00	   4.3285254e+01	  -1.3526587e+01	   1.6817871e+02	   3.7716674e+01	
   6.1400000e+00	   4.4673305e+01	  -1.3166397e+01	   1.7178223e+02	   3.8545112e+01	
   6.1500000e+00	   4.3832654e+01	  -1.2806749e+01	   1.7679199e+02	   3.9395336e+01	
   6.1600000e+00	   4.3803329e+01	  -1.2452079e+01	   1.7586914e+02	   4.0253034e+01	
   6.1700000e+00	   4.2933354e+01	  -1.2102446e+01	   1.7512207e+02	   4.1100129e+01	
   6.1800000e+00	   4.3001779e+01	  -1.1757513e+01	   1.7292480e+02	   4.1932698e+01	
   6.1900000e+00	   4.5034980e+01	  -1.1408159e+01	  -1.2832031e+01	   4.2171424e+01	
   6.2000000e+00	   4.5934281e+01	  -1.1051810e+01	  -1.8000000e+02	   4.1303378e+01	
   6.2100000e+00	   4.4037930e+01	  -1.0700815e+01	  -1.8000000e+02	   3.9917238e+01	
   6.2200000e+00	   4.5523731e+01	  -1.0353304e+01	  -1.8000000e+02	   3.8539780e+01	
   6.2300000e+00	   4.3793554e+01	  -1.0008735e+01	  -1.8000000e+02	   3.7170950e+01	
   6.2400000e+00	   4.5777881e+01	  -9.6655284e+00	  -1.7677002e+02	   3.5820809e+01	
   6.2500000e+00	   4.5553056e+01	  -9.3189612e+00	  -1.7782471e+02	   3.4485937e+01	
   6.2600000e+00	   4.6012481e+01	  -8.9738299e+00	  -1.7479248e+02	   3.3165620e+01	
   6.2700000e+00	   4.5680131e+01	  -8.6304624e+00	  -1.6934326e+02	   3.1880134e+01	
   6.2800000e+00	   4.6002706e+01	  -8.2892762e+00	  -1.6686035e+02	   3.0627542e+01	
   6.2900000e+00	   4.5807206e+01	  -7.9498291e+00	  -1.6081787e+02	   2.9409494e+01	
   6.3000000e+00	   4.4722180e+01	  -7.6165184e+00	  -1.6108154e+02	   2.8217174e+01	
   6.3100000e+00	   4.4477805e+01	  -7.2894588e+00	  -1.5899414e+02	   2.7038033e+01	
   6.3200000e+00	   4.5152281e+01	  -6.9631008e+00	  -1.5686279e+02	   2.5879490e+01	
   6.3300000e+00	   4.5904956e+01	  -6.6343174e+00	  -1.5121582e+02	   2.4752564e+01	
   6.3400000e+00	   4.7410308e+01	  -6.3005218e+00	  -1.4748047e+02	   2.3662079e+01	
   6.3500000e+00	   4.5748556e+01	  -5.9693067e+00	  -1.4816162e+02	   2.2587990e+01	
   6.3600000e+00	   4.6462132e+01	  -5.6431356e+00	  -1.4161377e+02	   2.1539001e+01	
   6.3700000e+00	   4.7605808e+01	  -5.3131911e+00	  -1.3996582e+02	   2.0522250e+01	
   6.3800000e+00	   4.5807206e+01	  -4.9873642e+00	  -1.3739502e+02	   1.9525079e+01	
   6.3900000e+00	   4.4350730e+01	  -4.6737723e+00	  -1.3469238e+02	   1.8550670e+01	
   6.4000000e+00	   4.6012481e+01	  -4.3615018e+00	  -1.3130859e+02	   1.7601425e+01	
   6.4100000e+00	   4.6530557e+01	  -4.0443604e+00	  -1.3051758e+02	   1.6671200e+01	
   6.4200000e+00	   4.6256857e+01	  -3.7284401e+00	  -1.2629883e+02	   1.5762491e+01	
   6.4300000e+00	   4.5338006e+01	  -3.4182334e+00	  -1.2427734e+02	   1.4879017e+01	
   6.4400000e+00	   4.6403482e+01	  -3.1095105e+00	  -1.2102539e+02	   1.4017591e+01	
   6.4500000e+00	   4.6481682e+01	  -2.7991396e+00	  -1.2056396e+02	   1.3173191e+01	
   6.4600000e+00	   4.6286182e+01	  -2.4910800e+00	  -1.1592773e+02	   1.2350044e+01	
   6.4700000e+00	   4.8583309e+01	  -2.1783682e+00	  -1.1140137e+02	   1.1560748e+01	
   6.4800000e+00	   4.8348709e+01	  -1.8611557e+00	  -1.0869873e+02	   1.0799035e+01	
   6.4900000e+00	   4.5289131e+01	  -1.5562466e+00	  -1.0650146e+02	   1.0057439e+01	
   6.5000000e+00	   4.7596033e+01	  -1.2556046e+00	  -1.0285400e+02	   9.3387919e+00	
   6.5100000e+00	   4.7869733e+01	  -9.4876383e-01	  -9.8591309e+01	   8.6494189e+00	
   6.5200000e+00	   4.7019307e+01	  -6.4565112e-01	  -9.8854980e+01	   7.9768877e+00	
   6.5300000e+00	   4.6051581e+01	  -3.5013099e-01	  -9.4658203e+01	   7.3208866e+00	
   6.5400000e+00	   4.6931332e+01	  -5.6737370e-02	  -9.2021484e+01	   6.6903953e+00	
   6.5500000e+00	   4.6735832e+01	   2.3696148e-01	  -8.9956055e+01	   6.0785790e+00	
   6.5600000e+00	   4.7899058e+01	   5.3185143e-01	  -8.6638184e+01	   5.4874542e+00	
   6.5700000e+00	   4.6784707e+01	   8.2504739e-01	  -8.3364258e+01	   4.9206758e+00	
   6.5800000e+00	   4.5934281e+01	   1.1102537e+00	  -8.1386719e+01	   4.3738938e+00	
   6.5900000e+00	   4.6814032e+01	   1.3937654e+00	  -7.7211914e+01	   3.8498042e+00	
   6.6000000e+00	   4.7009532e+01	   1.6788688e+00	  -7.4179688e+01	   3.3515681e+00	
   6.6100000e+00	   4.5963606e+01	   1.9595231e+00	  -7.2729492e+01	   2.8704905e+00	
   6.6200000e+00	   4.6706507e+01	   2.2374706e+00	  -6.9543457e+01	   2.4069458e+00	
   6.6300000e+00	   4.6598982e+01	   2.5156669e+00	  -6.7500000e+01	   1.9626820e+00	
   6.6400000e+00	   4.6198207e+01	   2.7905289e+00	  -6.4577637e+01	   1.5367527e+00	
   6.6500000e+00	   4.9101384e+01	   3.0715061e+00	  -6.0578613e+01	   1.1351673e+00	
   6.6600000e+00	   4.7684008e+01	   3.3553767e+00	  -5.7502441e+01	   7.5825515e-01	
   6.6700000e+00	   4.7850183e+01	   3.6335508e+00	  -5.2316895e+01	   4.0957753e-01	
   6.6800000e+00	   4.7468958e+01	   3.9093090e+00	  -5.3217773e+01	   7.6502428e-02	
   6.6900000e+00	   4.7077957e+01	   4.1809216e+00	  -4.8999023e+01	  -2.4409566e-01	
   6.7000000e+00	   4.9257784e+01	   4.4564351e+00	  -4.6933594e+01	  -5.4300509e-01	
   6.7100000e+00	   4.8338934e+01	   4.7341720e+00	  -4.4143066e+01	  -8.2483459e-01	
   6.7200000e+00	   4.6941107e+01	   5.0029140e+00	  -4.2187500e+01	  -1.0900352e+00	
   6.7300000e+00	   4.7195257e+01	   5.2663910e+00	  -3.9309082e+01	  -1.3384358e+00	
   6.7400000e+00	   4.7830633e+01	   5.5310035e+00	  -3.5639648e+01	  -1.5647742e+00	
   6.7500000e+00	   4.8016358e+01	   5.7965301e+00	  -3.3200684e+01	  -1.7705649e+00	
   6.7600000e+00	   4.9248009e+01	   6.0648324e+00	  -2.9135742e+01	  -1.9546979e+00	
   6.7700000e+00	   4.8270508e+01	   6.3322502e+00	  -2.6872559e+01	  -2.1178594e+00	
   6.7800000e+00	   4.6511007e+01	   6.5894213e+00	  -2.3466797e+01	  -2.2622451e+00	
   6.7900000e+00	   4.7576483e+01	   6.8428081e+00	  -2.2236328e+01	  -2.3912069e+00	
   6.8000000e+00	   4.9414184e+01	   7.1036999e+00	  -1.9709473e+01	  -2.5075939e+00	
   6.8100000e+00	   4.8739709e+01	   7.3666005e+00	  -1.4348145e+01	  -2.5985479e+00	
   6.8200000e+00	   4.8182533e+01	   7.6239972e+00	  -1.1118164e+01	  -2.6620263e+00	
   6.8300000e+00	   4.7136607e+01	   7.8747612e+00	  -8.7670898e+00	  -2.7076286e+00	
   6.8400000e+00	   4.8505109e+01	   8.1249647e+00	  -5.0976563e+00	  -2.7340904e+00	
   6.8500000e+00	   4.6814032e+01	   8.3725908e+00	  -2.5048828e+00	  -2.7407747e+00	
   6.8600000e+00	   4.8866784e+01	   8.6197986e+00	  -6.3720703e-01	  -2.7334480e+00	
   6.8700000e+00	   4.8192308e+01	   8.8697744e+00	   3.4057617e+00	  -2.7076565e+00	
   6.8800000e+00	   4.7195257e+01	   9.1129497e+00	   5.6909180e+00	  -2.6622084e+00	
   6.8900000e+00	   4.8436684e+01	   9.3553672e+00	   9.0747070e+00	  -2.5992911e+00	
   6.9000000e+00	   4.7967483e+01	   9.5986847e+00	   1.4458008e+01	  -2.5093115e+00	
   6.9100000e+00	   4.6686957e+01	   9.8349985e+00	   1.5446777e+01	  -2.3999396e+00	
   6.9200000e+00	   4.7459183e+01	   1.0068240e+01	   1.7951660e+01	  -2.2803115e+00	
   6.9300000e+00	   4.7820858e+01	   1.0303572e+01	   2.2565918e+01	  -2.1391372e+00	
   6.9400000e+00	   4.7038857e+01	   1.0536114e+01	   2.1511230e+01	  -1.9876994e+00	
   6.9500000e+00	   4.7068182e+01	   1.0764841e+01	   2.7927246e+01	  -1.8204197e+00	
   6.9600000e+00	   4.6598982e+01	   1.0990759e+01	   2.8872070e+01	  -1.6311354e+00	
   6.9700000e+00	   4.7674233e+01	   1.1217160e+01	   3.4299316e+01	  -1.4230809e+00	
   6.9800000e+00	   4.7684008e+01	   1.1445540e+01	   3.3486328e+01	  -1.2018787e+00	
   6.9900000e+00	   4.8143433e+01	   1.1673960e+01	   4.1110840e+01	  -9.6072995e-01	
   7.0000000e+00	   4.8475784e+01	   1.1903428e+01	   4.0671387e+01	  -6.9858974e-01	
   7.0100000e+00	   4.7615583e+01	   1.2129806e+01	   4.3461914e+01	  -4.3072845e-01	
   7.0200000e+00	   4.7390758e+01	   1.2351368e+01	   5.0009766e+01	  -1.3529930e-01	
   7.0300000e+00	   4.7205032e+01	   1.2570257e+01	   4.9570313e+01	   1.7740948e-01	
   7.0400000e+00	   4.7214807e+01	   1.2787223e+01	   5.5371094e+01	   5.0495001e-01	
   7.0500000e+00	   4.6550107e+01	   1.3000780e+01	   5.5766602e+01	   8.4984430e-01	
   7.0600000e+00	   4.7830633e+01	   1.3214927e+01	   5.9589844e+01	   1.2057905e+00	
   7.0700000e+00	   4.6931332e+01	   1.3428927e+01	   6.2995605e+01	   1.5821467e+00	
   7.0800000e+00	   4.7068182e+01	   1.3639199e+01	   6.5170898e+01	   1.9736241e+00	
   7.0900000e+00	   4.7410308e+01	   1.3849654e+01	   6.6555176e+01	   2.3737973e+00	
   7.1000000e+00	   4.7615583e+01	   1.4060505e+01	   6.8840332e+01	   2.7829558e+00	
   7.1100000e+00	   4.9834510e+01	   1.4277627e+01	   7.7475586e+01	   3.2237516e+00	
   7.1200000e+00	   4.8690834e+01	   1.4496757e+01	   7.9980469e+01	   3.6966748e+00	
   7.1300000e+00	   4.9091609e+01	   1.4712188e+01	   8.2177734e+01	   4.1813618e+00	
   7.1400000e+00	   4.8368259e+01	   1.4925259e+01	   8.5407715e+01	   4.6800098e+00	
   7.1500000e+00	   4.8436684e+01	   1.5134944e+01	   9.0725098e+01	   5.2023029e+00	
   7.1600000e+00	   4.9326209e+01	   1.5346317e+01	   9.1296387e+01	   5.7397665e+00	
   7.1700000e+00	   4.6853132e+01	   1.5551405e+01	   9.4614258e+01	   6.2860436e+00	
   7.1800000e+00	   4.8661509e+01	   1.5753128e+01	   9.8701172e+01	   6.8520892e+00	
   7.1900000e+00	   4.7830633e+01	   1.5956649e+01	   9.5998535e+01	   7.4189245e+00	
   7.2000000e+00	   4.8661509e+01	   1.6158894e+01	   1.0412842e+02	   7.9992063e+00	
   7.2100000e+00	   4.8827684e+01	   1.6362996e+01	   1.0700684e+02	   8.6103288e+00	
   7.2200000e+00	   4.6950882e+01	   1.6560462e+01	   1.0920410e+02	   9.2335195e+00	
   7.2300000e+00	   4.7644908e+01	   1.6752986e+01	   1.1324707e+02	   9.8723497e+00	
   7.2400000e+00	   4.6911782e+01	   1.6944183e+01	   1.1357666e+02	   1.0520872e+01	
   7.2500000e+00	   4.7468958e+01	   1.7133631e+01	   1.1854248e+02	   1.1181917e+01	
   7.2600000e+00	   4.8319383e+01	   1.7326300e+01	   1.2596924e+02	   1.1877632e+01	
   7.2700000e+00	   4.7830633e+01	   1.7518896e+01	   1.2711182e+02	   1.2595826e+01	
   7.2800000e+00	   4.8896109e+01	   1.7712091e+01	   1.3363770e+02	   1.3333538e+01	
   7.2900000e+00	   4.8593084e+01	   1.7906464e+01	   1.3684570e+02	   1.4097113e+01	
   7.3000000e+00	   4.8241183e+01	   1.8097568e+01	   1.3508789e+02	   1.4860447e+01	
   7.3100000e+00	   4.8681059e+01	   1.8287751e+01	   1.3763672e+02	   1.5621478e+01	
   7.3200000e+00	   4.7058407e+01	   1.8473039e+01	   1.4165771e+02	   1.6398316e+01	
   7.3300000e+00	   4.8260733e+01	   1.8655850e+01	   1.4394287e+02	   1.7190039e+01	
   7.3400000e+00	   4.8964534e+01	   1.8843485e+01	   1.4789795e+02	   1.7996345e+01	
   7.3500000e+00	   4.7293008e+01	   1.9026914e+01	   1.5154541e+02	   1.8821410e+01	
   7.3600000e+00	   4.7801308e+01	   1.9205551e+01	   1.5714844e+02	   1.9670278e+01	
   7.3700000e+00	   4.9355534e+01	   1.9389529e+01	   1.6055420e+02	   2.0542043e+01	
   7.3800000e+00	   5.0665386e+01	   1.9581324e+01	   1.6367432e+02	   2.1428784e+01	
   7.3900000e+00	   4.7723108e+01	   1.9766806e+01	   1.6846436e+02	   2.2334745e+01	
   7.4000000e+00	   4.9844285e+01	   1.9948554e+01	   1.6536621e+02	   2.3240329e+01	
   7.4100000e+00	   4.8817909e+01	   2.0132592e+01	   1.7129883e+02	   2.4149118e+01	
   7.4200000e+00	   4.9257784e+01	   2.0313641e+01	   1.7547363e+02	   2.5083869e+01	
   7.4300000e+00	   4.8417134e+01	   2.0492301e+01	   1.7780273e+02	   2.6033134e+01	
   7.4400000e+00	   4.8583309e+01	   2.0667729e+01	   1.7841797e+02	   2.6985674e+01	
   7.4500000e+00	   4.8622409e+01	   2.0842702e+01	   1.7633057e+02	   2.7927637e+01	
   7.4600000e+00	   4.9081834e+01	   2.1018139e+01	  -1.1755371e+01	   2.8268122e+01	
   7.4700000e+00	   5.1124811e+01	   2.1200315e+01	  -1.8000000e+02	   2.7490531e+01	
   7.4800000e+00	   5.0030010e+01	   2.1384320e+01	  -1.8000000e+02	   2.6190908e+01	
   7.4900000e+00	   4.9160034e+01	   2.1561018e+01	  -1.7984619e+02	   2.4899907e+01	
   7.5000000e+00	   4.7498283e+01	   2.1728681e+01	  -1.8000000e+02	   2.3616993e+01	
   7.5100000e+00	   4.8338934e+01	   2.1892722e+01	  -1.7828613e+02	   2.2346999e+01	
   7.5200000e+00	   4.8563759e+01	   2.2059073e+01	  -1.7316650e+02	   2.1106361e+01	
   7.5300000e+00	   5.0792461e+01	   2.2232066e+01	  -1.7110107e+02	   1.9895996e+01	
   7.5400000e+00	   5.0000685e+01	   2.2408475e+01	  -1.6910156e+02	   1.8705943e+01	
   7.5500000e+00	   4.9316434e+01	   2.2579157e+01	  -1.6514648e+02	   1.7541991e+01	
   7.5600000e+00	   4.9023184e+01	   2.2745708e+01	  -1.6189453e+02	   1.6407901e+01	
   7.5700000e+00	   4.9042734e+01	   2.2910359e+01	  -1.5908203e+02	   1.5299907e+01	
   7.5800000e+00	   4.8192308e+01	   2.3071376e+01	  -1.5717041e+02	   1.4213648e+01	
   7.5900000e+00	   4.8866784e+01	   2.3230834e+01	  -1.5194092e+02	   1.3156556e+01	
   7.6000000e+00	   5.0812011e+01	   2.3397498e+01	  -1.4890869e+02	   1.2131960e+01	
   7.6100000e+00	   4.9140484e+01	   2.3563975e+01	  -1.4778809e+02	   1.1126786e+01	
   7.6200000e+00	   5.0284160e+01	   2.3727756e+01	  -1.4152588e+02	   1.0151030e+01	
   7.6300000e+00	   4.8749484e+01	   2.3889286e+01	  -1.4027344e+02	   9.2049201e+00	
   7.6400000e+00	   4.9062284e+01	   2.4045978e+01	  -1.3581299e+02	   8.2826272e+00	
   7.6500000e+00	   4.8651734e+01	   2.4201383e+01	  -1.3341797e+02	   7.3875809e+00	
   7.6600000e+00	   4.8436684e+01	   2.4353855e+01	  -1.3273682e+02	   6.5077745e+00	
   7.6700000e+00	   4.8857009e+01	   2.4506015e+01	  -1.2726563e+02	   5.6527465e+00	
   7.6800000e+00	   4.8524659e+01	   2.4657497e+01	  -1.2335449e+02	   4.8324573e+00	
   7.6900000e+00	   4.9639010e+01	   2.4810480e+01	  -1.2177246e+02	   4.0345092e+00	
   7.7000000e+00	   4.9179584e+01	   2.4964555e+01	  -1.1876221e+02	   3.2559411e+00	
   7.7100000e+00	   4.7742658e+01	   2.5111726e+01	  -1.1608154e+02	   2.5000721e+00	
   7.7200000e+00	   4.9208909e+01	   2.5258068e+01	  -1.1274170e+02	   1.7677924e+00	
   7.7300000e+00	   4.8026133e+01	   2.5404380e+01	  -1.1001709e+02	   1.0590918e+00	
   7.7400000e+00	   4.9238234e+01	   2.5549868e+01	  -1.0555664e+02	   3.7733205e-01	
   7.7500000e+00	   5.0117985e+01	   2.5700996e+01	  -1.0340332e+02	  -2.7944471e-01	
   7.7600000e+00	   4.7850183e+01	   2.5846831e+01	  -1.0063477e+02	  -9.1669358e-01	
   7.7700000e+00	   4.8133658e+01	   2.5985537e+01	  -9.7404785e+01	  -1.5311650e+00	
   7.7800000e+00	   4.8993859e+01	   2.6126956e+01	  -9.4877930e+01	  -2.1237587e+00	
   7.7900000e+00	   4.8456234e+01	   2.6268500e+01	  -9.2021484e+01	  -2.6957813e+00	
   7.8000000e+00	   4.8358484e+01	   2.6407167e+01	  -8.9340820e+01	  -3.2468802e+00	
   7.8100000e+00	   4.8495334e+01	   2.6545089e+01	  -8.7517090e+01	  -3.7804206e+00	
   7.8200000e+00	   4.8055458e+01	   2.6681197e+01	  -8.3957520e+01	  -4.2937598e+00	
   7.8300000e+00	   4.7899058e+01	   2.6814586e+01	  -8.0573730e+01	  -4.7821388e+00	
   7.8400000e+00	   4.8202083e+01	   2.6947598e+01	  -7.7365723e+01	  -5.2468149e+00	
   7.8500000e+00	   4.8690834e+01	   2.7082257e+01	  -7.4948730e+01	  -5.6909643e+00	
   7.8600000e+00	   4.8690834e+01	   2.7217602e+01	  -7.2487793e+01	  -6.1170552e+00	
   7.8700000e+00	   4.8065233e+01	   2.7350141e+01	  -6.9916992e+01	  -6.5247191e+00	
   7.8800000e+00	   4.8055458e+01	   2.7479860e+01	  -6.6752930e+01	  -6.9118693e+00	
   7.8900000e+00	   4.8935209e+01	   2.7611491e+01	  -6.4467773e+01	  -7.2795289e+00	
   7.9000000e+00	   4.7332108e+01	   2.7740033e+01	  -6.1215820e+01	  -7.6275447e+00	
   7.9100000e+00	   4.8153208e+01	   2.7865320e+01	  -5.7722168e+01	  -7.9522551e+00	
   7.9200000e+00	   4.7146382e+01	   2.7989240e+01	  -5.4865723e+01	  -8.2550447e+00	
   7.9300000e+00	   4.9521710e+01	   2.8116671e+01	  -4.9570313e+01	  -8.5304080e+00	
   7.9400000e+00	   4.8133658e+01	   2.8246395e+01	  -4.9152832e+01	  -8.7861552e+00	
   7.9500000e+00	   4.8857009e+01	   2.8373224e+01	  -4.5659180e+01	  -9.0280517e+00	
   7.9600000e+00	   4.9805185e+01	   2.8504495e+01	  -4.3417969e+01	  -9.2504729e+00	
   7.9700000e+00	   4.8622409e+01	   2.8634208e+01	  -3.6166992e+01	  -9.4417736e+00	
   7.9800000e+00	   4.7977258e+01	   2.8757384e+01	  -3.7573242e+01	  -9.6135718e+00	
   7.9900000e+00	   4.8172758e+01	   2.8878381e+01	  -3.4167480e+01	  -9.7780320e+00	
   8.0000000e+00	   4.9824735e+01	   2.9004405e+01	  -3.2124023e+01	  -9.9243963e+00	
   8.0100000e+00	   4.8358484e+01	   2.9130222e+01	  -2.7026367e+01	  -1.0047480e+01	
   8.0200000e+00	   4.7459183e+01	   2.9247842e+01	  -2.4521484e+01	  -1.0145983e+01	
   8.0300000e+00	   4.9873610e+01	   2.9369471e+01	  -2.2587891e+01	  -1.0229969e+01	
   8.0400000e+00	   4.8651734e+01	   2.9494072e+01	  -2.0104980e+01	  -1.0299597e+01	
   8.0500000e+00	   4.8202083e+01	   2.9612659e+01	  -1.6435547e+01	  -1.0349521e+01	
   8.0600000e+00	   4.9482610e+01	   2.9733105e+01	  -1.4545898e+01	  -1.0381723e+01	
   8.0700000e+00	   4.9463060e+01	   2.9856745e+01	  -9.9536133e+00	  -1.0393424e+01	
   8.0800000e+00	   4.7996808e+01	   2.9974958e+01	  -9.2724609e+00	  -1.0388536e+01	
   8.0900000e+00	   4.8475784e+01	   3.0089338e+01	  -3.9770508e+00	  -1.0364961e+01	
   8.1000000e+00	   4.8280283e+01	   3.0203890e+01	   2.0434570e+00	  -1.0306096e+01	
   8.1100000e+00	   4.9502160e+01	   3.0320938e+01	   2.1533203e+00	  -1.0228400e+01	
   8.1200000e+00	   4.6706507e+01	   3.0432325e+01	   2.6806641e+00	  -1.0149195e+01	
   8.1300000e+00	   4.8524659e+01	   3.0539953e+01	   6.9213867e+00	  -1.0055554e+01	
   8.1400000e+00	   4.9404409e+01	   3.0655356e+01	   1.1008301e+01	  -9.9364191e+00	
   8.1500000e+00	   4.8573534e+01	   3.0770189e+01	   1.2304688e+01	  -9.8011713e+00	
   8.1600000e+00	   4.8211858e+01	   3.0880568e+01	   1.3776855e+01	  -9.6581001e+00	
   8.1700000e+00	   4.7380983e+01	   3.0986521e+01	   2.0017090e+01	  -9.4917717e+00	
   8.1800000e+00	   4.7654683e+01	   3.1090065e+01	   2.2543945e+01	  -9.2990286e+00	
   8.1900000e+00	   4.7840408e+01	   3.1194400e+01	   2.5246582e+01	  -9.0911152e+00	
   8.2000000e+00	   4.7879508e+01	   3.1298785e+01	   2.5839844e+01	  -8.8741821e+00	
   8.2100000e+00	   4.8690834e+01	   3.1405180e+01	   3.1530762e+01	  -8.6389272e+00	
   8.2200000e+00	   4.7126832e+01	   3.1508551e+01	   3.3618164e+01	  -8.3807859e+00	
   8.2300000e+00	   4.9111159e+01	   3.1612591e+01	   3.8979492e+01	  -8.1009339e+00	
   8.2400000e+00	   4.8338934e+01	   3.1719775e+01	   4.2648926e+01	  -7.7945525e+00	
   8.2500000e+00	   4.7058407e+01	   3.1819860e+01	   4.5373535e+01	  -7.4700655e+00	
   8.2600000e+00	   4.7674233e+01	   3.1917235e+01	   4.6296387e+01	  -7.1361880e+00	
   8.2700000e+00	   4.8612634e+01	   3.2018869e+01	   5.3503418e+01	  -6.7789408e+00	
   8.2800000e+00	   4.9355534e+01	   3.2125131e+01	   5.3964844e+01	  -6.3999155e+00	
   8.2900000e+00	   4.6657632e+01	   3.2224605e+01	   5.7458496e+01	  -6.0108778e+00	
   8.3000000e+00	   4.8641959e+01	   3.2321221e+01	   6.2885742e+01	  -5.5963387e+00	
   8.3100000e+00	   4.8622409e+01	   3.2423385e+01	   6.3544922e+01	  -5.1653348e+00	
   8.3200000e+00	   4.8651734e+01	   3.2524940e+01	   6.9060059e+01	  -4.7176941e+00	
   8.3300000e+00	   4.6784707e+01	   3.2620103e+01	   6.8708496e+01	  -4.2566860e+00	
   8.3400000e+00	   4.9726985e+01	   3.2718038e+01	   7.1059570e+01	  -3.7923035e+00	
   8.3500000e+00	   4.8622409e+01	   3.2821115e+01	   7.1279297e+01	  -3.3227785e+00	
   8.3600000e+00	   4.8671284e+01	   3.2920240e+01	   7.8398438e+01	  -2.8332109e+00	
   8.3700000e+00	   4.8446459e+01	   3.3018193e+01	   7.9936523e+01	  -2.3195972e+00	
   8.3800000e+00	   4.8876559e+01	   3.3116175e+01	   8.3298340e+01	  -1.7938552e+00	
   8.3900000e+00	   4.7508058e+01	   3.3210605e+01	   8.7868652e+01	  -1.2465647e+00	
   8.4000000e+00	   4.8690834e+01	   3.3303862e+01	   9.4943848e+01	  -6.6623116e-01	
   8.4100000e+00	   4.8407359e+01	   3.3399351e+01	   9.0791016e+01	  -8.0380398e-02	
   8.4200000e+00	   4.8925434e+01	   3.3494976e+01	   1.0006348e+02	   5.1783434e-01	
   8.4300000e+00	   4.9111159e+01	   3.3592207e+01	   1.0116211e+02	   1.1447820e+00	
   8.4400000e+00	   5.0293935e+01	   3.3693115e+01	   1.0228271e+02	   1.7747528e+00	
   8.4500000e+00	   4.8622409e+01	   3.3791860e+01	   1.0564453e+02	   2.4148157e+00	
   8.4600000e+00	   4.9805185e+01	   3.3888455e+01	   1.0997314e+02	   3.0749542e+00	
   8.4700000e+00	   4.9971360e+01	   3.3988671e+01	   1.1089600e+02	   3.7474042e+00	
   8.4800000e+00	   4.7449408e+01	   3.4080880e+01	   1.1777344e+02	   4.4400710e+00	
   8.4900000e+00	   4.8387809e+01	   3.4167553e+01	   1.1893799e+02	   5.1535848e+00	
   8.5000000e+00	   4.7175707e+01	   3.4252826e+01	   1.2019043e+02	   5.8701990e+00	
   8.5100000e+00	   4.7693783e+01	   3.4335392e+01	   1.2689209e+02	   6.6072351e+00	
   8.5200000e+00	   4.9521710e+01	   3.4424787e+01	   1.2823242e+02	   7.3648403e+00	
   8.5300000e+00	   4.8299833e+01	   3.4515520e+01	   1.3170410e+02	   8.1327703e+00	
   8.5400000e+00	   4.7068182e+01	   3.4598002e+01	   1.3311035e+02	   8.9111669e+00	
   8.5500000e+00	   4.7889283e+01	   3.4678680e+01	   1.3917480e+02	   9.7080845e+00	
   8.5600000e+00	   4.7429858e+01	   3.4759987e+01	   1.4005371e+02	   1.0521755e+01	
   8.5700000e+00	   4.7107282e+01	   3.4838334e+01	   1.4277832e+02	   1.1341615e+01	
   8.5800000e+00	   4.9296884e+01	   3.4922039e+01	   1.4754639e+02	   1.2179805e+01	
   8.5900000e+00	   4.7664458e+01	   3.5006964e+01	   1.5323730e+02	   1.3045500e+01	
   8.6000000e+00	   4.8993859e+01	   3.5090408e+01	   1.5279785e+02	   1.3922220e+01	
   8.6100000e+00	   4.8035908e+01	   3.5174492e+01	   1.5473145e+02	   1.4798127e+01	
   8.6200000e+00	   4.8749484e+01	   3.5257285e+01	   1.5813721e+02	   1.5685269e+01	
   8.6300000e+00	   4.8162983e+01	   3.5339957e+01	   1.6294922e+02	   1.6592591e+01	
   8.6400000e+00	   4.9443510e+01	   3.5424284e+01	   1.6857422e+02	   1.7526916e+01	
   8.6500000e+00	   4.8700609e+01	   3.5509768e+01	   1.7061768e+02	   1.8479405e+01	
   8.6600000e+00	   4.8290058e+01	   3.5591103e+01	   1.7483643e+02	   1.9445539e+01	
   8.6700000e+00	   4.8378034e+01	   3.5670919e+01	   1.7848389e+02	   2.0430257e+01	
   8.6800000e+00	   4.9013409e+01	   3.5752500e+01	   1.7595703e+02	   2.1412317e+01	
   8.6900000e+00	   4.9482610e+01	   3.5837030e+01	   1.7479248e+02	   2.2376665e+01	
   8.7000000e+00	   4.9208909e+01	   3.5921642e+01	  -1.2414551e+01	   2.2745038e+01	
   8.7100000e+00	   4.6892232e+01	   3.5997612e+01	  -1.8000000e+02	   2.1999977e+01	
   8.7200000e+00	   4.8817909e+01	   3.6071881e+01	  -1.8000000e+02	   2.0734744e+01	
   8.7300000e+00	   4.8280283e+01	   3.6150033e+01	  -1.8000000e+02	   1.9477436e+01	
   8.7400000e+00	   5.0362360e+01	   3.6232531e+01	  -1.8000000e+02	   1.8228004e+01	
   8.7500000e+00	   4.8749484e+01	   3.6315983e+01	  -1.7806641e+02	   1.6992452e+01	
   8.7600000e+00	   4.8104333e+01	   3.6391840e+01	  -1.7734131e+02	   1.5772967e+01	
   8.7700000e+00	   4.9160034e+01	   3.6468508e+01	  -1.7048584e+02	   1.4584860e+01	
   8.7800000e+00	   4.7400533e+01	   3.6542491e+01	  -1.6738770e+02	   1.3435367e+01	
   8.7900000e+00	   4.8681059e+01	   3.6614511e+01	  -1.6330078e+02	   1.2315575e+01	
   8.8000000e+00	   4.8319383e+01	   3.6688958e+01	  -1.6215820e+02	   1.1219176e+01	
   8.8100000e+00	   4.8241183e+01	   3.6761560e+01	  -1.5936768e+02	   1.0141961e+01	
   8.8200000e+00	   4.7723108e+01	   3.6831841e+01	  -1.5659912e+02	   9.0889029e+00	
   8.8300000e+00	   4.9717210e+01	   3.6906303e+01	  -1.5405029e+02	   8.0590935e+00	
   8.8400000e+00	   4.7361433e+01	   3.6979167e+01	  -1.5024902e+02	   7.0556215e+00	
   8.8500000e+00	   5.0196185e+01	   3.7053075e+01	  -1.4842529e+02	   6.0760508e+00	
   8.8600000e+00	   4.7136607e+01	   3.7125815e+01	  -1.4308594e+02	   5.1250489e+00	
   8.8700000e+00	   5.0743586e+01	   3.7199814e+01	  -1.3924072e+02	   4.2087674e+00	
   8.8800000e+00	   4.9658560e+01	   3.7281248e+01	  -1.3822998e+02	   3.3134329e+00	
   8.8900000e+00	   4.8632184e+01	   3.7355559e+01	  -1.3519775e+02	   2.4363679e+00	
   8.9000000e+00	   4.8387809e+01	   3.7425425e+01	  -1.3192383e+02	   1.5845458e+00	
   8.9100000e+00	   5.0166860e+01	   3.7499660e+01	  -1.2812256e+02	   7.6021702e-01	
   8.9200000e+00	   4.9609685e+01	   3.7577256e+01	  -1.2484863e+02	  -3.6790751e-02	
   8.9300000e+00	   4.8456234e+01	   3.7649010e+01	  -1.2383789e+02	  -8.1538787e-01	
   8.9400000e+00	   4.8123883e+01	   3.7715660e+01	  -1.1953125e+02	  -1.5724554e+00	
   8.9500000e+00	   4.9912710e+01	   3.7786454e+01	  -1.1542236e+02	  -2.2984256e+00	
   8.9600000e+00	   4.8612634e+01	   3.7858336e+01	  -1.1201660e+02	  -2.9963146e+00	
   8.9700000e+00	   4.8749484e+01	   3.7926125e+01	  -1.1109375e+02	  -3.6762761e+00	
   8.9800000e+00	   4.9560810e+01	   3.7996458e+01	  -1.0652344e+02	  -4.3347754e+00	
   8.9900000e+00	   4.9062284e+01	   3.8067330e+01	  -1.0533691e+02	  -4.9711211e+00	
   9.0000000e+00	   4.9023184e+01	   3.8136075e+01	  -1.0087646e+02	  -5.5857960e+00	
   9.0100000e+00	   4.8143433e+01	   3.8201511e+01	  -9.7382813e+01	  -6.1717105e+00	
   9.0200000e+00	   4.7654683e+01	   3.8262252e+01	  -9.5449219e+01	  -6.7369583e+00	
   9.0300000e+00	   4.8104333e+01	   3.8322490e+01	  -9.1955566e+01	  -7.2816687e+00	
   9.0400000e+00	   4.7038857e+01	   3.8380422e+01	  -8.8593750e+01	  -7.8014977e+00	
   9.0500000e+00	   4.7361433e+01	   3.8435665e+01	  -8.6835938e+01	  -8.3020372e+00	
   9.0600000e+00	   4.9951810e+01	   3.8499684e+01	  -8.3408203e+01	  -8.7832017e+00	
   9.0700000e+00	   4.9345759e+01	   3.8569517e+01	  -8.0705566e+01	  -9.2421535e+00	
   9.0800000e+00	   4.8553984e+01	   3.8634535e+01	  -7.8530273e+01	  -9.6829541e+00	
   9.0900000e+00	   4.7977258e+01	   3.8694859e+01	  -7.5498047e+01	  -1.0104685e+01	
   9.1000000e+00	   4.8593084e+01	   3.8754928e+01	  -7.2465820e+01	  -1.0504782e+01	
   9.1100000e+00	   4.9120934e+01	   3.8818203e+01	  -6.9389648e+01	  -1.0883243e+01	
   9.1200000e+00	   4.9287109e+01	   3.8883255e+01	  -6.6137695e+01	  -1.1239515e+01	
   9.1300000e+00	   4.9199134e+01	   3.8948144e+01	  -6.3171387e+01	  -1.1574082e+01	
   9.1400000e+00	   4.8211858e+01	   3.9009260e+01	  -6.0974121e+01	  -1.1890381e+01	
   9.1500000e+00	   4.7312558e+01	   3.9064084e+01	  -5.7656250e+01	  -1.2187428e+01	
   9.1600000e+00	   4.9062284e+01	   3.9121228e+01	  -5.4887695e+01	  -1.2463553e+01	
   9.1700000e+00	   4.7820858e+01	   3.9179606e+01	  -5.2316895e+01	  -1.2721227e+01	
   9.1800000e+00	   4.8681059e+01	   3.9236425e+01	  -4.8493652e+01	  -1.2957262e+01	
   9.1900000e+00	   4.8798359e+01	   3.9295949e+01	  -4.5988770e+01	  -1.3172000e+01	
   9.2000000e+00	   4.7801308e+01	   3.9352345e+01	  -4.3000488e+01	  -1.3368190e+01	
   9.2100000e+00	   4.8319383e+01	   3.9406888e+01	  -4.0561523e+01	  -1.3546155e+01	
   9.2200000e+00	   4.9981135e+01	   3.9467916e+01	  -3.8188477e+01	  -1.3707935e+01	
   9.2300000e+00	   4.8299833e+01	   3.9528500e+01	  -3.4475098e+01	  -1.3849640e+01	
   9.2400000e+00	   4.7752433e+01	   3.9581726e+01	  -3.2673340e+01	  -1.3973185e+01	
   9.2500000e+00	   4.9257784e+01	   3.9637617e+01	  -2.9223633e+01	  -1.4079510e+01	
   9.2600000e+00	   4.8993859e+01	   3.9697047e+01	  -2.3708496e+01	  -1.4157094e+01	
   9.2700000e+00	   4.8329158e+01	   3.9753196e+01	  -2.1225586e+01	  -1.4209144e+01	
   9.2800000e+00	   4.8143433e+01	   3.9806330e+01	  -1.9072266e+01	  -1.4246348e+01	
   9.2900000e+00	   5.0548086e+01	   3.9866081e+01	  -1.6611328e+01	  -1.4268868e+01	
   9.3000000e+00	   4.8162983e+01	   3.9925518e+01	  -1.3161621e+01	  -1.4272736e+01	
   9.3100000e+00	   4.9423960e+01	   3.9981063e+01	  -9.5581055e+00	  -1.4254491e+01	
   9.3200000e+00	   4.8984084e+01	   4.0038831e+01	  -4.7680664e+00	  -1.4210074e+01	
   9.3300000e+00	   4.8954759e+01	   4.0094768e+01	  -1.1425781e+00	  -1.4139580e+01	
   9.3400000e+00	   4.7048632e+01	   4.0144294e+01	   9.4482422e-01	  -1.4051635e+01	
   9.3500000e+00	   4.9130709e+01	   4.0194060e+01	  -4.3945313e-02	  -1.3960801e+01	
   9.3600000e+00	   4.8993859e+01	   4.0249606e+01	   3.4277344e+00	  -1.3862760e+01	
   9.3700000e+00	   4.9003634e+01	   4.0304407e+01	   8.9428711e+00	  -1.3737188e+01	
   9.3800000e+00	   4.8143433e+01	   4.0356200e+01	   7.3608398e+00	  -1.3600086e+01	
   9.3900000e+00	   4.8035908e+01	   4.0404639e+01	   1.1403809e+01	  -1.3456135e+01	
   9.4000000e+00	   4.9140484e+01	   4.0455897e+01	   1.6523438e+01	  -1.3284390e+01	
   9.4100000e+00	   4.8270508e+01	   4.0507569e+01	   1.6215820e+01	  -1.3098652e+01	
   9.4200000e+00	   4.7752433e+01	   4.0554570e+01	   2.0566406e+01	  -1.2901414e+01	
   9.4300000e+00	   4.8162983e+01	   4.0600939e+01	   2.6059570e+01	  -1.2674585e+01	
   9.4400000e+00	   4.9111159e+01	   4.0651274e+01	   2.8454590e+01	  -1.2424471e+01	
   9.4500000e+00	   4.8436684e+01	   4.0702150e+01	   3.1245117e+01	  -1.2159685e+01	
   9.4600000e+00	   4.9120934e+01	   4.0752739e+01	   3.1948242e+01	  -1.1885616e+01	
   9.4700000e+00	   4.7644908e+01	   4.0800531e+01	   3.8188477e+01	  -1.1591518e+01	
   9.4800000e+00	   4.8495334e+01	   4.0846064e+01	   4.2297363e+01	  -1.1266852e+01	
   9.4900000e+00	   4.7351658e+01	   4.0890394e+01	   4.2055664e+01	  -1.0932108e+01	
   9.5000000e+00	   4.7547158e+01	   4.0931476e+01	   4.6669922e+01	  -1.0585766e+01	
   9.5100000e+00	   4.7693783e+01	   4.0973373e+01	   5.0119629e+01	  -1.0216340e+01	
   9.5200000e+00	   4.9072059e+01	   4.1019783e+01	   5.3393555e+01	  -9.8281709e+00	
   9.5300000e+00	   4.7136607e+01	   4.1064157e+01	   5.5107422e+01	  -9.4268124e+00	
   9.5400000e+00	   4.8583309e+01	   4.1106723e+01	   5.6887207e+01	  -9.0170266e+00	
   9.5500000e+00	   4.6706507e+01	   4.1147675e+01	   6.1347656e+01	  -8.5902644e+00	
   9.5600000e+00	   4.8329158e+01	   4.1187575e+01	   6.5083008e+01	  -8.1405080e+00	
   9.5700000e+00	   4.7869733e+01	   4.1230867e+01	   6.5017090e+01	  -7.6820769e+00	
   9.5800000e+00	   4.8681059e+01	   4.1274991e+01	   7.1147461e+01	  -7.2075247e+00	
   9.5900000e+00	   4.8915659e+01	   4.1322114e+01	   7.6838379e+01	  -6.6989234e+00	
   9.6000000e+00	   5.0020235e+01	   4.1373135e+01	   7.9035645e+01	  -6.1688039e+00	
   9.6100000e+00	   4.9072059e+01	   4.1424327e+01	   8.0661621e+01	  -5.6300312e+00	
   9.6200000e+00	   4.9472835e+01	   4.1473484e+01	   8.7363281e+01	  -5.0685529e+00	
   9.6300000e+00	   4.9580360e+01	   4.1523925e+01	   8.5473633e+01	  -4.4955215e+00	
   9.6400000e+00	   4.8827684e+01	   4.1572030e+01	   9.5954590e+01	  -3.8991732e+00	
   9.6500000e+00	   4.7537383e+01	   4.1613435e+01	   9.3999023e+01	  -3.2798607e+00	
   9.6600000e+00	   5.0088660e+01	   4.1658529e+01	   9.8635254e+01	  -2.6560321e+00	
   9.6700000e+00	   4.8641959e+01	   4.1706801e+01	   9.7514648e+01	  -2.0251007e+00	
   9.6800000e+00	   4.8368259e+01	   4.1749383e+01	   1.0716064e+02	  -1.3714216e+00	
   9.6900000e+00	   4.8221633e+01	   4.1790381e+01	   1.0489746e+02	  -6.9871572e-01	
   9.7000000e+00	   4.9052509e+01	   4.1833265e+01	   1.0568848e+02	  -3.4833783e-02	
   9.7100000e+00	   4.9277334e+01	   4.1879187e+01	   1.1252197e+02	   6.4876808e-01	
   9.7200000e+00	   4.8250958e+01	   4.1922311e+01	   1.1537842e+02	   1.3584348e+00	
   9.7300000e+00	   4.8280283e+01	   4.1962043e+01	   1.1467529e+02	   2.0704002e+00	
   9.7400000e+00	   4.8075008e+01	   4.2000975e+01	   1.2003662e+02	   2.7924945e+00	
   9.7500000e+00	   4.7058407e+01	   4.2035836e+01	   1.2328857e+02	   3.5370408e+00	
   9.7600000e+00	   4.7781758e+01	   4.2069560e+01	   1.2781494e+02	   4.3012835e+00	
   9.7700000e+00	   4.8944984e+01	   4.2108982e+01	   1.2891357e+02	   5.0783554e+00	
   9.7800000e+00	   4.9023184e+01	   4.2152044e+01	   1.3506592e+02	   5.8732685e+00	
   9.7900000e+00	   4.9130709e+01	   4.2195418e+01	   1.4383301e+02	   6.7099268e+00	
   9.8000000e+00	   4.8925434e+01	   4.2238215e+01	   1.4293213e+02	   7.5659798e+00	
   9.8100000e+00	   5.0039785e+01	   4.2283590e+01	   1.4611816e+02	   8.4238275e+00	
   9.8200000e+00	   4.9365309e+01	   4.2330059e+01	   1.4585449e+02	   9.2854541e+00	
   9.8300000e+00	   4.9707435e+01	   4.2375196e+01	   1.5336914e+02	   1.0164392e+01	
   9.8400000e+00	   5.0333035e+01	   4.2423081e+01	   1.5273193e+02	   1.1059364e+01	
   9.8500000e+00	   4.7684008e+01	   4.2464329e+01	   1.5963135e+02	   1.1968341e+01	
   9.8600000e+00	   4.6833582e+01	   4.2494359e+01	   1.6218018e+02	   1.2901215e+01	
   9.8700000e+00	   4.8114108e+01	   4.2525548e+01	   1.6661865e+02	   1.3850128e+01	
   9.8800000e+00	   4.8104333e+01	   4.2560522e+01	   1.6905762e+02	   1.4814637e+01	
   9.8900000e+00	   4.8045683e+01	   4.2595062e+01	   1.6716797e+02	   1.5774824e+01	
   9.9000000e+00	   5.0000685e+01	   4.2635325e+01	   1.7312256e+02	   1.6741728e+01	
   9.9100000e+00	   4.7742658e+01	   4.2674386e+01	   1.7534180e+02	   1.7728173e+01	
   9.9200000e+00	   4.8729934e+01	   4.2709224e+01	   1.7518799e+02	   1.8714909e+01	
   9.9300000e+00	   5.0176635e+01	   4.2751465e+01	   1.7290283e+02	   1.9687826e+01	
   9.9400000e+00	   4.7283233e+01	   4.2788911e+01	  -1.1997070e+01	   2.0068430e+01	
   9.9500000e+00	   4.8055458e+01	   4.2819480e+01	  -1.8000000e+02	   1.9341441e+01	
   9.9600000e+00	   4.9580360e+01	   4.2857052e+01	  -1.8000000e+02	   1.8092860e+01	
   9.9700000e+00	   4.9032959e+01	   4.2897449e+01	  -1.8000000e+02	   1.6852100e+01	
   9.9800000e+00	   4.8094558e+01	   4.2932940e+01	  -1.8000000e+02	   1.5619111e+01	
   9.9900000e+00	   4.8133658e+01	   4.2965392e+01	  -1.8000000e+02	   1.4393845e+01	
   1.0000000e+01	   4.8299833e+01	   4.2998284e+01	  -1.7685791e+02	   1.3186094e+01	
