   0.0000000e+00	  -5.0000000e+01	   1.0206299e+02	  -1.5206299e+01	  -6.5341165e-01	  -6.5341165e-01	  -1.9137984e-01	  -1.4552887e+00	
   5.0000000e-01	  -5.0000000e+01	   8.2858887e+01	  -1.3285889e+01	  -1.0281796e+01	  -1.0281796e+01	  -3.3942279e+00	  -3.0040931e-01	
   1.0000000e+00	  -5.0000000e+01	   5.7744141e+01	  -1.0774414e+01	  -8.1019685e+00	  -8.1019685e+00	  -8.5544923e+00	  -2.6724455e-01	
   1.5000000e+00	  -5.0000000e+01	   3.9748535e+01	  -8.9748535e+00	  -4.2408400e+00	  -4.2408400e+00	  -8.4172473e+00	  -4.7340136e-01	
   2.0000000e+00	  -5.0000000e+01	   2.1577148e+01	  -7.1577148e+00	  -6.0589916e+00	  -6.0589916e+00	  -5.1641569e+00	  -1.0987232e-01	
   2.5000000e+00	  -5.0000000e+01	   8.1518555e+00	  -5.8151855e+00	  -2.7843636e+00	  -2.7843636e+00	  -4.1627383e+00	  -3.0308219e-01	
   3.0000000e+00	  -5.0000000e+01	  -1.3183594e-01	  -4.9868164e+00	  -2.8527887e+00	  -2.8527887e+00	  -3.3552132e+00	  -2.1340277e-01	
   3.5000000e+00	  -5.0000000e+01	  -1.0854492e+01	  -3.9145508e+00	  -1.8459627e+00	  -1.8459627e+00	  -2.3131031e+00	  -2.0685880e-01	
   4.0000000e+00	  -5.0000000e+01	  -2.0698242e+01	  -2.9301758e+00	  -2.4715633e+00	  -2.4715633e+00	  -2.0651430e+00	  -4.5861246e-02	
   4.5000000e+00	  -5.0000000e+01	  -2.6740723e+01	  -2.3259277e+00	  -1.9828129e+00	  -1.9828129e+00	  -2.1723649e+00	  -3.4311486e-02	
   5.0000000e+00	   5.0000000e+01	  -2.7751465e+01	   7.7751465e+00	  -4.3836145e-01	  -4.3836145e-01	  -1.6594796e+00	   8.2135079e-01	
   5.5000000e+00	   5.0000000e+01	  -1.7028809e+01	   6.7028809e+00	   4.8792434e+00	   4.8792434e+00	   9.6427758e-01	   1.8236374e-01	
   6.0000000e+00	   5.0000000e+01	  -2.6367188e+00	   5.2636719e+00	   3.6671423e+00	   3.6671423e+00	   4.0886044e+00	   1.5965295e-01	
   6.5000000e+00	   5.0000000e+01	   1.6479492e+00	   4.8352051e+00	   9.5946484e-01	   9.5946484e-01	   3.6928364e+00	   3.8757402e-01	
   7.0000000e+00	   5.0000000e+01	   1.2985840e+01	   3.7014160e+00	   3.4325421e+00	   3.4325421e+00	   1.9399973e+00	   2.6887390e-02	
   7.5000000e+00	   5.0000000e+01	   2.1643066e+01	   2.8356934e+00	   5.1958943e-01	   5.1958943e-01	   1.8103510e+00	   2.3161039e-01	
   8.0000000e+00	   5.0000000e+01	   2.2675781e+01	   2.7324219e+00	   9.8878986e-01	   9.8878986e-01	   1.2664957e+00	   1.7436320e-01	
   8.5000000e+00	   5.0000000e+01	   2.9970703e+01	   2.0029297e+00	   2.2595410e+00	   2.2595410e+00	   1.0826010e+00	  -2.5661135e-02	
   9.0000000e+00	   5.0000000e+01	   3.1486816e+01	   1.8513184e+00	   1.1451900e+00	   1.1451900e+00	   1.7313404e+00	   7.0612835e-02	
   9.5000000e+00	   5.0000000e+01	   3.4123535e+01	   1.5876465e+00	   9.9264043e-02	   9.9264043e-02	   1.1759698e+00	   1.4883824e-01	
   1.0000000e+01	   5.0000000e+01	   3.2541504e+01	   1.7458496e+00	   1.2624901e+00	   1.2624901e+00	   4.6628966e-01	   4.8335949e-02	
