   0.0000000e+00	  -5.0000000e+01	   1.7444092e+02	   2.3851086e+01	  -1.0000000e+01	  -2.2444092e+01	  -2.2444092e+01	   0.0000000e+00	  -0.0000000e+00	
   5.0000000e-01	  -5.0000000e+01	   5.5634766e+01	   4.8786786e+01	  -1.0000000e+01	  -1.0563477e+01	  -1.0563477e+01	   0.0000000e+00	  -0.0000000e+00	
   1.0000000e+00	  -5.0000000e+01	  -1.7400146e+02	   1.9261546e+01	   1.0000000e+01	   1.2400146e+01	   1.2400146e+01	   0.0000000e+00	   0.0000000e+00	
   1.5000000e+00	  -5.0000000e+01	   1.6486084e+02	   1.2744546e+01	  -1.0000000e+01	  -2.1486084e+01	  -2.1486084e+01	   0.0000000e+00	  -0.0000000e+00	
   2.0000000e+00	  -5.0000000e+01	   1.2544189e+02	   4.8952181e+01	  -1.0000000e+01	  -1.7544189e+01	  -1.7544189e+01	   0.0000000e+00	  -0.0000000e+00	
   2.5000000e+00	  -5.0000000e+01	  -8.3957520e+01	   4.1237947e+01	   3.3957520e+00	   3.3957520e+00	   3.3957520e+00	   0.0000000e+00	   0.0000000e+00	
   3.0000000e+00	  -5.0000000e+01	   1.7406738e+02	   4.2281730e+01	  -1.0000000e+01	  -2.2406738e+01	  -2.2406738e+01	   0.0000000e+00	  -0.0000000e+00	
   3.5000000e+00	  -5.0000000e+01	   5.5393066e+01	   6.2093312e+01	  -1.0000000e+01	  -1.0539307e+01	  -1.0539307e+01	   0.0000000e+00	  -0.0000000e+00	
   4.0000000e+00	  -5.0000000e+01	  -1.6791504e+02	   2.9728445e+01	   1.0000000e+01	   1.1791504e+01	   1.1791504e+01	   0.0000000e+00	   0.0000000e+00	
   4.5000000e+00	  -5.0000000e+01	   1.6980469e+02	   2.1857349e+01	  -1.0000000e+01	  -2.1980469e+01	  -2.1980469e+01	   0.0000000e+00	  -0.0000000e+00	
   5.0000000e+00	   5.0000000e+01	   1.2737549e+02	   5.6513363e+01	  -7.7375488e+00	  -7.7375488e+00	  -7.7375488e+00	   0.0000000e+00	  -0.0000000e+00	
   5.5000000e+00	   5.0000000e+01	  -6.4270020e+01	   4.9687693e+01	   1.0000000e+01	   1.1427002e+01	   1.1427002e+01	   0.0000000e+00	   0.0000000e+00	
   6.0000000e+00	   5.0000000e+01	  -7.4685059e+01	   1.7101070e+01	   1.0000000e+01	   1.2468506e+01	   1.2468506e+01	   0.0000000e+00	   0.0000000e+00	
   6.5000000e+00	   5.0000000e+01	   1.2678223e+02	   1.9547834e+01	  -7.6782227e+00	  -7.6782227e+00	  -7.6782227e+00	   0.0000000e+00	  -0.0000000e+00	
   7.0000000e+00	   5.0000000e+01	  -1.8000000e+02	   6.9259341e+00	   1.0000000e+01	   2.3000000e+01	   2.3000000e+01	   0.0000000e+00	   0.0000000e+00	
   7.5000000e+00	   5.0000000e+01	  -1.1680664e+02	  -3.5550011e+01	   1.0000000e+01	   1.6680664e+01	   1.6680664e+01	   0.0000000e+00	   0.0000000e+00	
   8.0000000e+00	   5.0000000e+01	   1.0041504e+02	  -2.8069798e+01	  -5.0415039e+00	  -5.0415039e+00	  -5.0415039e+00	   0.0000000e+00	  -0.0000000e+00	
   8.5000000e+00	   5.0000000e+01	  -1.7048584e+02	  -2.9974594e+01	   1.0000000e+01	   2.2048584e+01	   2.2048584e+01	   0.0000000e+00	   0.0000000e+00	
   9.0000000e+00	   5.0000000e+01	  -7.7629395e+01	  -5.5702300e+01	   1.0000000e+01	   1.2762939e+01	   1.2762939e+01	   0.0000000e+00	   0.0000000e+00	
   9.5000000e+00	   5.0000000e+01	   1.5130371e+02	  -3.0396693e+01	  -1.0000000e+01	  -1.0130371e+01	  -1.0130371e+01	   0.0000000e+00	  -0.0000000e+00	
   1.0000000e+01	   5.0000000e+01	  -1.8000000e+02	  -2.6008098e+01	   1.0000000e+01	   2.3000000e+01	   2.3000000e+01	   0.0000000e+00	   0.0000000e+00	
