   0.0000000e+00	  -5.0000000e+01	   3.1530762e+01	  -8.1530762e+00	  -6.8273668e-01	  -6.8273668e-01	  -1.9996894e-01	  -7.4703395e-01	
   5.0000000e-01	  -5.0000000e+01	   2.3620605e+01	  -7.3620605e+00	  -5.2085658e+00	  -5.2085658e+00	  -1.9254915e+00	  -2.1534947e-01	
   1.0000000e+00	  -5.0000000e+01	   7.9760742e+00	  -5.7976074e+00	  -3.7423145e+00	  -3.7423145e+00	  -4.3128655e+00	  -2.0552929e-01	
   1.5000000e+00	  -5.0000000e+01	  -1.0327148e+00	  -4.8967285e+00	  -3.5174893e+00	  -3.5174893e+00	  -4.4176373e+00	  -1.3792392e-01	
   2.0000000e+00	  -5.0000000e+01	  -8.9428711e+00	  -4.1057129e+00	  -2.0219129e+00	  -2.0219129e+00	  -3.0088299e+00	  -2.0838000e-01	
   2.5000000e+00	  -5.0000000e+01	  -1.5051270e+01	  -3.4948730e+00	  -2.4226883e+00	  -2.4226883e+00	  -2.1663002e+00	  -1.0721848e-01	
   3.0000000e+00	  -5.0000000e+01	  -2.2631836e+01	  -2.7368164e+00	  -2.4520133e+00	  -2.4520133e+00	  -2.2133270e+00	  -2.8480310e-02	
   3.5000000e+00	  -5.0000000e+01	  -2.3444824e+01	  -2.6555176e+00	  -3.4061136e-01	  -3.4061136e-01	  -1.8740295e+00	  -2.3149062e-01	
   4.0000000e+00	  -5.0000000e+01	  -2.7509766e+01	  -2.2490234e+00	  -1.4842874e+00	  -1.4842874e+00	  -9.7269443e-01	  -7.6473602e-02	
   4.5000000e+00	  -5.0000000e+01	  -3.1816406e+01	  -1.8183594e+00	  -1.0541870e+00	  -1.0541870e+00	  -9.5646979e-01	  -7.6417236e-02	
   5.0000000e+00	   5.0000000e+01	  -3.3662109e+01	   8.3662109e+00	  -2.7218630e-01	  -2.7218630e-01	  -9.6509972e-01	   8.6383972e-01	
   5.5000000e+00	   5.0000000e+01	  -2.6389160e+01	   7.6389160e+00	   6.0424695e+00	   6.0424695e+00	   1.4656953e+00	   1.5964465e-01	
   6.0000000e+00	   5.0000000e+01	  -1.1008301e+01	   6.1008301e+00	   4.0776927e+00	   4.0776927e+00	   4.8197887e+00	   2.0231374e-01	
   6.5000000e+00	   5.0000000e+01	  -4.0429688e+00	   5.4042969e+00	   2.8460416e+00	   2.8460416e+00	   4.7405681e+00	   2.5582553e-01	
   7.0000000e+00	   5.0000000e+01	   3.0981445e+00	   4.6901855e+00	   1.6534905e+00	   1.6534905e+00	   2.5188522e+00	   3.0366951e-01	
   7.5000000e+00	   5.0000000e+01	   1.3205566e+01	   3.6794434e+00	   3.7942174e+00	   3.7942174e+00	   2.1001262e+00	  -1.1477409e-02	
   8.0000000e+00	   5.0000000e+01	   1.7797852e+01	   3.2202148e+00	   1.6730405e+00	   1.6730405e+00	   2.7647528e+00	   1.5471743e-01	
   8.5000000e+00	   5.0000000e+01	   1.6083984e+01	   3.3916016e+00	  -8.4891183e-01	  -8.4891183e-01	   1.4823798e+00	   4.2405134e-01	
   9.0000000e+00	   5.0000000e+01	   2.6257324e+01	   2.3742676e+00	   3.8626425e+00	   3.8626425e+00	   6.4972640e-01	  -1.4883749e-01	
   9.5000000e+00	   5.0000000e+01	   2.9641113e+01	   2.0358887e+00	  -1.0444120e+00	  -1.0444120e+00	   1.4538057e+00	   3.0803007e-01	
   1.0000000e+01	   5.0000000e+01	   2.8718262e+01	   2.1281738e+00	   1.6437155e+00	   1.6437155e+00	   8.8949710e-01	   4.8445836e-02	
