   0.0000000e+00	  -6.8273668e-01	  -2.1381703e-03	  -1.3489014e+02	  -4.2244411e-01	
   1.0000000e-02	  -7.2183671e-01	  -6.5235705e-03	  -1.3429688e+02	  -1.2628284e+00	
   2.0000000e-02	  -1.4158624e+00	  -1.3177479e-02	  -1.3620850e+02	  -2.1020777e+00	
   3.0000000e-02	  -1.9730379e+00	  -2.3708178e-02	  -1.3548340e+02	  -2.9397862e+00	
   4.0000000e-02	  -2.2662881e+00	  -3.6836251e-02	  -1.3640625e+02	  -3.7728670e+00	
   5.0000000e-02	  -3.9573647e+00	  -5.6096539e-02	  -1.3381348e+02	  -4.5955000e+00	
   6.0000000e-02	  -4.5634153e+00	  -8.2430251e-02	  -1.3596680e+02	  -5.4116042e+00	
   7.0000000e-02	  -6.0883167e+00	  -1.1527266e-01	  -1.3792236e+02	  -6.2354647e+00	
   8.0000000e-02	  -7.0071675e+00	  -1.5556262e-01	  -1.3851563e+02	  -7.0621473e+00	
   9.0000000e-02	  -7.3297428e+00	  -1.9948807e-01	  -1.3748291e+02	  -7.8822757e+00	
   1.0000000e-01	  -8.1703936e+00	  -2.4678134e-01	  -1.3768066e+02	  -8.6946523e+00	
   1.1000000e-01	  -8.4049938e+00	  -2.9714582e-01	  -1.3985596e+02	  -9.5093724e+00	
   1.2000000e-01	  -9.3531697e+00	  -3.5089902e-01	  -1.3891113e+02	  -1.0322843e+01	
   1.3000000e-01	  -8.7275691e+00	  -4.0532577e-01	  -1.4106445e+02	  -1.1135003e+01	
   1.4000000e-01	  -9.6952950e+00	  -4.6048307e-01	  -1.3812012e+02	  -1.1939599e+01	
   1.5000000e-01	  -1.2099947e+01	  -5.2585638e-01	  -1.4227295e+02	  -1.2742940e+01	
   1.6000000e-01	  -1.2197697e+01	  -5.9865715e-01	  -1.4367920e+02	  -1.3558659e+01	
   1.7000000e-01	  -1.3126323e+01	  -6.7421631e-01	  -1.4161377e+02	  -1.4367204e+01	
   1.8000000e-01	  -1.4309099e+01	  -7.5591461e-01	  -1.4414063e+02	  -1.5172130e+01	
   1.9000000e-01	  -1.4768525e+01	  -8.4224418e-01	  -1.4620605e+02	  -1.5986396e+01	
   2.0000000e-01	  -1.4973800e+01	  -9.3011471e-01	  -1.4787598e+02	  -1.6807261e+01	
   2.1000000e-01	  -1.5120425e+01	  -1.0185369e+00	  -1.4805176e+02	  -1.7628764e+01	
   2.2000000e-01	  -1.6019726e+01	  -1.1096809e+00	  -1.4563477e+02	  -1.8438102e+01	
   2.3000000e-01	  -1.6831052e+01	  -1.2056113e+00	  -1.5060059e+02	  -1.9250354e+01	
   2.4000000e-01	  -1.8111578e+01	  -1.3074920e+00	  -1.5317139e+02	  -2.0081121e+01	
   2.5000000e-01	  -1.7485977e+01	  -1.4107856e+00	  -1.5341309e+02	  -2.0915493e+01	
   2.6000000e-01	  -1.9030429e+01	  -1.5163099e+00	  -1.5240234e+02	  -2.1742230e+01	
   2.7000000e-01	  -1.9880854e+01	  -1.6286734e+00	  -1.5574219e+02	  -2.2571083e+01	
   2.8000000e-01	  -2.1112506e+01	  -1.7468537e+00	  -1.5923584e+02	  -2.3416145e+01	
   2.9000000e-01	  -2.1425306e+01	  -1.8691306e+00	  -1.5585205e+02	  -2.4256258e+01	
   3.0000000e-01	  -2.2598307e+01	  -1.9952948e+00	  -1.5910400e+02	  -2.5090697e+01	
   3.1000000e-01	  -2.2598307e+01	  -2.1243424e+00	  -1.5958740e+02	  -2.5931607e+01	
   3.2000000e-01	  -2.3018632e+01	  -2.2538980e+00	  -1.6136719e+02	  -2.6774338e+01	
   3.3000000e-01	  -2.3341208e+01	  -2.3849687e+00	  -1.6097168e+02	  -2.7616125e+01	
   3.4000000e-01	  -2.4621734e+01	  -2.5202391e+00	  -1.6492676e+02	  -2.8463788e+01	
   3.5000000e-01	  -2.4543534e+01	  -2.6584275e+00	  -1.6723389e+02	  -2.9325753e+01	
   3.6000000e-01	  -2.5169134e+01	  -2.7974647e+00	  -1.6817871e+02	  -3.0192503e+01	
   3.7000000e-01	  -2.6459435e+01	  -2.9416312e+00	  -1.6978271e+02	  -3.1061807e+01	
   3.8000000e-01	  -2.6136860e+01	  -3.0879254e+00	  -1.7059570e+02	  -3.1933236e+01	
   3.9000000e-01	  -2.6791786e+01	  -3.2343442e+00	  -1.7470459e+02	  -3.2814620e+01	
   4.0000000e-01	  -2.7857262e+01	  -3.3852337e+00	  -1.7813232e+02	  -3.3714087e+01	
   4.1000000e-01	  -2.6860211e+01	  -3.5353924e+00	  -1.7466064e+02	  -3.4607782e+01	
   4.2000000e-01	  -2.9157338e+01	  -3.6886821e+00	  -1.7982422e+02	  -3.5501178e+01	
   4.3000000e-01	  -2.8981388e+01	  -3.8476547e+00	  -1.7949463e+02	  -3.6404117e+01	
   4.4000000e-01	  -2.9431038e+01	  -4.0064888e+00	  -1.8000000e+02	  -3.7301952e+01	
   4.5000000e-01	  -2.9997989e+01	  -4.1675117e+00	  -1.8000000e+02	  -3.8195745e+01	
   4.6000000e-01	  -3.0125064e+01	  -4.3296996e+00	  -1.8000000e+02	  -3.9083940e+01	
   4.7000000e-01	  -3.1552215e+01	  -4.4957391e+00	  -1.8000000e+02	  -3.9966572e+01	
   4.8000000e-01	  -3.1552215e+01	  -4.6652081e+00	  -1.8000000e+02	  -4.0843675e+01	
   4.9000000e-01	  -3.1024365e+01	  -4.8319626e+00	  -1.4765625e+01	  -4.1197810e+01	
   5.0000000e-01	  -3.3106442e+01	  -5.0025400e+00	  -1.3073730e+01	  -4.1026952e+01	
   5.1000000e-01	  -3.1591315e+01	  -5.1738246e+00	   1.7441895e+02	  -4.0264684e+01	
   5.2000000e-01	  -3.2881616e+01	  -5.3433322e+00	   1.7417725e+02	  -3.8920763e+01	
   5.3000000e-01	  -3.3810242e+01	  -5.5187272e+00	   1.7492432e+02	  -3.7583678e+01	
   5.4000000e-01	  -3.3849342e+01	  -5.6960544e+00	   1.7808838e+02	  -3.6242719e+01	
   5.5000000e-01	  -3.4817068e+01	  -5.8754240e+00	   1.7602295e+02	  -3.4906719e+01	
   5.6000000e-01	  -3.4885493e+01	  -6.0569151e+00	   1.7237549e+02	  -3.3596978e+01	
   5.7000000e-01	  -3.5305819e+01	  -6.2388001e+00	   1.7266113e+02	  -3.2305969e+01	
   5.8000000e-01	  -3.5735919e+01	  -6.4222092e+00	   1.7149658e+02	  -3.1025799e+01	
   5.9000000e-01	  -3.5569744e+01	  -6.6052960e+00	   1.6593750e+02	  -2.9774704e+01	
   6.0000000e-01	  -3.6244219e+01	  -6.7888279e+00	   1.6490479e+02	  -2.8552089e+01	
   6.1000000e-01	  -3.5579519e+01	  -6.9712409e+00	   1.6009277e+02	  -2.7355437e+01	
   6.2000000e-01	  -3.7456321e+01	  -7.1563074e+00	   1.5804932e+02	  -2.6187749e+01	
   6.3000000e-01	  -3.7241270e+01	  -7.3454189e+00	   1.5646729e+02	  -2.5038729e+01	
   6.4000000e-01	  -3.7671371e+01	  -7.5340194e+00	   1.5358887e+02	  -2.3910876e+01	
   6.5000000e-01	  -3.7857096e+01	  -7.7233672e+00	   1.5060059e+02	  -2.2808460e+01	
   6.6000000e-01	  -3.8599997e+01	  -7.9144373e+00	   1.4794189e+02	  -2.1730634e+01	
   6.7000000e-01	  -3.8756397e+01	  -8.1071269e+00	   1.4811768e+02	  -2.0667334e+01	
   6.8000000e-01	  -3.7905971e+01	  -8.2964362e+00	   1.4449219e+02	  -1.9621499e+01	
   6.9000000e-01	  -3.9411322e+01	  -8.4866108e+00	   1.4227295e+02	  -1.8600518e+01	
   7.0000000e-01	  -3.9978273e+01	  -8.6820841e+00	   1.3891113e+02	  -1.7603411e+01	
   7.1000000e-01	  -3.9567723e+01	  -8.8768229e+00	   1.3781250e+02	  -1.6626519e+01	
   7.2000000e-01	  -3.9264697e+01	  -9.0681073e+00	   1.3392334e+02	  -1.5671365e+01	
   7.3000000e-01	  -4.0828699e+01	  -9.2621426e+00	   1.3100098e+02	  -1.4743527e+01	
   7.4000000e-01	  -4.0320398e+01	  -9.4582687e+00	   1.2533203e+02	  -1.3848406e+01	
   7.5000000e-01	  -4.0828699e+01	  -9.6531664e+00	   1.2583740e+02	  -1.2975062e+01	
   7.6000000e-01	  -4.0721174e+01	  -9.8480985e+00	   1.2155273e+02	  -1.2119025e+01	
   7.7000000e-01	  -4.1747550e+01	  -1.0044687e+01	   1.2054199e+02	  -1.1284934e+01	
   7.8000000e-01	  -4.1170824e+01	  -1.0241453e+01	   1.2036621e+02	  -1.0459782e+01	
   7.9000000e-01	  -4.2079900e+01	  -1.0438027e+01	   1.1463135e+02	  -9.6583103e+00	
   8.0000000e-01	  -4.1982150e+01	  -1.0635911e+01	   1.1159912e+02	  -8.8893147e+00	
   8.1000000e-01	  -4.1219699e+01	  -1.0829861e+01	   1.0540283e+02	  -8.1540373e+00	
   8.2000000e-01	  -4.1884400e+01	  -1.1022290e+01	   1.1019287e+02	  -7.4277694e+00	
   8.3000000e-01	  -4.2079900e+01	  -1.1216208e+01	   1.0496338e+02	  -6.7074267e+00	
   8.4000000e-01	  -4.3086726e+01	  -1.1412677e+01	   1.0107422e+02	  -6.0201533e+00	
   8.5000000e-01	  -4.2793475e+01	  -1.1610150e+01	   9.7097168e+01	  -5.3618199e+00	
   8.6000000e-01	  -4.3018301e+01	  -1.1806171e+01	   9.6306152e+01	  -4.7225423e+00	
   8.7000000e-01	  -4.2705500e+01	  -1.2000690e+01	   9.5712891e+01	  -4.0916042e+00	
   8.8000000e-01	  -4.3076951e+01	  -1.2194174e+01	   8.9538574e+01	  -3.4858124e+00	
   8.9000000e-01	  -4.3321326e+01	  -1.2388374e+01	   8.5671387e+01	  -2.9152626e+00	
   9.0000000e-01	  -4.3526601e+01	  -1.2582766e+01	   8.5385742e+01	  -2.3612922e+00	
   9.1000000e-01	  -4.3986027e+01	  -1.2778023e+01	   8.1079102e+01	  -1.8251735e+00	
   9.2000000e-01	  -4.4025127e+01	  -1.2973617e+01	   7.5080566e+01	  -1.3246863e+00	
   9.3000000e-01	  -4.4044677e+01	  -1.3168171e+01	   7.7695313e+01	  -8.3793101e-01	
   9.4000000e-01	  -4.4660502e+01	  -1.3363495e+01	   7.5388184e+01	  -3.5326119e-01	
   9.5000000e-01	  -4.4572527e+01	  -1.3559249e+01	   7.1608887e+01	   1.0931164e-01	
   9.6000000e-01	  -4.4562752e+01	  -1.3753471e+01	   6.7697754e+01	   5.4490251e-01	
   9.7000000e-01	  -4.5012403e+01	  -1.3947854e+01	   6.2775879e+01	   9.5010216e-01	
   9.8000000e-01	  -4.4484552e+01	  -1.4140775e+01	   6.0776367e+01	   1.3310877e+00	
   9.9000000e-01	  -4.5100378e+01	  -1.4332763e+01	   6.2578125e+01	   1.7090676e+00	
   1.0000000e+00	  -4.4885327e+01	  -1.4524803e+01	   5.6579590e+01	   2.0715366e+00	
   1.0100000e+00	  -4.5393628e+01	  -1.4716559e+01	   5.5458984e+01	   2.4094399e+00	
   1.0200000e+00	  -4.5286103e+01	  -1.4908369e+01	   5.0207520e+01	   2.7252709e+00	
   1.0300000e+00	  -4.5305653e+01	  -1.5098702e+01	   4.9526367e+01	   3.0205441e+00	
   1.0400000e+00	  -4.5207903e+01	  -1.5287598e+01	   4.2231445e+01	   3.2889887e+00	
   1.0500000e+00	  -4.5510928e+01	  -1.5475953e+01	   4.2604980e+01	   3.5340757e+00	
   1.0600000e+00	  -4.5403403e+01	  -1.5663742e+01	   4.0144043e+01	   3.7710903e+00	
   1.0700000e+00	  -4.5334978e+01	  -1.5849803e+01	   3.4409180e+01	   3.9809531e+00	
   1.0800000e+00	  -4.5941028e+01	  -1.6036382e+01	   3.5617676e+01	   4.1753259e+00	
   1.0900000e+00	  -4.6019228e+01	  -1.6223935e+01	   2.8366699e+01	   4.3495576e+00	
   1.1000000e+00	  -4.6224504e+01	  -1.6411202e+01	   2.4125977e+01	   4.4867087e+00	
   1.1100000e+00	  -4.6253829e+01	  -1.6598030e+01	   2.4433594e+01	   4.6106832e+00	
   1.1200000e+00	  -4.5989903e+01	  -1.6782954e+01	   2.3488770e+01	   4.7318856e+00	
   1.1300000e+00	  -4.6351579e+01	  -1.6967025e+01	   1.7556152e+01	   4.8307903e+00	
   1.1400000e+00	  -4.6214729e+01	  -1.7150647e+01	   1.4589844e+01	   4.9012062e+00	
   1.1500000e+00	  -4.6332029e+01	  -1.7333058e+01	   1.3249512e+01	   4.9576937e+00	
   1.1600000e+00	  -4.6566629e+01	  -1.7515429e+01	   1.3469238e+01	   5.0103178e+00	
   1.1700000e+00	  -4.6635054e+01	  -1.7697606e+01	   7.8881836e+00	   5.0458220e+00	
   1.1800000e+00	  -4.6312479e+01	  -1.7877846e+01	   2.7465820e+00	   5.0475229e+00	
   1.1900000e+00	  -4.6556854e+01	  -1.8056713e+01	   1.1425781e+00	   5.0280875e+00	
   1.2000000e+00	  -4.6664379e+01	  -1.8235561e+01	  -9.0087891e-01	   4.9973509e+00	
   1.2100000e+00	  -4.6380904e+01	  -1.8412738e+01	  -2.6586914e+00	   4.9549021e+00	
   1.2200000e+00	  -4.6468879e+01	  -1.8588193e+01	  -8.7670898e+00	   4.8880841e+00	
   1.2300000e+00	  -4.6625279e+01	  -1.8763314e+01	  -7.9101563e+00	   4.8052382e+00	
   1.2400000e+00	  -4.6742579e+01	  -1.8938196e+01	  -1.2260742e+01	   4.7119700e+00	
   1.2500000e+00	  -4.6742579e+01	  -1.9112349e+01	  -1.7292480e+01	   4.5899027e+00	
   1.2600000e+00	  -4.7074929e+01	  -1.9286453e+01	  -1.6611328e+01	   4.4549750e+00	
   1.2700000e+00	  -4.7045604e+01	  -1.9460415e+01	  -2.1972656e+01	   4.3062352e+00	
   1.2800000e+00	  -4.7211780e+01	  -1.9633716e+01	  -2.4675293e+01	   4.1331726e+00	
   1.2900000e+00	  -4.7055379e+01	  -1.9805962e+01	  -2.6235352e+01	   3.9478442e+00	
   1.3000000e+00	  -4.7270430e+01	  -1.9977313e+01	  -2.9223633e+01	   3.7494323e+00	
   1.3100000e+00	  -4.7192230e+01	  -2.0148020e+01	  -3.2541504e+01	   3.5325138e+00	
   1.3200000e+00	  -4.7534355e+01	  -2.0318483e+01	  -3.5002441e+01	   3.2988561e+00	
   1.3300000e+00	  -4.8091530e+01	  -2.0490695e+01	  -3.6210938e+01	   3.0551701e+00	
   1.3400000e+00	  -4.7661430e+01	  -2.0662227e+01	  -4.1770020e+01	   2.7918160e+00	
   1.3500000e+00	  -4.7563680e+01	  -2.0831031e+01	  -4.3637695e+01	   2.5068525e+00	
   1.3600000e+00	  -4.7690755e+01	  -2.0998870e+01	  -4.7329102e+01	   2.2062642e+00	
   1.3700000e+00	  -4.7593005e+01	  -2.1165749e+01	  -4.9196777e+01	   1.8901489e+00	
   1.3800000e+00	  -4.7827605e+01	  -2.1332012e+01	  -5.3811035e+01	   1.5557137e+00	
   1.3900000e+00	  -4.8423881e+01	  -2.1499835e+01	  -5.5524902e+01	   1.2035551e+00	
   1.4000000e+00	  -4.8472756e+01	  -2.1668628e+01	  -5.9743652e+01	   8.3502266e-01	
   1.4100000e+00	  -4.8071980e+01	  -2.1835261e+01	  -6.1567383e+01	   4.4987491e-01	
   1.4200000e+00	  -4.8785556e+01	  -2.2001830e+01	  -6.5192871e+01	   5.0073875e-02	
   1.4300000e+00	  -4.8717131e+01	  -2.2169376e+01	  -6.7609863e+01	  -3.6614662e-01	
   1.4400000e+00	  -4.8853981e+01	  -2.2336088e+01	  -7.0136719e+01	  -7.9524307e-01	
   1.4500000e+00	  -4.8775781e+01	  -2.2501938e+01	  -7.3718262e+01	  -1.2407819e+00	
   1.4600000e+00	  -4.7886255e+01	  -2.2663720e+01	  -7.5695801e+01	  -1.7009399e+00	
   1.4700000e+00	  -4.8335906e+01	  -2.2823110e+01	  -7.7739258e+01	  -2.1708084e+00	
   1.4800000e+00	  -4.8101305e+01	  -2.2982175e+01	  -8.2397461e+01	  -2.6587219e+00	
   1.4900000e+00	  -4.8570506e+01	  -2.3140979e+01	  -8.5407715e+01	  -3.1675952e+00	
   1.5000000e+00	  -4.8228380e+01	  -2.3299186e+01	  -8.7890625e+01	  -3.6904844e+00	
   1.5100000e+00	  -4.8707356e+01	  -2.3456831e+01	  -9.0944824e+01	  -4.2274394e+00	
   1.5200000e+00	  -4.8365231e+01	  -2.3613917e+01	  -9.4658203e+01	  -4.7822257e+00	
   1.5300000e+00	  -4.8511856e+01	  -2.3769407e+01	  -9.6767578e+01	  -5.3517725e+00	
   1.5400000e+00	  -4.8335906e+01	  -2.3923831e+01	  -1.0059082e+02	  -5.9363315e+00	
   1.5500000e+00	  -4.8120855e+01	  -2.4076063e+01	  -1.0118408e+02	  -6.5310605e+00	
   1.5600000e+00	  -4.8218605e+01	  -2.4226974e+01	  -1.0529297e+02	  -7.1367905e+00	
   1.5700000e+00	  -4.8912631e+01	  -2.4379420e+01	  -1.0713867e+02	  -7.7573748e+00	
   1.5800000e+00	  -4.8629156e+01	  -2.4532197e+01	  -1.1151123e+02	  -8.3935462e+00	
   1.5900000e+00	  -4.9391607e+01	  -2.4685516e+01	  -1.1507080e+02	  -9.0505745e+00	
   1.6000000e+00	  -4.8394556e+01	  -2.4837141e+01	  -1.1909180e+02	  -9.7272280e+00	
   1.6100000e+00	  -4.8247931e+01	  -2.4984235e+01	  -1.1950928e+02	  -1.0413544e+01	
   1.6200000e+00	  -4.8443431e+01	  -2.5130560e+01	  -1.2350830e+02	  -1.1109392e+01	
   1.6300000e+00	  -4.8502081e+01	  -2.5276764e+01	  -1.2886963e+02	  -1.1830196e+01	
   1.6400000e+00	  -4.8775781e+01	  -2.5423094e+01	  -1.2814453e+02	  -1.2561005e+01	
   1.6500000e+00	  -4.9332957e+01	  -2.5571109e+01	  -1.3053955e+02	  -1.3292466e+01	
   1.6600000e+00	  -4.8521631e+01	  -2.5717401e+01	  -1.3581299e+02	  -1.4043362e+01	
   1.6700000e+00	  -4.8805106e+01	  -2.5861124e+01	  -1.3831787e+02	  -1.4813914e+01	
   1.6800000e+00	  -4.8853981e+01	  -2.6004987e+01	  -1.4119629e+02	  -1.5596499e+01	
   1.6900000e+00	  -4.8472756e+01	  -2.6146909e+01	  -1.4565674e+02	  -1.6397166e+01	
   1.7000000e+00	  -4.9157006e+01	  -2.6288890e+01	  -1.4715088e+02	  -1.7211466e+01	
   1.7100000e+00	  -4.8912631e+01	  -2.6431360e+01	  -1.5180908e+02	  -1.8039934e+01	
   1.7200000e+00	  -4.8619381e+01	  -2.6571253e+01	  -1.5183105e+02	  -1.8877870e+01	
   1.7300000e+00	  -4.9548007e+01	  -2.6712261e+01	  -1.5473145e+02	  -1.9719709e+01	
   1.7400000e+00	  -4.8736681e+01	  -2.6852752e+01	  -1.6066406e+02	  -2.0583939e+01	
   1.7500000e+00	  -4.8912631e+01	  -2.6990374e+01	  -1.6433350e+02	  -2.1472826e+01	
   1.7600000e+00	  -4.9127681e+01	  -2.7128358e+01	  -1.6508057e+02	  -2.2369978e+01	
   1.7700000e+00	  -4.8453206e+01	  -2.7264039e+01	  -1.7206787e+02	  -2.3285732e+01	
   1.7800000e+00	  -4.8756231e+01	  -2.7397707e+01	  -1.7143066e+02	  -2.4215638e+01	
   1.7900000e+00	  -4.8492306e+01	  -2.7530660e+01	  -1.7417725e+02	  -2.5146325e+01	
   1.8000000e+00	  -4.8697581e+01	  -2.7662597e+01	  -1.7945068e+02	  -2.6096299e+01	
   1.8100000e+00	  -4.8326131e+01	  -2.7793187e+01	  -1.8000000e+02	  -2.7058559e+01	
   1.8200000e+00	  -4.8853981e+01	  -2.7923449e+01	  -1.8000000e+02	  -2.8016512e+01	
   1.8300000e+00	  -4.8863756e+01	  -2.8054578e+01	  -1.8000000e+02	  -2.8968465e+01	
   1.8400000e+00	  -4.9147231e+01	  -2.8185805e+01	  -1.4919434e+01	  -2.9397462e+01	
   1.8500000e+00	  -4.8932181e+01	  -2.8316424e+01	  -1.4458008e+01	  -2.9305334e+01	
   1.8600000e+00	  -4.9186331e+01	  -2.8446347e+01	   1.7354004e+02	  -2.8623571e+01	
   1.8700000e+00	  -4.9587107e+01	  -2.8577508e+01	   1.7310059e+02	  -2.7358690e+01	
   1.8800000e+00	  -4.9176556e+01	  -2.8707816e+01	   1.7422119e+02	  -2.6099598e+01	
   1.8900000e+00	  -4.8961506e+01	  -2.8835349e+01	   1.7096924e+02	  -2.4855068e+01	
   1.9000000e+00	  -4.9557782e+01	  -2.8963278e+01	   1.7090332e+02	  -2.3628723e+01	
   1.9100000e+00	  -4.9264531e+01	  -2.9091353e+01	   1.6912354e+02	  -2.2415840e+01	
   1.9200000e+00	  -4.9606657e+01	  -2.9218780e+01	   1.6670654e+02	  -2.1223697e+01	
   1.9300000e+00	  -4.9264531e+01	  -2.9345409e+01	   1.6026855e+02	  -2.0066753e+01	
   1.9400000e+00	  -4.9137456e+01	  -2.9469775e+01	   1.5690674e+02	  -1.8947746e+01	
   1.9500000e+00	  -4.9059256e+01	  -2.9592719e+01	   1.5400635e+02	  -1.7855360e+01	
   1.9600000e+00	  -4.9684857e+01	  -2.9716607e+01	   1.5112793e+02	  -1.6787913e+01	
   1.9700000e+00	  -4.8687806e+01	  -2.9838557e+01	   1.5075439e+02	  -1.5737338e+01	
   1.9800000e+00	  -4.9342732e+01	  -2.9958670e+01	   1.4354736e+02	  -1.4717083e+01	
   1.9900000e+00	  -4.9264531e+01	  -3.0079838e+01	   1.4152588e+02	  -1.3732120e+01	
   2.0000000e+00	  -4.8785556e+01	  -3.0198502e+01	   1.4121826e+02	  -1.2760620e+01	
   2.0100000e+00	  -4.9157006e+01	  -3.0316086e+01	   1.3860352e+02	  -1.1804358e+01	
   2.0200000e+00	  -4.9244981e+01	  -3.0434372e+01	   1.3214355e+02	  -1.0882505e+01	
   2.0300000e+00	  -4.8736681e+01	  -3.0550601e+01	   1.2607910e+02	  -1.0005649e+01	
   2.0400000e+00	  -4.9147231e+01	  -3.0665796e+01	   1.2535400e+02	  -9.1555496e+00	
   2.0500000e+00	  -4.9069031e+01	  -3.0781310e+01	   1.2001465e+02	  -8.3297668e+00	
   2.0600000e+00	  -4.9117906e+01	  -3.0896009e+01	   1.1722412e+02	  -7.5346172e+00	
   2.0700000e+00	  -5.0046532e+01	  -3.1013050e+01	   1.1713623e+02	  -6.7534625e+00	
   2.0800000e+00	  -4.9694632e+01	  -3.1131165e+01	   1.1219238e+02	  -5.9929589e+00	
   2.0900000e+00	  -4.9088581e+01	  -3.1245540e+01	   1.0984131e+02	  -5.2600646e+00	
   2.1000000e+00	  -4.8951731e+01	  -3.1356871e+01	   1.0713867e+02	  -4.5475879e+00	
   2.1100000e+00	  -4.9157006e+01	  -3.1467720e+01	   1.0270020e+02	  -3.8619381e+00	
   2.1200000e+00	  -4.8502081e+01	  -3.1576467e+01	   9.9316406e+01	  -3.2050804e+00	
   2.1300000e+00	  -4.8668256e+01	  -3.1683001e+01	   9.5690918e+01	  -2.5742883e+00	
   2.1400000e+00	  -4.8805106e+01	  -3.1789817e+01	   9.2680664e+01	  -1.9682288e+00	
   2.1500000e+00	  -4.8873531e+01	  -3.1896607e+01	   9.1757813e+01	  -1.3782829e+00	
   2.1600000e+00	  -4.9293856e+01	  -3.2004259e+01	   8.8264160e+01	  -8.0586364e-01	
   2.1700000e+00	  -4.8863756e+01	  -3.2111206e+01	   8.5693359e+01	  -2.5602215e-01	
   2.1800000e+00	  -4.8922406e+01	  -3.2216320e+01	   8.4177246e+01	   2.7757614e-01	
   2.1900000e+00	  -4.9244981e+01	  -3.2321969e+01	   7.9145508e+01	   7.8732589e-01	
   2.2000000e+00	  -4.8814881e+01	  -3.2426620e+01	   7.1938477e+01	   1.2555539e+00	
   2.2100000e+00	  -4.9440482e+01	  -3.2531227e+01	   7.2971191e+01	   1.7015126e+00	
   2.2200000e+00	  -4.9010381e+01	  -3.2635792e+01	   6.9675293e+01	   2.1375903e+00	
   2.2300000e+00	  -4.9078806e+01	  -3.2738569e+01	   6.6687012e+01	   2.5512560e+00	
   2.2400000e+00	  -4.9499132e+01	  -3.2842233e+01	   6.0886230e+01	   2.9348055e+00	
   2.2500000e+00	  -4.9147231e+01	  -3.2945462e+01	   6.0183105e+01	   3.2955838e+00	
   2.2600000e+00	  -4.9029931e+01	  -3.3046575e+01	   5.5810547e+01	   3.6382066e+00	
   2.2700000e+00	  -4.9460032e+01	  -3.3148034e+01	   5.3745117e+01	   3.9585211e+00	
   2.2800000e+00	  -4.9176556e+01	  -3.3249317e+01	   5.1350098e+01	   4.2628602e+00	
   2.2900000e+00	  -4.8638931e+01	  -3.3347394e+01	   4.7285156e+01	   4.5450621e+00	
   2.3000000e+00	  -4.8384781e+01	  -3.3442377e+01	   4.3242188e+01	   4.8001042e+00	
   2.3100000e+00	  -4.9088581e+01	  -3.3538173e+01	   4.2429199e+01	   5.0383412e+00	
   2.3200000e+00	  -4.8443431e+01	  -3.3633553e+01	   3.5771484e+01	   5.2516895e+00	
   2.3300000e+00	  -4.8863756e+01	  -3.3727631e+01	   3.5024414e+01	   5.4405115e+00	
   2.3400000e+00	  -4.8697581e+01	  -3.3821917e+01	   3.4189453e+01	   5.6231962e+00	
   2.3500000e+00	  -4.8511856e+01	  -3.3914509e+01	   2.6960449e+01	   5.7794822e+00	
   2.3600000e+00	  -4.9440482e+01	  -3.4008848e+01	   2.7268066e+01	   5.9131132e+00	
   2.3700000e+00	  -4.9323182e+01	  -3.4105137e+01	   2.3159180e+01	   6.0340025e+00	
   2.3800000e+00	  -4.9274306e+01	  -3.4200303e+01	   1.8347168e+01	   6.1261964e+00	
   2.3900000e+00	  -4.9196106e+01	  -3.4294474e+01	   1.7556152e+01	   6.2002656e+00	
   2.4000000e+00	  -4.9274306e+01	  -3.4388056e+01	   1.4545898e+01	   6.2619661e+00	
   2.4100000e+00	  -4.9489357e+01	  -3.4481970e+01	   1.0195313e+01	   6.3002277e+00	
   2.4200000e+00	  -4.8775781e+01	  -3.4573735e+01	   7.7343750e+00	   6.3169176e+00	
   2.4300000e+00	  -4.8941956e+01	  -3.4663210e+01	   3.8232422e+00	   6.3135472e+00	
   2.4400000e+00	  -4.8707356e+01	  -3.4751911e+01	   2.5048828e+00	   6.2938203e+00	
   2.4500000e+00	  -4.8795331e+01	  -3.4839596e+01	   1.1865234e+00	   6.2659594e+00	
   2.4600000e+00	  -4.8590056e+01	  -3.4926366e+01	  -1.6040039e+00	   6.2254049e+00	
   2.4700000e+00	  -4.8814881e+01	  -3.5012653e+01	  -6.6796875e+00	   6.1604693e+00	
   2.4800000e+00	  -4.8775781e+01	  -3.5098981e+01	  -8.9428711e+00	   6.0729569e+00	
   2.4900000e+00	  -4.8228380e+01	  -3.5182932e+01	  -1.1755371e+01	   5.9700967e+00	
   2.5000000e+00	  -4.8560731e+01	  -3.5265683e+01	  -1.5688477e+01	   5.8467552e+00	
   2.5100000e+00	  -4.9186331e+01	  -3.5350916e+01	  -1.9665527e+01	   5.6994135e+00	
   2.5200000e+00	  -4.9567557e+01	  -3.5438769e+01	  -2.0500488e+01	   5.5379246e+00	
   2.5300000e+00	  -4.8941956e+01	  -3.5525305e+01	  -2.3444824e+01	   5.3656112e+00	
   2.5400000e+00	  -4.8844206e+01	  -3.5609035e+01	  -2.8630371e+01	   5.1689164e+00	
   2.5500000e+00	  -4.9010381e+01	  -3.5692454e+01	  -3.3046875e+01	   4.9433821e+00	
   2.5600000e+00	  -4.8599831e+01	  -3.5774586e+01	  -3.3596191e+01	   4.7037087e+00	
   2.5700000e+00	  -4.9166781e+01	  -3.5856692e+01	  -3.6694336e+01	   4.4541135e+00	
   2.5800000e+00	  -4.8795331e+01	  -3.5938897e+01	  -3.9550781e+01	   4.1874334e+00	
   2.5900000e+00	  -4.8335906e+01	  -3.6017985e+01	  -4.1770020e+01	   3.9065277e+00	
   2.6000000e+00	  -4.8560731e+01	  -3.6095843e+01	  -4.5175781e+01	   3.6097653e+00	
   2.6100000e+00	  -4.8629156e+01	  -3.6174131e+01	  -4.9152832e+01	   3.2917404e+00	
   2.6200000e+00	  -4.8814881e+01	  -3.6252725e+01	  -5.0976563e+01	   2.9575409e+00	
   2.6300000e+00	  -4.8502081e+01	  -3.6330429e+01	  -5.3020020e+01	   2.6133234e+00	
   2.6400000e+00	  -4.8550956e+01	  -3.6406820e+01	  -5.7304688e+01	   2.2514438e+00	
   2.6500000e+00	  -4.9078806e+01	  -3.6484538e+01	  -6.0314941e+01	   1.8689849e+00	
   2.6600000e+00	  -4.8756231e+01	  -3.6562412e+01	  -6.1062012e+01	   1.4771545e+00	
   2.6700000e+00	  -4.9450257e+01	  -3.6640962e+01	  -6.5917969e+01	   1.0702309e+00	
   2.6800000e+00	  -4.9587107e+01	  -3.6721622e+01	  -6.9235840e+01	   6.4025763e-01	
   2.6900000e+00	  -4.8863756e+01	  -3.6799940e+01	  -7.1520996e+01	   1.9543014e-01	
   2.7000000e+00	  -4.9616432e+01	  -3.6877859e+01	  -7.5563965e+01	  -2.6642936e-01	
   2.7100000e+00	  -4.8922406e+01	  -3.6955474e+01	  -7.7321777e+01	  -7.4356267e-01	
   2.7200000e+00	  -4.9157006e+01	  -3.7031164e+01	  -8.0529785e+01	  -1.2332592e+00	
   2.7300000e+00	  -4.9352507e+01	  -3.7107727e+01	  -8.3342285e+01	  -1.7387434e+00	
   2.7400000e+00	  -4.9411157e+01	  -3.7184606e+01	  -8.6550293e+01	  -2.2599162e+00	
   2.7500000e+00	  -4.8795331e+01	  -3.7259259e+01	  -9.0747070e+01	  -2.8010147e+00	
   2.7600000e+00	  -4.9264531e+01	  -3.7332985e+01	  -9.2065430e+01	  -3.3559961e+00	
   2.7700000e+00	  -4.8531406e+01	  -3.7405422e+01	  -9.5295410e+01	  -3.9217457e+00	
   2.7800000e+00	  -4.8941956e+01	  -3.7476396e+01	  -9.6767578e+01	  -4.4986777e+00	
   2.7900000e+00	  -4.8531406e+01	  -3.7546925e+01	  -1.0074463e+02	  -5.0890618e+00	
   2.8000000e+00	  -4.9381832e+01	  -3.7618390e+01	  -1.0331543e+02	  -5.6962543e+00	
   2.8100000e+00	  -4.8951731e+01	  -3.7690724e+01	  -1.0709473e+02	  -6.3195306e+00	
   2.8200000e+00	  -4.9303631e+01	  -3.7762360e+01	  -1.1023682e+02	  -6.9605792e+00	
   2.8300000e+00	  -4.9313406e+01	  -3.7834679e+01	  -1.1346680e+02	  -7.6175684e+00	
   2.8400000e+00	  -4.9264531e+01	  -3.7906423e+01	  -1.1601563e+02	  -8.2885404e+00	
   2.8500000e+00	  -4.9020156e+01	  -3.7976800e+01	  -1.1911377e+02	  -8.9729947e+00	
   2.8600000e+00	  -4.9029931e+01	  -3.8046001e+01	  -1.2210205e+02	  -9.6722232e+00	
   2.8700000e+00	  -4.9557782e+01	  -3.8116452e+01	  -1.2434326e+02	  -1.0383450e+01	
   2.8800000e+00	  -4.9479582e+01	  -3.8187870e+01	  -1.2814453e+02	  -1.1109145e+01	
   2.8900000e+00	  -4.9010381e+01	  -3.8257127e+01	  -1.3223145e+02	  -1.1854999e+01	
   2.9000000e+00	  -4.9235206e+01	  -3.8325184e+01	  -1.3517578e+02	  -1.2618201e+01	
   2.9100000e+00	  -4.9166781e+01	  -3.8393305e+01	  -1.3748291e+02	  -1.3393069e+01	
   2.9200000e+00	  -4.8531406e+01	  -3.8458795e+01	  -1.3979004e+02	  -1.4177535e+01	
   2.9300000e+00	  -4.9157006e+01	  -3.8523845e+01	  -1.4086670e+02	  -1.4967684e+01	
   2.9400000e+00	  -4.8707356e+01	  -3.8589038e+01	  -1.4649170e+02	  -1.5773872e+01	
   2.9500000e+00	  -4.9587107e+01	  -3.8655169e+01	  -1.5152344e+02	  -1.6608385e+01	
   2.9600000e+00	  -4.9508907e+01	  -3.8723397e+01	  -1.5400635e+02	  -1.7461205e+01	
   2.9700000e+00	  -4.8902856e+01	  -3.8789054e+01	  -1.5433594e+02	  -1.8317492e+01	
   2.9800000e+00	  -4.9332957e+01	  -3.8853749e+01	  -1.6193848e+02	  -1.9193257e+01	
   2.9900000e+00	  -4.9763057e+01	  -3.8920733e+01	  -1.6332275e+02	  -2.0091681e+01	
   3.0000000e+00	  -4.8932181e+01	  -3.8986042e+01	  -1.6512451e+02	  -2.0994455e+01	
   3.0100000e+00	  -4.9284081e+01	  -3.9049442e+01	  -1.7121094e+02	  -2.1916279e+01	
   3.0200000e+00	  -4.9127681e+01	  -3.9113057e+01	  -1.7360596e+02	  -2.2858891e+01	
   3.0300000e+00	  -4.8961506e+01	  -3.9175264e+01	  -1.7534180e+02	  -2.3808536e+01	
   3.0400000e+00	  -4.9049481e+01	  -3.9236836e+01	  -1.7929688e+02	  -2.4770055e+01	
   3.0500000e+00	  -4.9137456e+01	  -3.9298573e+01	  -1.8000000e+02	  -2.5740141e+01	
   3.0600000e+00	  -4.8570506e+01	  -3.9358423e+01	  -1.8000000e+02	  -2.6706352e+01	
   3.0700000e+00	  -4.9176556e+01	  -3.9418022e+01	  -1.8000000e+02	  -2.7666511e+01	
   3.0800000e+00	  -4.8893081e+01	  -3.9478257e+01	  -1.8000000e+02	  -2.8620656e+01	
   3.0900000e+00	  -4.8668256e+01	  -3.9536523e+01	  -1.5270996e+01	  -2.9052932e+01	
   3.1000000e+00	  -4.9557782e+01	  -3.9596505e+01	   1.7593506e+02	  -2.8367796e+01	
   3.1100000e+00	  -4.9069031e+01	  -3.9657367e+01	   1.7630859e+02	  -2.7086970e+01	
   3.1200000e+00	  -4.9616432e+01	  -3.9718032e+01	   1.7617676e+02	  -2.5813409e+01	
   3.1300000e+00	  -4.9841257e+01	  -3.9780735e+01	   1.7360596e+02	  -2.4556289e+01	
   3.1400000e+00	  -4.9381832e+01	  -3.9842310e+01	   1.7015625e+02	  -2.3325898e+01	
   3.1500000e+00	  -4.9049481e+01	  -3.9901021e+01	   1.6547607e+02	  -2.2128674e+01	
   3.1600000e+00	  -4.9069031e+01	  -3.9958384e+01	   1.6661865e+02	  -2.0950028e+01	
   3.1700000e+00	  -4.9352507e+01	  -4.0016336e+01	   1.6154297e+02	  -1.9791082e+01	
   3.1800000e+00	  -4.9303631e+01	  -4.0074660e+01	   1.6154297e+02	  -1.8655291e+01	
   3.1900000e+00	  -4.9332957e+01	  -4.0132558e+01	   1.5303955e+02	  -1.7553245e+01	
   3.2000000e+00	  -4.8922406e+01	  -4.0188899e+01	   1.5207275e+02	  -1.6487760e+01	
   3.2100000e+00	  -4.9186331e+01	  -4.0244429e+01	   1.4539307e+02	  -1.5452895e+01	
   3.2200000e+00	  -4.9137456e+01	  -4.0300283e+01	   1.4528320e+02	  -1.4445776e+01	
   3.2300000e+00	  -4.8785556e+01	  -4.0354533e+01	   1.4414063e+02	  -1.3448887e+01	
   3.2400000e+00	  -4.9890132e+01	  -4.0410800e+01	   1.3704346e+02	  -1.2484048e+01	
   3.2500000e+00	  -4.9166781e+01	  -4.0467909e+01	   1.3647217e+02	  -1.1549267e+01	
   3.2600000e+00	  -4.9323182e+01	  -4.0522885e+01	   1.3449463e+02	  -1.0628324e+01	
   3.2700000e+00	  -4.9518682e+01	  -4.0578618e+01	   1.2563965e+02	  -9.7470737e+00	
   3.2800000e+00	  -5.0271357e+01	  -4.0636971e+01	   1.2291504e+02	  -8.9076080e+00	
   3.2900000e+00	  -4.9684857e+01	  -4.0695480e+01	   1.2139893e+02	  -8.0866812e+00	
   3.3000000e+00	  -4.9694632e+01	  -4.0751816e+01	   1.2161865e+02	  -7.2749563e+00	
   3.3100000e+00	  -4.9851032e+01	  -4.0808319e+01	   1.1570801e+02	  -6.4861382e+00	
   3.3200000e+00	  -4.9225431e+01	  -4.0862999e+01	   1.1531250e+02	  -5.7220104e+00	
   3.3300000e+00	  -4.9362282e+01	  -4.0915806e+01	   1.0896240e+02	  -4.9837943e+00	
   3.3400000e+00	  -4.9157006e+01	  -4.0968068e+01	   1.0669922e+02	  -4.2771768e+00	
   3.3500000e+00	  -4.9587107e+01	  -4.1020706e+01	   1.0628174e+02	  -3.5833804e+00	
   3.3600000e+00	  -4.9352507e+01	  -4.1073628e+01	   1.0215088e+02	  -2.9081740e+00	
   3.3700000e+00	  -4.8893081e+01	  -4.1124044e+01	   9.6350098e+01	  -2.2683003e+00	
   3.3800000e+00	  -4.8726906e+01	  -4.1172185e+01	   9.3999023e+01	  -1.6579642e+00	
   3.3900000e+00	  -4.9176556e+01	  -4.1220912e+01	   9.1691895e+01	  -1.0660393e+00	
   3.4000000e+00	  -4.9743507e+01	  -4.1272518e+01	   8.6682129e+01	  -5.0073674e-01	
   3.4100000e+00	  -4.9518682e+01	  -4.1324872e+01	   8.3298340e+01	   3.4738389e-02	
   3.4200000e+00	  -4.9655532e+01	  -4.1376623e+01	   8.1694336e+01	   5.5123896e-01	
   3.4300000e+00	  -4.9469807e+01	  -4.1427897e+01	   7.9101563e+01	   1.0513611e+00	
   3.4400000e+00	  -4.9567557e+01	  -4.1478574e+01	   7.6882324e+01	   1.5332806e+00	
   3.4500000e+00	  -4.9313406e+01	  -4.1528443e+01	   6.9499512e+01	   1.9821103e+00	
   3.4600000e+00	  -4.9137456e+01	  -4.1576654e+01	   7.0114746e+01	   2.4069342e+00	
   3.4700000e+00	  -4.8932181e+01	  -4.1623368e+01	   6.5566406e+01	   2.8167797e+00	
   3.4800000e+00	  -4.9420932e+01	  -4.1670678e+01	   6.0644531e+01	   3.1943996e+00	
   3.4900000e+00	  -4.9342732e+01	  -4.1718977e+01	   6.2006836e+01	   3.5585066e+00	
   3.5000000e+00	  -4.9372057e+01	  -4.1766820e+01	   5.5129395e+01	   3.9030608e+00	
   3.5100000e+00	  -4.9225431e+01	  -4.1813996e+01	   5.2250977e+01	   4.2149039e+00	
   3.5200000e+00	  -4.9049481e+01	  -4.1859867e+01	   4.7812500e+01	   4.5018789e+00	
   3.5300000e+00	  -4.9401382e+01	  -4.1906002e+01	   4.8251953e+01	   4.7745325e+00	
   3.5400000e+00	  -4.9225431e+01	  -4.1952398e+01	   4.4714355e+01	   5.0357756e+00	
   3.5500000e+00	  -4.8756231e+01	  -4.1996484e+01	   4.2692871e+01	   5.2779727e+00	
   3.5600000e+00	  -4.9215656e+01	  -4.2040262e+01	   3.9045410e+01	   5.5008990e+00	
   3.5700000e+00	  -4.9127681e+01	  -4.2084930e+01	   3.6804199e+01	   5.7039871e+00	
   3.5800000e+00	  -4.9157006e+01	  -4.2129134e+01	   3.2717285e+01	   5.8859849e+00	
   3.5900000e+00	  -4.9254756e+01	  -4.2173460e+01	   2.5927734e+01	   6.0327802e+00	
   3.6000000e+00	  -4.9880357e+01	  -4.2219773e+01	   2.3554688e+01	   6.1499610e+00	
   3.6100000e+00	  -4.9332957e+01	  -4.2266041e+01	   2.2631836e+01	   6.2560859e+00	
   3.6200000e+00	  -4.9772832e+01	  -4.2311682e+01	   1.9050293e+01	   6.3474393e+00	
   3.6300000e+00	  -4.9381832e+01	  -4.2357191e+01	   1.5468750e+01	   6.4157874e+00	
   3.6400000e+00	  -4.9166781e+01	  -4.2400516e+01	   1.5424805e+01	   6.4723533e+00	
   3.6500000e+00	  -4.8981056e+01	  -4.2442315e+01	   1.0217285e+01	   6.5121185e+00	
   3.6600000e+00	  -4.9078806e+01	  -4.2483577e+01	   8.1958008e+00	   6.5289951e+00	
   3.6700000e+00	  -4.8697581e+01	  -4.2523693e+01	   3.3618164e+00	   6.5242963e+00	
   3.6800000e+00	  -4.8521631e+01	  -4.2561812e+01	   1.7797852e+00	   6.4995335e+00	
   3.6900000e+00	  -4.9029931e+01	  -4.2600733e+01	  -8.5693359e-01	   6.4617136e+00	
   3.7000000e+00	  -4.9069031e+01	  -4.2641125e+01	  -4.5043945e+00	   6.4044501e+00	
   3.7100000e+00	  -4.8678031e+01	  -4.2680162e+01	  -7.4047852e+00	   6.3270389e+00	
   3.7200000e+00	  -4.8521631e+01	  -4.2717240e+01	  -9.9316406e+00	   6.2331157e+00	
   3.7300000e+00	  -4.9244981e+01	  -4.2755861e+01	  -1.4941406e+01	   6.1161779e+00	
   3.7400000e+00	  -4.8746456e+01	  -4.2794945e+01	  -1.2963867e+01	   5.9904763e+00	
   3.7500000e+00	  -4.9049481e+01	  -4.2833171e+01	  -1.7358398e+01	   5.8579926e+00	
   3.7600000e+00	  -4.9704407e+01	  -4.2874158e+01	  -2.1313477e+01	   5.7001897e+00	
   3.7700000e+00	  -4.8775781e+01	  -4.2914032e+01	  -2.6345215e+01	   5.5152306e+00	
   3.7800000e+00	  -4.9919457e+01	  -4.2954329e+01	  -2.7246094e+01	   5.3128504e+00	
   3.7900000e+00	  -4.8834431e+01	  -4.2994557e+01	  -3.0915527e+01	   5.0974248e+00	
   3.8000000e+00	  -4.8609606e+01	  -4.3030431e+01	  -3.4606934e+01	   4.8602960e+00	
   3.8100000e+00	  -4.9528457e+01	  -4.3068254e+01	  -3.7419434e+01	   4.6042838e+00	
   3.8200000e+00	  -4.9323182e+01	  -4.3108075e+01	  -4.0144043e+01	   4.3325342e+00	
   3.8300000e+00	  -4.9010381e+01	  -4.3146024e+01	  -4.1857910e+01	   4.0485865e+00	
   3.8400000e+00	  -4.9137456e+01	  -4.3183153e+01	  -4.4296875e+01	   3.7534116e+00	
   3.8500000e+00	  -4.8834431e+01	  -4.3219499e+01	  -4.8010254e+01	   3.4408178e+00	
   3.8600000e+00	  -4.8472756e+01	  -4.3253536e+01	  -5.1218262e+01	   3.1085058e+00	
   3.8700000e+00	  -4.9430707e+01	  -4.3289227e+01	  -5.4206543e+01	   2.7588700e+00	
   3.8800000e+00	  -4.9186331e+01	  -4.3326929e+01	  -5.7106934e+01	   2.3929822e+00	
   3.8900000e+00	  -4.9313406e+01	  -4.3364027e+01	  -6.0688477e+01	   2.0090862e+00	
   3.9000000e+00	  -4.9538232e+01	  -4.3401995e+01	  -6.4094238e+01	   1.6057122e+00	
   3.9100000e+00	  -4.9538232e+01	  -4.3440430e+01	  -6.6467285e+01	   1.1867669e+00	
   3.9200000e+00	  -4.8961506e+01	  -4.3476817e+01	  -6.9741211e+01	   7.5276061e-01	
   3.9300000e+00	  -4.9772832e+01	  -4.3513712e+01	  -7.2993164e+01	   3.0103527e-01	
   3.9400000e+00	  -4.9078806e+01	  -4.3550742e+01	  -7.5014648e+01	  -1.6437585e-01	
   3.9500000e+00	  -4.8863756e+01	  -4.3584694e+01	  -7.6354980e+01	  -6.3740027e-01	
   3.9600000e+00	  -4.9254756e+01	  -4.3618984e+01	  -8.1738281e+01	  -1.1285187e+00	
   3.9700000e+00	  -4.9274306e+01	  -4.3654345e+01	  -8.3452148e+01	  -1.6387877e+00	
   3.9800000e+00	  -4.9098356e+01	  -4.3688995e+01	  -8.6462402e+01	  -2.1606554e+00	
   3.9900000e+00	  -4.9059256e+01	  -4.3722754e+01	  -8.9296875e+01	  -2.6975587e+00	
   4.0000000e+00	  -4.8971281e+01	  -4.3755904e+01	  -9.2329102e+01	  -3.2494722e+00	
   4.0100000e+00	  -4.8326131e+01	  -4.3786550e+01	  -9.5097656e+01	  -3.8160954e+00	
   4.0200000e+00	  -4.8541181e+01	  -4.3815657e+01	  -9.7712402e+01	  -4.3960289e+00	
   4.0300000e+00	  -4.8560731e+01	  -4.3845317e+01	  -1.0089844e+02	  -4.9904965e+00	
   4.0400000e+00	  -4.8502081e+01	  -4.3874669e+01	  -1.0498535e+02	  -5.6040179e+00	
   4.0500000e+00	  -4.9078806e+01	  -4.3905459e+01	  -1.0775391e+02	  -6.2351662e+00	
   4.0600000e+00	  -4.9059256e+01	  -4.3937801e+01	  -1.1091797e+02	  -6.8809408e+00	
   4.0700000e+00	  -4.9606657e+01	  -4.3971594e+01	  -1.1399414e+02	  -7.5422135e+00	
   4.0800000e+00	  -4.8844206e+01	  -4.4004501e+01	  -1.1731201e+02	  -8.2193690e+00	
   4.0900000e+00	  -4.8531406e+01	  -4.4033835e+01	  -1.1909180e+02	  -8.9082477e+00	
   4.1000000e+00	  -4.9323182e+01	  -4.4064485e+01	  -1.2155273e+02	  -9.6060926e+00	
   4.1100000e+00	  -4.9078806e+01	  -4.4096658e+01	  -1.2570557e+02	  -1.0320279e+01	
   4.1200000e+00	  -4.9704407e+01	  -4.4129823e+01	  -1.2774902e+02	  -1.1049398e+01	
   4.1300000e+00	  -4.9196106e+01	  -4.4163148e+01	  -1.3128662e+02	  -1.1791428e+01	
   4.1400000e+00	  -4.8687806e+01	  -4.4193080e+01	  -1.3541748e+02	  -1.2552827e+01	
   4.1500000e+00	  -4.8707356e+01	  -4.4221294e+01	  -1.3658203e+02	  -1.3326040e+01	
   4.1600000e+00	  -4.8726906e+01	  -4.4249454e+01	  -1.4139404e+02	  -1.4113128e+01	
   4.1700000e+00	  -4.8981056e+01	  -4.4278295e+01	  -1.4475586e+02	  -1.4920884e+01	
   4.1800000e+00	  -4.9420932e+01	  -4.4309128e+01	  -1.4721680e+02	  -1.5741816e+01	
   4.1900000e+00	  -4.9049481e+01	  -4.4339983e+01	  -1.5005127e+02	  -1.6574190e+01	
   4.2000000e+00	  -4.9098356e+01	  -4.4369634e+01	  -1.5490723e+02	  -1.7425435e+01	
   4.2100000e+00	  -5.0290907e+01	  -4.4402987e+01	  -1.5600586e+02	  -1.8289997e+01	
   4.2200000e+00	  -4.9362282e+01	  -4.4436958e+01	  -1.5976318e+02	  -1.9164351e+01	
   4.2300000e+00	  -4.8951731e+01	  -4.4466522e+01	  -1.6321289e+02	  -2.0055800e+01	
   4.2400000e+00	  -4.8726906e+01	  -4.4493911e+01	  -1.6367432e+02	  -2.0953913e+01	
   4.2500000e+00	  -4.9352507e+01	  -4.4522384e+01	  -1.7105713e+02	  -2.1870968e+01	
   4.2600000e+00	  -4.8629156e+01	  -4.4550372e+01	  -1.7184814e+02	  -2.2807877e+01	
   4.2700000e+00	  -4.9186331e+01	  -4.4577665e+01	  -1.7778076e+02	  -2.3759974e+01	
   4.2800000e+00	  -4.8668256e+01	  -4.4604909e+01	  -1.7780273e+02	  -2.4724757e+01	
   4.2900000e+00	  -4.9215656e+01	  -4.4632074e+01	  -1.8000000e+02	  -2.5690446e+01	
   4.3000000e+00	  -4.8893081e+01	  -4.4659773e+01	  -1.8000000e+02	  -2.6656969e+01	
   4.3100000e+00	  -4.8785556e+01	  -4.4685952e+01	  -1.8000000e+02	  -2.7617437e+01	
   4.3200000e+00	  -4.9645757e+01	  -4.4714324e+01	  -1.1425781e+01	  -2.8043955e+01	
   4.3300000e+00	  -4.8834431e+01	  -4.4742671e+01	  -1.3271484e+01	  -2.7945647e+01	
   4.3400000e+00	  -4.9420932e+01	  -4.4770137e+01	   1.7756104e+02	  -2.7256092e+01	
   4.3500000e+00	  -4.9215656e+01	  -4.4798624e+01	   1.7512207e+02	  -2.5980853e+01	
   4.3600000e+00	  -4.9381832e+01	  -4.4826811e+01	   1.7668213e+02	  -2.4716353e+01	
   4.3700000e+00	  -4.8951731e+01	  -4.4853994e+01	   1.7490234e+02	  -2.3460462e+01	
   4.3800000e+00	  -4.9391607e+01	  -4.4881038e+01	   1.7088135e+02	  -2.2230603e+01	
   4.3900000e+00	  -4.9313406e+01	  -4.4909045e+01	   1.6732178e+02	  -2.1032189e+01	
   4.4000000e+00	  -4.9029931e+01	  -4.4935745e+01	   1.6250977e+02	  -1.9867499e+01	
   4.4100000e+00	  -4.9723957e+01	  -4.4963562e+01	   1.6246582e+02	  -1.8725311e+01	
   4.4200000e+00	  -4.9147231e+01	  -4.4991573e+01	   1.5712646e+02	  -1.7607137e+01	
   4.4300000e+00	  -4.9323182e+01	  -4.5018153e+01	   1.5130371e+02	  -1.6530923e+01	
   4.4400000e+00	  -4.9450257e+01	  -4.5045516e+01	   1.4917236e+02	  -1.5486361e+01	
   4.4500000e+00	  -4.9743507e+01	  -4.5074023e+01	   1.4662354e+02	  -1.4462999e+01	
   4.4600000e+00	  -4.9186331e+01	  -4.5101526e+01	   1.4614014e+02	  -1.3455543e+01	
   4.4700000e+00	  -4.9303631e+01	  -4.5127478e+01	   1.4163574e+02	  -1.2470018e+01	
   4.4800000e+00	  -4.9802157e+01	  -4.5155197e+01	   1.4165771e+02	  -1.1504703e+01	
   4.4900000e+00	  -5.0320232e+01	  -4.5185926e+01	   1.3469238e+02	  -1.0567179e+01	
   4.5000000e+00	  -4.9499132e+01	  -4.5215513e+01	   1.3258301e+02	  -9.6639482e+00	
   4.5100000e+00	  -4.9675082e+01	  -4.5242895e+01	   1.2834229e+02	  -8.7862612e+00	
   4.5200000e+00	  -4.9557782e+01	  -4.5270289e+01	   1.2256348e+02	  -7.9454506e+00	
   4.5300000e+00	  -4.9411157e+01	  -4.5296684e+01	   1.2245361e+02	  -7.1283482e+00	
   4.5400000e+00	  -4.9332957e+01	  -4.5322211e+01	   1.1674072e+02	  -6.3345994e+00	
   4.5500000e+00	  -4.9929232e+01	  -4.5349199e+01	   1.1355469e+02	  -5.5736915e+00	
   4.5600000e+00	  -4.9704407e+01	  -4.5377182e+01	   1.1206055e+02	  -4.8322068e+00	
   4.5700000e+00	  -4.8805106e+01	  -4.5401470e+01	   1.1109375e+02	  -4.1030735e+00	
   4.5800000e+00	  -4.9929232e+01	  -4.5426309e+01	   1.0746826e+02	  -3.3928891e+00	
   4.5900000e+00	  -4.9587107e+01	  -4.5453442e+01	   1.0564453e+02	  -2.7042186e+00	
   4.6000000e+00	  -4.9069031e+01	  -4.5477711e+01	   1.0215088e+02	  -2.0365144e+00	
   4.6100000e+00	  -5.0066082e+01	  -4.5503327e+01	   9.7250977e+01	  -1.3992791e+00	
   4.6200000e+00	  -4.9342732e+01	  -4.5529641e+01	   9.2416992e+01	  -7.9651927e-01	
   4.6300000e+00	  -4.9127681e+01	  -4.5552851e+01	   8.9780273e+01	  -2.2093137e-01	
   4.6400000e+00	  -4.9733732e+01	  -4.5577140e+01	   8.5605469e+01	   3.2971923e-01	
   4.6500000e+00	  -4.9176556e+01	  -4.5601430e+01	   8.7319336e+01	   8.6921374e-01	
   4.6600000e+00	  -4.9420932e+01	  -4.5624588e+01	   7.9584961e+01	   1.3864743e+00	
   4.6700000e+00	  -4.9567557e+01	  -4.5648826e+01	   7.9079590e+01	   1.8746900e+00	
   4.6800000e+00	  -4.9323182e+01	  -4.5672606e+01	   7.5827637e+01	   2.3480808e+00	
   4.6900000e+00	  -4.9635982e+01	  -4.5696451e+01	   6.9873047e+01	   2.7896737e+00	
   4.7000000e+00	  -4.9039706e+01	  -4.5719259e+01	   6.8291016e+01	   3.2048978e+00	
   4.7100000e+00	  -4.9684857e+01	  -4.5742077e+01	   6.2644043e+01	   3.5948815e+00	
   4.7200000e+00	  -4.9538232e+01	  -4.5766313e+01	   5.8359375e+01	   3.9513191e+00	
   4.7300000e+00	  -4.9733732e+01	  -4.5790551e+01	   5.7788086e+01	   4.2903163e+00	
   4.7400000e+00	  -4.9117906e+01	  -4.5813321e+01	   5.4667969e+01	   4.6156297e+00	
   4.7500000e+00	  -4.9508907e+01	  -4.5835244e+01	   5.5986328e+01	   4.9332627e+00	
   4.7600000e+00	  -4.9225431e+01	  -4.5857366e+01	   5.0185547e+01	   5.2348684e+00	
   4.7700000e+00	  -4.9782607e+01	  -4.5880207e+01	   4.5087891e+01	   5.5004536e+00	
   4.7800000e+00	  -4.9606657e+01	  -4.5904099e+01	   4.4824219e+01	   5.7475848e+00	
   4.7900000e+00	  -4.9029931e+01	  -4.5925484e+01	   4.0649414e+01	   5.9792679e+00	
   4.8000000e+00	  -4.9293856e+01	  -4.5945755e+01	   3.8386230e+01	   6.1893376e+00	
   4.8100000e+00	  -4.9372057e+01	  -4.5966971e+01	   3.4321289e+01	   6.3782733e+00	
   4.8200000e+00	  -4.9049481e+01	  -4.5987288e+01	   3.0849609e+01	   6.5424227e+00	
   4.8300000e+00	  -4.9196106e+01	  -4.6006928e+01	   3.1003418e+01	   6.6951532e+00	
   4.8400000e+00	  -4.9548007e+01	  -4.6028005e+01	   2.5180664e+01	   6.8291732e+00	
   4.8500000e+00	  -4.9401382e+01	  -4.6049594e+01	   2.2763672e+01	   6.9365488e+00	
   4.8600000e+00	  -4.9548007e+01	  -4.6071047e+01	   1.9006348e+01	   7.0239154e+00	
   4.8700000e+00	  -4.8912631e+01	  -4.6090835e+01	   2.0192871e+01	   7.1026836e+00	
   4.8800000e+00	  -4.9460032e+01	  -4.6110224e+01	   1.3491211e+01	   7.1636864e+00	
   4.8900000e+00	  -4.9508907e+01	  -4.6131359e+01	   1.0107422e+01	   7.1927218e+00	
   4.9000000e+00	  -4.9499132e+01	  -4.6152483e+01	   6.1083984e+00	   7.1984541e+00	
   4.9100000e+00	  -4.8824656e+01	  -4.6171333e+01	   2.3730469e+00	   7.1799282e+00	
   4.9200000e+00	  -4.9372057e+01	  -4.6189666e+01	   3.1860352e+00	   7.1523663e+00	
   4.9300000e+00	  -4.8961506e+01	  -4.6208314e+01	  -2.2192383e+00	   7.1105950e+00	
   4.9400000e+00	  -4.8961506e+01	  -4.6225558e+01	  -6.0205078e+00	   7.0402527e+00	
   4.9500000e+00	  -4.8834431e+01	  -4.6242297e+01	  -4.4165039e+00	   6.9634696e+00	
   4.9600000e+00	  -4.8775781e+01	  -4.6258349e+01	  -8.1738281e+00	   6.8804237e+00	
   4.9700000e+00	  -4.8726906e+01	  -4.6273964e+01	  -1.5556641e+01	   6.7630098e+00	
   4.9800000e+00	  -4.9362282e+01	  -4.6291318e+01	  -1.5139160e+01	   6.6245175e+00	
   4.9900000e+00	  -4.8619381e+01	  -4.6308227e+01	  -1.7336426e+01	   6.4813187e+00	
   5.0000000e+00	  -4.8971281e+01	  -4.6323805e+01	  -1.9885254e+01	   6.3241533e+00	
   5.0100000e+00	  -4.8609606e+01	  -4.6339254e+01	  -2.4104004e+01	   6.1467778e+00	
   5.0200000e+00	  -4.7426830e+01	  -4.6349771e+01	  -2.7553711e+01	   5.9464975e+00	
   5.0300000e+00	  -4.6351579e+01	  -4.6353149e+01	  -3.2871094e+01	   5.7200152e+00	
   5.0400000e+00	  -4.4738702e+01	  -4.6348088e+01	  -3.2431641e+01	   5.4796749e+00	
   5.0500000e+00	  -4.2998751e+01	  -4.6332559e+01	  -3.5222168e+01	   5.2334771e+00	
   5.0600000e+00	  -4.1855075e+01	  -4.6308096e+01	  -3.7551270e+01	   4.9727878e+00	
   5.0700000e+00	  -3.9685023e+01	  -4.6273408e+01	  -4.2626953e+01	   4.6905413e+00	
   5.0800000e+00	  -3.8727072e+01	  -4.6229141e+01	  -4.2604980e+01	   4.3942356e+00	
   5.0900000e+00	  -3.7554071e+01	  -4.6178478e+01	  -4.3967285e+01	   4.0955883e+00	
   5.1000000e+00	  -3.5970519e+01	  -4.6119500e+01	  -4.8032227e+01	   3.7818147e+00	
   5.1100000e+00	  -3.4162143e+01	  -4.6050268e+01	  -4.9328613e+01	   3.4532160e+00	
   5.1200000e+00	  -3.1151440e+01	  -4.5966378e+01	  -5.2119141e+01	   3.1138762e+00	
   5.1300000e+00	  -3.0428089e+01	  -4.5871319e+01	  -5.2844238e+01	   2.7656518e+00	
   5.1400000e+00	  -2.8238487e+01	  -4.5767732e+01	  -5.4140625e+01	   2.4132777e+00	
   5.1500000e+00	  -2.6654936e+01	  -4.5652978e+01	  -5.6250000e+01	   2.0524447e+00	
   5.1600000e+00	  -2.3673558e+01	  -4.5524646e+01	  -5.5063477e+01	   1.6909815e+00	
   5.1700000e+00	  -2.2617857e+01	  -4.5384475e+01	  -5.8007813e+01	   1.3262774e+00	
   5.1800000e+00	  -1.9245479e+01	  -4.5231314e+01	  -6.0424805e+01	   9.4706721e-01	
   5.1900000e+00	  -1.9460529e+01	  -4.5069225e+01	  -6.0644531e+01	   5.6197461e-01	
   5.2000000e+00	  -1.6567126e+01	  -4.4899762e+01	  -6.1831055e+01	   1.7489001e-01	
   5.2100000e+00	  -1.4289549e+01	  -4.4715167e+01	  -6.2028809e+01	  -2.1410531e-01	
   5.2200000e+00	  -1.2901498e+01	  -4.4520248e+01	  -6.2797852e+01	  -6.0369192e-01	
   5.2300000e+00	  -1.1581872e+01	  -4.4318071e+01	  -6.2116699e+01	  -9.9111360e-01	
   5.2400000e+00	  -1.0809646e+01	  -4.4110608e+01	  -6.4621582e+01	  -1.3818202e+00	
   5.2500000e+00	  -8.2974687e+00	  -4.3894159e+01	  -6.3918457e+01	  -1.7757222e+00	
   5.2600000e+00	  -6.2544918e+00	  -4.3664800e+01	  -6.4731445e+01	  -2.1675011e+00	
   5.2700000e+00	  -4.7882405e+00	  -4.3425888e+01	  -6.3764648e+01	  -2.5563443e+00	
   5.2800000e+00	  -4.3679151e+00	  -4.3182563e+01	  -6.3830566e+01	  -2.9399307e+00	
   5.2900000e+00	  -1.2985622e+00	  -4.2929834e+01	  -6.5654297e+01	  -3.3270324e+00	
   5.3000000e+00	  -1.4256374e+00	  -4.2669473e+01	  -6.5610352e+01	  -3.7172834e+00	
   5.3100000e+00	  -7.9026178e-01	  -4.2409152e+01	  -6.4006348e+01	  -4.0999290e+00	
   5.3200000e+00	   2.1617909e+00	  -4.2139225e+01	  -6.4709473e+01	  -4.4773566e+00	
   5.3300000e+00	   1.3700152e+00	  -4.1864224e+01	  -6.3896484e+01	  -4.8520761e+00	
   5.3400000e+00	   2.0347158e+00	  -4.1591344e+01	  -6.4160156e+01	  -5.2227282e+00	
   5.3500000e+00	   2.7385165e+00	  -4.1315887e+01	  -6.4313965e+01	  -5.5923661e+00	
   5.3600000e+00	   2.8558166e+00	  -4.1039583e+01	  -6.4094238e+01	  -5.9594824e+00	
   5.3700000e+00	   5.1040687e+00	  -4.0757602e+01	  -6.3544922e+01	  -6.3218908e+00	
   5.3800000e+00	   6.7951452e+00	  -4.0465050e+01	  -6.1984863e+01	  -6.6754231e+00	
   5.3900000e+00	   5.8078693e+00	  -4.0172127e+01	  -6.2204590e+01	  -7.0225435e+00	
   5.4000000e+00	   7.2936707e+00	  -3.9879476e+01	  -6.1589355e+01	  -7.3662511e+00	
   5.4100000e+00	   9.7080979e+00	  -3.9576445e+01	  -5.9040527e+01	  -7.6978967e+00	
   5.4200000e+00	   9.1997974e+00	  -3.9269341e+01	  -6.0227051e+01	  -8.0231986e+00	
   5.4300000e+00	   9.7862980e+00	  -3.8963917e+01	  -6.0974121e+01	  -8.3525186e+00	
   5.4400000e+00	   1.1780400e+01	  -3.8652323e+01	  -5.5261230e+01	  -8.6642241e+00	
   5.4500000e+00	   1.2425550e+01	  -3.8334416e+01	  -5.8996582e+01	  -8.9677840e+00	
   5.4600000e+00	   1.4224152e+01	  -3.8010847e+01	  -5.6118164e+01	  -9.2721263e+00	
   5.4700000e+00	   1.5113678e+01	  -3.7680886e+01	  -5.5546875e+01	  -9.5637586e+00	
   5.4800000e+00	   1.5064803e+01	  -3.7350358e+01	  -5.5590820e+01	  -9.8519128e+00	
   5.4900000e+00	   1.5582878e+01	  -3.7020432e+01	  -5.4602051e+01	  -1.0135303e+01	
   5.5000000e+00	   1.6716779e+01	  -3.6687399e+01	  -5.1613770e+01	  -1.0404463e+01	
   5.5100000e+00	   1.6619029e+01	  -3.6353206e+01	  -5.2294922e+01	  -1.0664712e+01	
   5.5200000e+00	   1.9062782e+01	  -3.6013760e+01	  -5.0690918e+01	  -1.0920441e+01	
   5.5300000e+00	   1.9786132e+01	  -3.5666521e+01	  -4.8603516e+01	  -1.1163007e+01	
   5.5400000e+00	   1.9258282e+01	  -3.5320845e+01	  -4.8801270e+01	  -1.1398136e+01	
   5.5500000e+00	   2.1037333e+01	  -3.4973415e+01	  -4.4165039e+01	  -1.1617892e+01	
   5.5600000e+00	   2.1917084e+01	  -3.4619835e+01	  -4.5087891e+01	  -1.1824642e+01	
   5.5700000e+00	   2.2474260e+01	  -3.4263970e+01	  -4.2714844e+01	  -1.2025556e+01	
   5.5800000e+00	   2.3940511e+01	  -3.3903996e+01	  -4.2604980e+01	  -1.2217435e+01	
   5.5900000e+00	   2.2024609e+01	  -3.3547686e+01	  -4.1572266e+01	  -1.2404534e+01	
   5.6000000e+00	   2.3657036e+01	  -3.3194495e+01	  -3.9221191e+01	  -1.2579864e+01	
   5.6100000e+00	   2.4116461e+01	  -3.2836965e+01	  -3.7265625e+01	  -1.2740608e+01	
   5.6200000e+00	   2.5318787e+01	  -3.2476470e+01	  -3.6210938e+01	  -1.2890918e+01	
   5.6300000e+00	   2.6452688e+01	  -3.2110916e+01	  -3.6738281e+01	  -1.3038635e+01	
   5.6400000e+00	   2.7439964e+01	  -3.1741010e+01	  -3.2211914e+01	  -1.3172903e+01	
   5.6500000e+00	   2.6648189e+01	  -3.1372808e+01	  -3.1003418e+01	  -1.3288370e+01	
   5.6600000e+00	   2.6726389e+01	  -3.1009147e+01	  -3.2431641e+01	  -1.3403802e+01	
   5.6700000e+00	   2.7938490e+01	  -3.0643722e+01	  -2.9047852e+01	  -1.3512386e+01	
   5.6800000e+00	   2.8749815e+01	  -3.0274250e+01	  -2.4411621e+01	  -1.3595173e+01	
   5.6900000e+00	   3.0958967e+01	  -2.9897633e+01	  -2.3972168e+01	  -1.3661546e+01	
   5.7000000e+00	   2.9258116e+01	  -2.9521782e+01	  -2.2785645e+01	  -1.3722411e+01	
   5.7100000e+00	   3.0196517e+01	  -2.9150674e+01	  -2.3334961e+01	  -1.3780899e+01	
   5.7200000e+00	   3.0294267e+01	  -2.8778645e+01	  -1.7380371e+01	  -1.3822093e+01	
   5.7300000e+00	   3.0988293e+01	  -2.8406467e+01	  -1.4875488e+01	  -1.3836535e+01	
   5.7400000e+00	   3.2777119e+01	  -2.8028844e+01	  -1.6347656e+01	  -1.3847653e+01	
   5.7500000e+00	   3.2816219e+01	  -2.7647861e+01	  -1.4062500e+01	  -1.3856156e+01	
   5.7600000e+00	   3.2395894e+01	  -2.7270459e+01	  -8.2397461e+00	  -1.3839213e+01	
   5.7700000e+00	   3.2092869e+01	  -2.6897686e+01	  -7.7343750e+00	  -1.3802557e+01	
   5.7800000e+00	   3.3617770e+01	  -2.6523422e+01	  -6.7675781e+00	  -1.3761521e+01	
   5.7900000e+00	   3.4673471e+01	  -2.6143419e+01	  -3.6035156e+00	  -1.3707806e+01	
   5.8000000e+00	   3.3080144e+01	  -2.5767481e+01	  -1.4721680e+00	  -1.3637842e+01	
   5.8100000e+00	   3.4067420e+01	  -2.5395795e+01	  -5.7128906e-01	  -1.3558821e+01	
   5.8200000e+00	   3.5250196e+01	  -2.5019642e+01	  -3.9550781e-01	  -1.3476923e+01	
   5.8300000e+00	   3.3725295e+01	  -2.4646915e+01	   5.2075195e+00	  -1.3377439e+01	
   5.8400000e+00	   3.5924672e+01	  -2.4274411e+01	   5.7128906e+00	  -1.3259449e+01	
   5.8500000e+00	   3.4956946e+01	  -2.3900383e+01	   7.3168945e+00	  -1.3135592e+01	
   5.8600000e+00	   3.5582547e+01	  -2.3529770e+01	   1.3557129e+01	  -1.2987944e+01	
   5.8700000e+00	   3.6745773e+01	  -2.3155875e+01	   1.6215820e+01	  -1.2813352e+01	
   5.8800000e+00	   3.8251124e+01	  -2.2775965e+01	   1.4216309e+01	  -1.2637789e+01	
   5.8900000e+00	   3.6872848e+01	  -2.2398036e+01	   1.6940918e+01	  -1.2461055e+01	
   5.9000000e+00	   3.5826922e+01	  -2.2030067e+01	   2.0280762e+01	  -1.2266435e+01	
   5.9100000e+00	   3.6315672e+01	  -2.1666148e+01	   2.2060547e+01	  -1.2057001e+01	
   5.9200000e+00	   3.7312723e+01	  -2.1299854e+01	   2.5422363e+01	  -1.1832776e+01	
   5.9300000e+00	   3.7801474e+01	  -2.0931202e+01	   2.5576172e+01	  -1.1598946e+01	
   5.9400000e+00	   3.8084949e+01	  -2.0562441e+01	   3.0146484e+01	  -1.1351786e+01	
   5.9500000e+00	   3.9453450e+01	  -2.0190815e+01	   3.1926270e+01	  -1.1086286e+01	
   5.9600000e+00	   3.9169975e+01	  -1.9818119e+01	   3.5617676e+01	  -1.0805315e+01	
   5.9700000e+00	   4.0235451e+01	  -1.9445309e+01	   3.7749023e+01	  -1.0507868e+01	
   5.9800000e+00	   3.8896275e+01	  -1.9075691e+01	   4.0407715e+01	  -1.0197284e+01	
   5.9900000e+00	   4.1183627e+01	  -1.8705418e+01	   4.6647949e+01	  -9.8607749e+00	
   6.0000000e+00	   3.9121100e+01	  -1.8336761e+01	   4.6625977e+01	  -9.5068997e+00	
   6.0100000e+00	   3.9727151e+01	  -1.7974974e+01	   4.8054199e+01	  -9.1508370e+00	
   6.0200000e+00	   3.9658726e+01	  -1.7613769e+01	   5.0844727e+01	  -8.7837923e+00	
   6.0300000e+00	   3.9160200e+01	  -1.7256603e+01	   5.5349121e+01	  -8.3962007e+00	
   6.0400000e+00	   3.9521875e+01	  -1.6902102e+01	   5.5744629e+01	  -7.9956914e+00	
   6.0500000e+00	   4.0646001e+01	  -1.6545168e+01	   6.0600586e+01	  -7.5812444e+00	
   6.0600000e+00	   4.0000851e+01	  -1.6188970e+01	   6.1083984e+01	  -7.1526717e+00	
   6.0700000e+00	   4.1721252e+01	  -1.5831636e+01	   6.4006348e+01	  -6.7161173e+00	
   6.0800000e+00	   4.2102478e+01	  -1.5469958e+01	   6.9147949e+01	  -6.2570428e+00	
   6.0900000e+00	   4.1515977e+01	  -1.5111188e+01	   7.2465820e+01	  -5.7743507e+00	
   6.1000000e+00	   4.2249103e+01	  -1.4754206e+01	   7.6333008e+01	  -5.2721801e+00	
   6.1100000e+00	   4.2992004e+01	  -1.4394837e+01	   7.2224121e+01	  -4.7739117e+00	
   6.1200000e+00	   4.2346853e+01	  -1.4037414e+01	   8.1826172e+01	  -4.2615610e+00	
   6.1300000e+00	   4.3949954e+01	  -1.3679229e+01	   7.8332520e+01	  -3.7332893e+00	
   6.1400000e+00	   4.2063378e+01	  -1.3324175e+01	   8.3034668e+01	  -3.2045418e+00	
   6.1500000e+00	   4.2385953e+01	  -1.2976243e+01	   8.7407227e+01	  -2.6506862e+00	
   6.1600000e+00	   4.4585330e+01	  -1.2622593e+01	   9.1779785e+01	  -2.0729121e+00	
   6.1700000e+00	   4.4018380e+01	  -1.2266045e+01	   9.3669434e+01	  -1.4791451e+00	
   6.1800000e+00	   4.2200228e+01	  -1.1919200e+01	   9.7031250e+01	  -8.7265085e-01	
   6.1900000e+00	   4.3588279e+01	  -1.1575874e+01	   9.3120117e+01	  -2.7167573e-01	
   6.2000000e+00	   4.2552128e+01	  -1.1233597e+01	   9.8898926e+01	   3.3138429e-01	
   6.2100000e+00	   4.4096580e+01	  -1.0891872e+01	   1.0489746e+02	   9.6755089e-01	
   6.2200000e+00	   4.4898130e+01	  -1.0544940e+01	   1.0617188e+02	   1.6225100e+00	
   6.2300000e+00	   4.5162056e+01	  -1.0196844e+01	   1.0867676e+02	   2.2852026e+00	
   6.2400000e+00	   4.5670356e+01	  -9.8485099e+00	   1.1102783e+02	   2.9589522e+00	
   6.2500000e+00	   4.4174780e+01	  -9.5054497e+00	   1.1395020e+02	   3.6449968e+00	
   6.2600000e+00	   4.4125905e+01	  -9.1693751e+00	   1.1601563e+02	   4.3423650e+00	
   6.2700000e+00	   4.4448480e+01	  -8.8345484e+00	   1.2157471e+02	   5.0592434e+00	
   6.2800000e+00	   4.4800380e+01	  -8.4997065e+00	   1.2680420e+02	   5.8054189e+00	
   6.2900000e+00	   4.6393707e+01	  -8.1608700e+00	   1.2755127e+02	   6.5656378e+00	
   6.3000000e+00	   4.5279356e+01	  -7.8226558e+00	   1.3053955e+02	   7.3327933e+00	
   6.3100000e+00	   4.6364382e+01	  -7.4866518e+00	   1.3104492e+02	   8.1060851e+00	
   6.3200000e+00	   4.5621481e+01	  -7.1516809e+00	   1.3618652e+02	   8.8922183e+00	
   6.3300000e+00	   4.7977258e+01	  -6.8137569e+00	   1.3743896e+02	   9.6934521e+00	
   6.3400000e+00	   4.5181606e+01	  -6.4793272e+00	   1.4572266e+02	   1.0519532e+01	
   6.3500000e+00	   4.6168882e+01	  -6.1526555e+00	   1.5020508e+02	   1.1380419e+01	
   6.3600000e+00	   4.6657632e+01	  -5.8234074e+00	   1.4860107e+02	   1.2244928e+01	
   6.3700000e+00	   4.6207982e+01	  -5.4960992e+00	   1.5167725e+02	   1.3108632e+01	
   6.3800000e+00	   4.6579432e+01	  -5.1710859e+00	   1.5055664e+02	   1.3973051e+01	
   6.3900000e+00	   4.5279356e+01	  -4.8510166e+00	   1.5708252e+02	   1.4848984e+01	
   6.4000000e+00	   4.6716282e+01	  -4.5325234e+00	   1.6314697e+02	   1.5758860e+01	
   6.4100000e+00	   4.6598982e+01	  -4.2118924e+00	   1.6417969e+02	   1.6685264e+01	
   6.4200000e+00	   4.8162983e+01	  -3.8887390e+00	   1.6686035e+02	   1.7617495e+01	
   6.4300000e+00	   4.6833582e+01	  -3.5668749e+00	   1.6628906e+02	   1.8550492e+01	
   6.4400000e+00	   4.6022256e+01	  -3.2537311e+00	   1.7439697e+02	   1.9501249e+01	
   6.4500000e+00	   4.6657632e+01	  -2.9430997e+00	   1.7729736e+02	   2.0480526e+01	
   6.4600000e+00	   4.6862907e+01	  -2.6317813e+00	   1.7586914e+02	   2.1458280e+01	
   6.4700000e+00	   4.6882457e+01	  -2.3217086e+00	   1.7501221e+02	   2.2422753e+01	
   6.4800000e+00	   4.7488508e+01	  -2.0116189e+00	  -1.3666992e+01	   2.2787603e+01	
   6.4900000e+00	   4.8348709e+01	  -1.6988795e+00	  -1.3227539e+01	   2.2560645e+01	
   6.5000000e+00	   4.6667407e+01	  -1.3906705e+00	  -1.8000000e+02	   2.1814192e+01	
   6.5100000e+00	   4.6941107e+01	  -1.0888002e+00	  -1.8000000e+02	   2.0550123e+01	
   6.5200000e+00	   4.7664458e+01	  -7.8569813e-01	  -1.8000000e+02	   1.9293972e+01	
   6.5300000e+00	   4.6941107e+01	  -4.8449456e-01	  -1.7874756e+02	   1.8049611e+01	
   6.5400000e+00	   4.8026133e+01	  -1.8404491e-01	  -1.7560547e+02	   1.6826807e+01	
   6.5500000e+00	   4.8035908e+01	   1.1795153e-01	  -1.7235352e+02	   1.5631686e+01	
   6.5600000e+00	   4.7732883e+01	   4.1713801e-01	  -1.6800293e+02	   1.4467860e+01	
   6.5700000e+00	   4.6139556e+01	   7.0851160e-01	  -1.6767334e+02	   1.3325981e+01	
   6.5800000e+00	   4.7625358e+01	   9.9772342e-01	  -1.6951904e+02	   1.2186507e+01	
   6.5900000e+00	   4.7742658e+01	   1.2901443e+00	  -1.6114746e+02	   1.1074607e+01	
   6.6000000e+00	   4.7244132e+01	   1.5795397e+00	  -1.5666504e+02	   1.0009927e+01	
   6.6100000e+00	   4.7859958e+01	   1.8674898e+00	  -1.5677490e+02	   8.9656093e+00	
   6.6200000e+00	   4.8338934e+01	   2.1570649e+00	  -1.5284180e+02	   7.9398065e+00	
   6.6300000e+00	   4.8162983e+01	   2.4457754e+00	  -1.4980957e+02	   6.9422425e+00	
   6.6400000e+00	   4.9511935e+01	   2.7363510e+00	  -1.4504150e+02	   5.9753555e+00	
   6.6500000e+00	   4.7332108e+01	   3.0225045e+00	  -1.4405273e+02	   5.0325537e+00	
   6.6600000e+00	   4.7791533e+01	   3.3014777e+00	  -1.4053711e+02	   4.1097639e+00	
   6.6700000e+00	   4.6471907e+01	   3.5760097e+00	  -1.3816406e+02	   3.2111959e+00	
   6.6800000e+00	   4.6374157e+01	   3.8443833e+00	  -1.3431885e+02	   2.3377303e+00	
   6.6900000e+00	   4.8211858e+01	   4.1165250e+00	  -1.3135254e+02	   1.4910677e+00	
   6.7000000e+00	   4.6872682e+01	   4.3885233e+00	  -1.2950684e+02	   6.6477828e-01	
   6.7100000e+00	   4.6921557e+01	   4.6547771e+00	  -1.2550781e+02	  -1.3803133e-01	
   6.7200000e+00	   4.8446459e+01	   4.9242920e+00	  -1.2150879e+02	  -9.1076452e-01	
   6.7300000e+00	   4.7351658e+01	   5.1934656e+00	  -1.1898193e+02	  -1.6582202e+00	
   6.7400000e+00	   4.7566708e+01	   5.4581982e+00	  -1.1605957e+02	  -2.3839284e+00	
   6.7500000e+00	   4.9267559e+01	   5.7272727e+00	  -1.1197266e+02	  -3.0831398e+00	
   6.7600000e+00	   4.8896109e+01	   5.9988252e+00	  -1.0931396e+02	  -3.7568460e+00	
   6.7700000e+00	   4.7400533e+01	   6.2628298e+00	  -1.0676514e+02	  -4.4100237e+00	
   6.7800000e+00	   4.6941107e+01	   6.5190581e+00	  -1.0447998e+02	  -5.0439713e+00	
   6.7900000e+00	   4.8192308e+01	   6.7761612e+00	  -1.0140381e+02	  -5.6571577e+00	
   6.8000000e+00	   4.8026133e+01	   7.0350520e+00	  -9.8767090e+01	  -6.2486120e+00	
   6.8100000e+00	   4.8309608e+01	   7.2926886e+00	  -9.5581055e+01	  -6.8181262e+00	
   6.8200000e+00	   4.7996808e+01	   7.5486196e+00	  -9.3076172e+01	  -7.3662506e+00	
   6.8300000e+00	   4.7957708e+01	   7.8018456e+00	  -9.0395508e+01	  -7.8947019e+00	
   6.8400000e+00	   4.7165932e+01	   8.0508833e+00	  -8.7451172e+01	  -8.4022271e+00	
   6.8500000e+00	   4.8417134e+01	   8.2998000e+00	  -8.4990234e+01	  -8.8896454e+00	
   6.8600000e+00	   4.8671284e+01	   8.5518720e+00	  -8.1496582e+01	  -9.3553623e+00	
   6.8700000e+00	   4.6550107e+01	   8.7965181e+00	  -7.8398438e+01	  -9.7975182e+00	
   6.8800000e+00	   4.8378034e+01	   9.0387134e+00	  -7.4992676e+01	  -1.0216536e+01	
   6.8900000e+00	   4.9511935e+01	   9.2886674e+00	  -7.2355957e+01	  -1.0614006e+01	
   6.9000000e+00	   4.6774932e+01	   9.5320354e+00	  -7.0268555e+01	  -1.0994191e+01	
   6.9100000e+00	   4.7244132e+01	   9.7667767e+00	  -6.8027344e+01	  -1.1358439e+01	
   6.9200000e+00	   4.7576483e+01	   1.0002558e+01	  -6.4291992e+01	  -1.1701688e+01	
   6.9300000e+00	   4.9345759e+01	   1.0243444e+01	  -6.0754395e+01	  -1.2020010e+01	
   6.9400000e+00	   4.6598982e+01	   1.0479761e+01	  -5.9238281e+01	  -1.2320511e+01	
   6.9500000e+00	   4.8270508e+01	   1.0711229e+01	  -5.3920898e+01	  -1.2597729e+01	
   6.9600000e+00	   4.8426909e+01	   1.0946973e+01	  -5.0339355e+01	  -1.2845341e+01	
   6.9700000e+00	   4.8241183e+01	   1.1181148e+01	  -4.9833984e+01	  -1.3078603e+01	
   6.9800000e+00	   4.8954759e+01	   1.1415509e+01	  -4.7526855e+01	  -1.3301596e+01	
   6.9900000e+00	   4.7908833e+01	   1.1647361e+01	  -4.1945801e+01	  -1.3498488e+01	
   7.0000000e+00	   4.8827684e+01	   1.1877364e+01	  -4.1923828e+01	  -1.3676600e+01	
   7.0100000e+00	   4.8358484e+01	   1.2107334e+01	  -3.9111328e+01	  -1.3844719e+01	
   7.0200000e+00	   4.8290058e+01	   1.2334180e+01	  -3.4694824e+01	  -1.3989146e+01	
   7.0300000e+00	   4.6843357e+01	   1.2554860e+01	  -3.3046875e+01	  -1.4113676e+01	
   7.0400000e+00	   4.8250958e+01	   1.2774035e+01	  -2.8916016e+01	  -1.4219327e+01	
   7.0500000e+00	   4.8671284e+01	   1.2997562e+01	  -2.5246582e+01	  -1.4299889e+01	
   7.0600000e+00	   4.8407359e+01	   1.3220179e+01	  -2.4125977e+01	  -1.4364944e+01	
   7.0700000e+00	   4.8426909e+01	   1.3440636e+01	  -2.1928711e+01	  -1.4419201e+01	
   7.0800000e+00	   4.7723108e+01	   1.3657569e+01	  -1.7270508e+01	  -1.4451649e+01	
   7.0900000e+00	   4.8250958e+01	   1.3872593e+01	  -1.3842773e+01	  -1.4458570e+01	
   7.1000000e+00	   4.7439633e+01	   1.4085382e+01	  -9.6899414e+00	  -1.4441707e+01	
   7.1100000e+00	   4.8593084e+01	   1.4297909e+01	  -1.0107422e+01	  -1.4413252e+01	
   7.1200000e+00	   4.8338934e+01	   1.4511922e+01	  -6.8994141e+00	  -1.4376236e+01	
   7.1300000e+00	   4.7165932e+01	   1.4720125e+01	  -1.2744141e+00	  -1.4311788e+01	
   7.1400000e+00	   4.8270508e+01	   1.4926810e+01	  -2.4389648e+00	  -1.4233775e+01	
   7.1500000e+00	   4.7742658e+01	   1.5134006e+01	   3.7792969e+00	  -1.4140424e+01	
   7.1600000e+00	   4.9502160e+01	   1.5343761e+01	   4.9658203e+00	  -1.4024467e+01	
   7.1700000e+00	   4.7117057e+01	   1.5550244e+01	   6.4379883e+00	  -1.3900911e+01	
   7.1800000e+00	   4.8378034e+01	   1.5751913e+01	   1.3381348e+01	  -1.3751773e+01	
   7.1900000e+00	   4.6530557e+01	   1.5950481e+01	   1.5095215e+01	  -1.3576456e+01	
   7.2000000e+00	   4.9130709e+01	   1.6150164e+01	   1.9204102e+01	  -1.3384002e+01	
   7.2100000e+00	   4.8211858e+01	   1.6353861e+01	   2.2785645e+01	  -1.3168669e+01	
   7.2200000e+00	   4.6677182e+01	   1.6548598e+01	   2.3247070e+01	  -1.2942023e+01	
   7.2300000e+00	   4.8729934e+01	   1.6743738e+01	   3.0014648e+01	  -1.2694157e+01	
   7.2400000e+00	   4.9912710e+01	   1.6947788e+01	   3.3112793e+01	  -1.2416947e+01	
   7.2500000e+00	   4.7644908e+01	   1.7147163e+01	   3.3728027e+01	  -1.2129843e+01	
   7.2600000e+00	   4.9101384e+01	   1.7342748e+01	   3.9309082e+01	  -1.1825133e+01	
   7.2700000e+00	   4.9511935e+01	   1.7542955e+01	   4.2407227e+01	  -1.1495149e+01	
   7.2800000e+00	   4.8290058e+01	   1.7739367e+01	   4.5461426e+01	  -1.1147965e+01	
   7.2900000e+00	   4.9150259e+01	   1.7933416e+01	   4.3681641e+01	  -1.0798965e+01	
   7.3000000e+00	   4.7957708e+01	   1.8125208e+01	   5.0405273e+01	  -1.0436667e+01	
   7.3100000e+00	   4.8368259e+01	   1.8313351e+01	   5.2470703e+01	  -1.0049113e+01	
   7.3200000e+00	   4.8749484e+01	   1.8502795e+01	   5.4667969e+01	  -9.6506372e+00	
   7.3300000e+00	   4.7596033e+01	   1.8688633e+01	   5.7392578e+01	  -9.2392430e+00	
   7.3400000e+00	   4.8671284e+01	   1.8873063e+01	   6.3325195e+01	  -8.8033131e+00	
   7.3500000e+00	   4.8749484e+01	   1.9059950e+01	   6.2358398e+01	  -8.3545619e+00	
   7.3600000e+00	   4.8817909e+01	   1.9246125e+01	   6.4226074e+01	  -7.9058002e+00	
   7.3700000e+00	   4.6393707e+01	   1.9423757e+01	   7.1938477e+01	  -7.4298467e+00	
   7.3800000e+00	   4.7801308e+01	   1.9597092e+01	   7.3125000e+01	  -6.9290050e+00	
   7.3900000e+00	   4.8524659e+01	   1.9776016e+01	   8.0529785e+01	  -6.4043944e+00	
   7.4000000e+00	   4.9169809e+01	   1.9958104e+01	   8.0419922e+01	  -5.8602238e+00	
   7.4100000e+00	   4.7224582e+01	   2.0134981e+01	   8.2705078e+01	  -5.3126491e+00	
   7.4200000e+00	   4.9736760e+01	   2.0312525e+01	   8.8923340e+01	  -4.7418734e+00	
   7.4300000e+00	   4.7703558e+01	   2.0490457e+01	   8.9450684e+01	  -4.1535472e+00	
   7.4400000e+00	   4.8143433e+01	   2.0662284e+01	   9.3669434e+01	  -3.5540423e+00	
   7.4500000e+00	   4.9912710e+01	   2.0839954e+01	   9.4196777e+01	  -2.9434288e+00	
   7.4600000e+00	   4.8788584e+01	   2.1018532e+01	   9.9360352e+01	  -2.3188172e+00	
   7.4700000e+00	   4.7664458e+01	   2.1188950e+01	   1.0735840e+02	  -1.6568988e+00	
   7.4800000e+00	   4.9795410e+01	   2.1361453e+01	   1.0590820e+02	  -9.7862010e-01	
   7.4900000e+00	   4.8524659e+01	   2.1535571e+01	   1.0797363e+02	  -3.0266300e-01	
   7.5000000e+00	   4.8974309e+01	   2.1706026e+01	   1.1326904e+02	   3.9211263e-01	
   7.5100000e+00	   4.7077957e+01	   2.1870882e+01	   1.1458740e+02	   1.1032493e+00	
   7.5200000e+00	   4.8671284e+01	   2.2033758e+01	   1.2192627e+02	   1.8370441e+00	
   7.5300000e+00	   4.9814960e+01	   2.2204184e+01	   1.1911377e+02	   2.5804183e+00	
   7.5400000e+00	   4.8182533e+01	   2.2372013e+01	   1.2451904e+02	   3.3272563e+00	
   7.5500000e+00	   4.8338934e+01	   2.2534167e+01	   1.3183594e+02	   4.1092593e+00	
   7.5600000e+00	   4.8221633e+01	   2.2695429e+01	   1.3130859e+02	   4.9076275e+00	
   7.5700000e+00	   4.8553984e+01	   2.2856354e+01	   1.3664795e+02	   5.7160651e+00	
   7.5800000e+00	   4.8446459e+01	   2.3016975e+01	   1.3989990e+02	   6.5463451e+00	
   7.5900000e+00	   4.9521710e+01	   2.3179621e+01	   1.4143799e+02	   7.3864258e+00	
   7.6000000e+00	   4.8710384e+01	   2.3342074e+01	   1.4088867e+02	   8.2243412e+00	
   7.6100000e+00	   4.6950882e+01	   2.3495459e+01	   1.4958984e+02	   9.0825381e+00	
   7.6200000e+00	   4.8290058e+01	   2.3646567e+01	   1.5295166e+02	   9.9731380e+00	
   7.6300000e+00	   4.8641959e+01	   2.3802024e+01	   1.5488525e+02	   1.0874744e+01	
   7.6400000e+00	   5.0743586e+01	   2.3964192e+01	   1.5853271e+02	   1.1788180e+01	
   7.6500000e+00	   4.8123883e+01	   2.4123721e+01	   1.5956543e+02	   1.2710553e+01	
   7.6600000e+00	   4.9140484e+01	   2.4277230e+01	   1.6220215e+02	   1.3638641e+01	
   7.6700000e+00	   4.8886334e+01	   2.4432166e+01	   1.6969482e+02	   1.4592638e+01	
   7.6800000e+00	   4.9394634e+01	   2.4586927e+01	   1.6967285e+02	   1.5564056e+01	
   7.6900000e+00	   4.9150259e+01	   2.4741546e+01	   1.7360596e+02	   1.6541638e+01	
   7.7000000e+00	   4.9189359e+01	   2.4894553e+01	   1.7652832e+02	   1.7534567e+01	
   7.7100000e+00	   4.9746535e+01	   2.5048469e+01	   1.7692383e+02	   1.8531668e+01	
   7.7200000e+00	   4.8944984e+01	   2.5200656e+01	   1.7343018e+02	   1.9512820e+01	
   7.7300000e+00	   4.7596033e+01	   2.5345154e+01	  -1.3513184e+01	   1.9891423e+01	
   7.7400000e+00	   4.7752433e+01	   2.5485013e+01	  -1.8000000e+02	   1.9160795e+01	
   7.7500000e+00	   5.0235285e+01	   2.5632262e+01	  -1.8000000e+02	   1.7913346e+01	
   7.7600000e+00	   4.8964534e+01	   2.5782384e+01	  -1.8000000e+02	   1.6673710e+01	
   7.7700000e+00	   4.8993859e+01	   2.5927677e+01	  -1.8000000e+02	   1.5441839e+01	
   7.7800000e+00	   4.8925434e+01	   2.6071939e+01	  -1.7896729e+02	   1.4220917e+01	
   7.7900000e+00	   4.9492385e+01	   2.6216858e+01	  -1.7617676e+02	   1.3019617e+01	
   7.8000000e+00	   5.0616511e+01	   2.6366165e+01	  -1.7213379e+02	   1.1847242e+01	
   7.8100000e+00	   4.8915659e+01	   2.6512731e+01	  -1.6848633e+02	   1.0706294e+01	
   7.8200000e+00	   4.9287109e+01	   2.6654216e+01	  -1.6896973e+02	   9.5824022e+00	
   7.8300000e+00	   4.7654683e+01	   2.6790865e+01	  -1.6064209e+02	   8.4901160e+00	
   7.8400000e+00	   4.8397584e+01	   2.6923873e+01	  -1.6226807e+02	   7.4256595e+00	
   7.8500000e+00	   4.8475784e+01	   2.7058619e+01	  -1.6059814e+02	   6.3680078e+00	
   7.8600000e+00	   5.0508986e+01	   2.7199134e+01	  -1.5405029e+02	   5.3427169e+00	
   7.8700000e+00	   5.0479660e+01	   2.7345044e+01	  -1.4919434e+02	   4.3595619e+00	
   7.8800000e+00	   5.0469885e+01	   2.7489918e+01	  -1.4932617e+02	   3.3973598e+00	
   7.8900000e+00	   4.9951810e+01	   2.7632231e+01	  -1.4315186e+02	   2.4601082e+00	
   7.9000000e+00	   4.8505109e+01	   2.7767499e+01	  -1.4152588e+02	   1.5531557e+00	
   7.9100000e+00	   4.8407359e+01	   2.7897084e+01	  -1.3798828e+02	   6.6805497e-01	
   7.9200000e+00	   4.7889283e+01	   2.8023928e+01	  -1.3460449e+02	  -1.8982571e-01	
   7.9300000e+00	   4.9678110e+01	   2.8153957e+01	  -1.3045166e+02	  -1.0187301e+00	
   7.9400000e+00	   4.7283233e+01	   2.8281274e+01	  -1.2825439e+02	  -1.8225556e+00	
   7.9500000e+00	   4.8896109e+01	   2.8405345e+01	  -1.2566162e+02	  -2.6063451e+00	
   7.9600000e+00	   4.8446459e+01	   2.8532281e+01	  -1.2276123e+02	  -3.3680220e+00	
   7.9700000e+00	   4.7840408e+01	   2.8655116e+01	  -1.1865234e+02	  -4.1029767e+00	
   7.9800000e+00	   4.8348709e+01	   2.8776876e+01	  -1.1685059e+02	  -4.8148172e+00	
   7.9900000e+00	   4.9902935e+01	   2.8904332e+01	  -1.1225830e+02	  -5.5021745e+00	
   8.0000000e+00	   4.9208909e+01	   2.9033684e+01	  -1.1032471e+02	  -6.1647890e+00	
   8.0100000e+00	   4.9609685e+01	   2.9161307e+01	  -1.0724854e+02	  -6.8075637e+00	
   8.0200000e+00	   4.8338934e+01	   2.9285406e+01	  -1.0546875e+02	  -7.4311047e+00	
   8.0300000e+00	   4.9824735e+01	   2.9409402e+01	  -1.0037109e+02	  -8.0292017e+00	
   8.0400000e+00	   4.8788584e+01	   2.9534029e+01	  -9.7338867e+01	  -8.5980915e+00	
   8.0500000e+00	   4.9355534e+01	   2.9656406e+01	  -9.5053711e+01	  -9.1467653e+00	
   8.0600000e+00	   4.8944984e+01	   2.9778506e+01	  -9.2966309e+01	  -9.6783087e+00	
   8.0700000e+00	   4.9394634e+01	   2.9899964e+01	  -8.9934082e+01	  -1.0190489e+01	
   8.0800000e+00	   4.7957708e+01	   3.0017569e+01	  -8.6572266e+01	  -1.0679437e+01	
   8.0900000e+00	   4.8622409e+01	   3.0132020e+01	  -8.3847656e+01	  -1.1146261e+01	
   8.1000000e+00	   4.8896109e+01	   3.0248692e+01	  -8.0244141e+01	  -1.1590343e+01	
   8.1100000e+00	   4.7566708e+01	   3.0361327e+01	  -7.8090820e+01	  -1.2013614e+01	
   8.1200000e+00	   4.8661509e+01	   3.0472522e+01	  -7.3103027e+01	  -1.2411870e+01	
   8.1300000e+00	   4.8475784e+01	   3.0585868e+01	  -7.3037109e+01	  -1.2791805e+01	
   8.1400000e+00	   4.8055458e+01	   3.0696605e+01	  -7.0070801e+01	  -1.3159863e+01	
   8.1500000e+00	   4.8544209e+01	   3.0806864e+01	  -6.5939941e+01	  -1.3503389e+01	
   8.1600000e+00	   4.8974309e+01	   3.0919309e+01	  -6.2138672e+01	  -1.3819923e+01	
   8.1700000e+00	   4.8290058e+01	   3.1030254e+01	  -5.9963379e+01	  -1.4115756e+01	
   8.1800000e+00	   4.9981135e+01	   3.1143657e+01	  -5.8183594e+01	  -1.4397350e+01	
   8.1900000e+00	   4.8817909e+01	   3.1258004e+01	  -5.3107910e+01	  -1.4655710e+01	
   8.2000000e+00	   4.9648785e+01	   3.1370593e+01	  -5.0273438e+01	  -1.4887680e+01	
   8.2100000e+00	   4.8065233e+01	   3.1480119e+01	  -4.8537598e+01	  -1.5103883e+01	
   8.2200000e+00	   4.8143433e+01	   3.1584246e+01	  -4.7131348e+01	  -1.5308892e+01	
   8.2300000e+00	   4.9306659e+01	   3.1691607e+01	  -4.2802734e+01	  -1.5494657e+01	
   8.2400000e+00	   4.8593084e+01	   3.1799705e+01	  -4.1242676e+01	  -1.5660816e+01	
   8.2500000e+00	   4.8944984e+01	   3.1905993e+01	  -3.6650391e+01	  -1.5806667e+01	
   8.2600000e+00	   4.8681059e+01	   3.2011891e+01	  -3.4804688e+01	  -1.5931442e+01	
   8.2700000e+00	   4.7596033e+01	   3.2112900e+01	  -3.1728516e+01	  -1.6040021e+01	
   8.2800000e+00	   4.7664458e+01	   3.2210094e+01	  -2.8388672e+01	  -1.6127827e+01	
   8.2900000e+00	   4.8690834e+01	   3.2310107e+01	  -2.3818359e+01	  -1.6190310e+01	
   8.3000000e+00	   4.8622409e+01	   3.2412494e+01	  -2.0170898e+01	  -1.6226665e+01	
   8.3100000e+00	   4.9893160e+01	   3.2518005e+01	  -1.8808594e+01	  -1.6247104e+01	
   8.3200000e+00	   4.9140484e+01	   3.2624477e+01	  -1.5688477e+01	  -1.6253376e+01	
   8.3300000e+00	   5.0030010e+01	   3.2730712e+01	  -1.5292969e+01	  -1.6248599e+01	
   8.3400000e+00	   4.9081834e+01	   3.2836097e+01	  -9.5361328e+00	  -1.6224585e+01	
   8.3500000e+00	   4.9013409e+01	   3.2937638e+01	  -5.6689453e+00	  -1.6170580e+01	
   8.3600000e+00	   4.8788584e+01	   3.3037625e+01	  -8.5693359e-01	  -1.6089733e+01	
   8.3700000e+00	   4.8749484e+01	   3.3136159e+01	  -2.9443359e+00	  -1.6000859e+01	
   8.3800000e+00	   4.8192308e+01	   3.3232209e+01	   1.9555664e+00	  -1.5903734e+01	
   8.3900000e+00	   4.7625358e+01	   3.3324136e+01	   4.3725586e+00	  -1.5784302e+01	
   8.4000000e+00	   4.9893160e+01	   3.3420815e+01	   7.7343750e+00	  -1.5647521e+01	
   8.4100000e+00	   4.8710384e+01	   3.3520285e+01	   9.3603516e+00	  -1.5495975e+01	
   8.4200000e+00	   4.6511007e+01	   3.3608541e+01	   1.5996094e+01	  -1.5319506e+01	
   8.4300000e+00	   4.6511007e+01	   3.3689356e+01	   1.7666016e+01	  -1.5118130e+01	
   8.4400000e+00	   4.8192308e+01	   3.3774930e+01	   1.7028809e+01	  -1.4914781e+01	
   8.4500000e+00	   4.7967483e+01	   3.3864530e+01	   2.3356934e+01	  -1.4694883e+01	
   8.4600000e+00	   4.8162983e+01	   3.3953476e+01	   2.5114746e+01	  -1.4451039e+01	
   8.4700000e+00	   4.8700609e+01	   3.4044162e+01	   2.5356445e+01	  -1.4202461e+01	
   8.4800000e+00	   4.9854060e+01	   3.4139575e+01	   3.0849609e+01	  -1.3937479e+01	
   8.4900000e+00	   4.8417134e+01	   3.4233503e+01	   3.7661133e+01	  -1.3635622e+01	
   8.5000000e+00	   4.9922485e+01	   3.4327057e+01	   3.6628418e+01	  -1.3317558e+01	
   8.5100000e+00	   4.6872682e+01	   3.4415188e+01	   4.2429199e+01	  -1.2986553e+01	
   8.5200000e+00	   4.8348709e+01	   3.4497839e+01	   4.5131836e+01	  -1.2630991e+01	
   8.5300000e+00	   4.9541260e+01	   3.4588329e+01	   4.6713867e+01	  -1.2264237e+01	
   8.5400000e+00	   4.8368259e+01	   3.4678313e+01	   5.2141113e+01	  -1.1877829e+01	
   8.5500000e+00	   4.7987033e+01	   3.4762867e+01	   5.3085938e+01	  -1.1473886e+01	
   8.5600000e+00	   4.8612634e+01	   3.4847656e+01	   5.3371582e+01	  -1.1068619e+01	
   8.5700000e+00	   4.8710384e+01	   3.4934179e+01	   5.9633789e+01	  -1.0645384e+01	
   8.5800000e+00	   4.8622409e+01	   3.5020192e+01	   6.5500488e+01	  -1.0186815e+01	
   8.5900000e+00	   4.6657632e+01	   3.5099236e+01	   6.4050293e+01	  -9.7172874e+00	
   8.6000000e+00	   4.9707435e+01	   3.5181184e+01	   6.8181152e+01	  -9.2423051e+00	
   8.6100000e+00	   4.8876559e+01	   3.5269567e+01	   7.1103516e+01	  -8.7482090e+00	
   8.6200000e+00	   4.8397584e+01	   3.5353295e+01	   7.6420898e+01	  -8.2314026e+00	
   8.6300000e+00	   4.7449408e+01	   3.5432029e+01	   7.9409180e+01	  -7.6918219e+00	
   8.6400000e+00	   4.6989982e+01	   3.5505861e+01	   8.2924805e+01	  -7.1352522e+00	
   8.6500000e+00	   4.8338934e+01	   3.5582017e+01	   8.5869141e+01	  -6.5619375e+00	
   8.6600000e+00	   4.8358484e+01	   3.5661981e+01	   8.9714355e+01	  -5.9709505e+00	
   8.6700000e+00	   4.8720159e+01	   3.5742639e+01	   9.0944824e+01	  -5.3677694e+00	
   8.6800000e+00	   4.7517833e+01	   3.5820159e+01	   9.7910156e+01	  -4.7426989e+00	
   8.6900000e+00	   4.8729934e+01	   3.5897223e+01	   1.0034912e+02	  -4.0920916e+00	
   8.7000000e+00	   4.8133658e+01	   3.5975734e+01	   1.0004150e+02	  -3.4388844e+00	
   8.7100000e+00	   4.8993859e+01	   3.6054580e+01	   1.0426025e+02	  -2.7775200e+00	
   8.7200000e+00	   4.6657632e+01	   3.6128309e+01	   1.0775391e+02	  -2.0961445e+00	
   8.7300000e+00	   4.8847234e+01	   3.6201117e+01	   1.1438965e+02	  -1.3873140e+00	
   8.7400000e+00	   4.8876559e+01	   3.6280418e+01	   1.1359863e+02	  -6.6461900e-01	
   8.7500000e+00	   4.8837459e+01	   3.6359192e+01	   1.1621338e+02	   5.9260900e-02	
   8.7600000e+00	   4.7205032e+01	   3.6432237e+01	   1.1735596e+02	   7.9037381e-01	
   8.7700000e+00	   4.7830633e+01	   3.6501672e+01	   1.2414551e+02	   1.5417489e+00	
   8.7800000e+00	   4.7908833e+01	   3.6572876e+01	   1.2504639e+02	   2.3125024e+00	
   8.7900000e+00	   4.8710384e+01	   3.6646390e+01	   1.3051758e+02	   3.0983841e+00	
   8.8000000e+00	   4.8495334e+01	   3.6721279e+01	   1.3732910e+02	   3.9178099e+00	
   8.8100000e+00	   4.9443510e+01	   3.6797996e+01	   1.3792236e+02	   4.7552933e+00	
   8.8200000e+00	   4.9179584e+01	   3.6876375e+01	   1.4058105e+02	   5.5977154e+00	
   8.8300000e+00	   4.9668335e+01	   3.6954967e+01	   1.4319580e+02	   6.4513762e+00	
   8.8400000e+00	   4.8524659e+01	   3.7031016e+01	   1.4862305e+02	   7.3248756e+00	
   8.8500000e+00	   4.7380983e+01	   3.7099425e+01	   1.5095215e+02	   8.2171949e+00	
   8.8600000e+00	   4.9961585e+01	   3.7171906e+01	   1.5317139e+02	   9.1181695e+00	
   8.8700000e+00	   4.8612634e+01	   3.7247790e+01	   1.5710449e+02	   1.0032768e+01	
   8.8800000e+00	   4.8661509e+01	   3.7319127e+01	   1.5956543e+02	   1.0961663e+01	
   8.8900000e+00	   4.8182533e+01	   3.7388670e+01	   1.6483887e+02	   1.1908963e+01	
   8.9000000e+00	   4.9013409e+01	   3.7458880e+01	   1.6675049e+02	   1.2872830e+01	
   8.9100000e+00	   5.0000685e+01	   3.7534344e+01	   1.7059570e+02	   1.3848690e+01	
   8.9200000e+00	   4.9599910e+01	   3.7611172e+01	   1.7373779e+02	   1.4840319e+01	
   8.9300000e+00	   4.9306659e+01	   3.7685345e+01	   1.7657227e+02	   1.5844455e+01	
   8.9400000e+00	   4.8514884e+01	   3.7755656e+01	   1.7466064e+02	   1.6845191e+01	
   8.9500000e+00	   4.8172758e+01	   3.7821975e+01	   1.7582520e+02	   1.7837320e+01	
   8.9600000e+00	   4.9267559e+01	   3.7890236e+01	  -1.1887207e+01	   1.8239011e+01	
   8.9700000e+00	   4.8808134e+01	   3.7960060e+01	  -1.3952637e+01	   1.8043846e+01	
   8.9800000e+00	   4.8436684e+01	   3.8026844e+01	  -1.8000000e+02	   1.7323414e+01	
   8.9900000e+00	   4.8690834e+01	   3.8092842e+01	  -1.8000000e+02	   1.6087473e+01	
   9.0000000e+00	   4.8026133e+01	   3.8157141e+01	  -1.8000000e+02	   1.4859273e+01	
   9.0100000e+00	   4.8329158e+01	   3.8219905e+01	  -1.8000000e+02	   1.3638767e+01	
   9.0200000e+00	   4.7674233e+01	   3.8281173e+01	  -1.7659424e+02	   1.2436571e+01	
   9.0300000e+00	   4.8202083e+01	   3.8341660e+01	  -1.7466064e+02	   1.1258627e+01	
   9.0400000e+00	   4.9384859e+01	   3.8407125e+01	  -1.7208984e+02	   1.0102167e+01	
   9.0500000e+00	   4.9169809e+01	   3.8475211e+01	  -1.6989258e+02	   8.9678836e+00	
   9.0600000e+00	   5.0323260e+01	   3.8545809e+01	  -1.6428955e+02	   7.8651334e+00	
   9.0700000e+00	   4.8632184e+01	   3.8614282e+01	  -1.6198242e+02	   6.7940630e+00	
   9.0800000e+00	   4.9873610e+01	   3.8680917e+01	  -1.5824707e+02	   5.7486249e+00	
   9.0900000e+00	   4.9169809e+01	   3.8748819e+01	  -1.5561035e+02	   4.7296908e+00	
   9.1000000e+00	   4.8495334e+01	   3.8811979e+01	  -1.5350098e+02	   3.7320025e+00	
   9.1100000e+00	   4.9453285e+01	   3.8875631e+01	  -1.4912842e+02	   2.7608630e+00	
   9.1200000e+00	   4.8456234e+01	   3.8938762e+01	  -1.4462402e+02	   1.8236069e+00	
   9.1300000e+00	   4.7527608e+01	   3.8995466e+01	  -1.4310791e+02	   9.1107611e-01	
   9.1400000e+00	   4.8006583e+01	   3.9050408e+01	  -1.3935059e+02	   2.0776150e-02	
   9.1500000e+00	   4.8690834e+01	   3.9108648e+01	  -1.3596680e+02	  -8.4158311e-01	
   9.1600000e+00	   4.9120934e+01	   3.9170013e+01	  -1.3177002e+02	  -1.6748004e+00	
   9.1700000e+00	   4.7987033e+01	   3.9228790e+01	  -1.3060547e+02	  -2.4860084e+00	
   9.1800000e+00	   4.9580360e+01	   3.9288637e+01	  -1.2724365e+02	  -3.2779599e+00	
   9.1900000e+00	   4.8123883e+01	   3.9348538e+01	  -1.2592529e+02	  -4.0502937e+00	
   9.2000000e+00	   4.7664458e+01	   3.9402064e+01	  -1.2062988e+02	  -4.7970773e+00	
   9.2100000e+00	   4.9189359e+01	   3.9458592e+01	  -1.1836670e+02	  -5.5155116e+00	
   9.2200000e+00	   4.8338934e+01	   3.9516877e+01	  -1.1474121e+02	  -6.2110041e+00	
   9.2300000e+00	   4.7742658e+01	   3.9570267e+01	  -1.1190674e+02	  -6.8819092e+00	
   9.2400000e+00	   4.8984084e+01	   3.9625343e+01	  -1.0902832e+02	  -7.5307207e+00	
   9.2500000e+00	   4.9394634e+01	   3.9685247e+01	  -1.0588623e+02	  -8.1566135e+00	
   9.2600000e+00	   4.8641959e+01	   3.9743705e+01	  -1.0500732e+02	  -8.7659932e+00	
   9.2700000e+00	   4.7830633e+01	   3.9796899e+01	  -9.7712402e+01	  -9.3459576e+00	
   9.2800000e+00	   5.0117985e+01	   3.9854382e+01	  -9.6350098e+01	  -9.8951769e+00	
   9.2900000e+00	   4.7126832e+01	   3.9909301e+01	  -9.3603516e+01	  -1.0428088e+01	
   9.3000000e+00	   4.8769034e+01	   3.9959651e+01	  -9.1669922e+01	  -1.0943004e+01	
   9.3100000e+00	   4.9287109e+01	   4.0016451e+01	  -8.8615723e+01	  -1.1439074e+01	
   9.3200000e+00	   4.9013409e+01	   4.0073661e+01	  -8.4726563e+01	  -1.1910293e+01	
   9.3300000e+00	   4.9062284e+01	   4.0129808e+01	  -8.1870117e+01	  -1.2357434e+01	
   9.3400000e+00	   4.8505109e+01	   4.0184012e+01	  -7.8837891e+01	  -1.2783332e+01	
   9.3500000e+00	   4.7869733e+01	   4.0234142e+01	  -7.6750488e+01	  -1.3190530e+01	
   9.3600000e+00	   4.8143433e+01	   4.0282825e+01	  -7.3564453e+01	  -1.3578661e+01	
   9.3700000e+00	   4.7811083e+01	   4.0331019e+01	  -7.0949707e+01	  -1.3946195e+01	
   9.3800000e+00	   4.8505109e+01	   4.0380044e+01	  -6.7543945e+01	  -1.4292572e+01	
   9.3900000e+00	   4.7703558e+01	   4.0428425e+01	  -6.5083008e+01	  -1.4618407e+01	
   9.4000000e+00	   4.9619460e+01	   4.0479994e+01	  -6.1149902e+01	  -1.4922176e+01	
   9.4100000e+00	   5.0890211e+01	   4.0541219e+01	  -5.7766113e+01	  -1.5201127e+01	
   9.4200000e+00	   4.8573534e+01	   4.0598784e+01	  -5.5986328e+01	  -1.5462160e+01	
   9.4300000e+00	   4.7449408e+01	   4.0645214e+01	  -5.2668457e+01	  -1.5705594e+01	
   9.4400000e+00	   4.9228459e+01	   4.0693404e+01	  -4.9724121e+01	  -1.5927891e+01	
   9.4500000e+00	   4.9199134e+01	   4.0746772e+01	  -4.6582031e+01	  -1.6129734e+01	
   9.4600000e+00	   4.9335984e+01	   4.0800142e+01	  -4.5087891e+01	  -1.6315794e+01	
   9.4700000e+00	   4.7312558e+01	   4.0847269e+01	  -4.2165527e+01	  -1.6486856e+01	
   9.4800000e+00	   4.9375084e+01	   4.0894224e+01	  -3.8364258e+01	  -1.6635791e+01	
   9.4900000e+00	   4.9111159e+01	   4.0946518e+01	  -3.6276855e+01	  -1.6765350e+01	
   9.5000000e+00	   4.8837459e+01	   4.0996800e+01	  -3.1640625e+01	  -1.6873042e+01	
   9.5100000e+00	   4.9013409e+01	   4.1046461e+01	  -3.0124512e+01	  -1.6960791e+01	
   9.5200000e+00	   4.7400533e+01	   4.1091311e+01	  -2.5048828e+01	  -1.7027346e+01	
   9.5300000e+00	   4.8700609e+01	   4.1134901e+01	  -2.0390625e+01	  -1.7063001e+01	
   9.5400000e+00	   4.8798359e+01	   4.1182595e+01	  -1.8720703e+01	  -1.7078613e+01	
   9.5500000e+00	   4.9814960e+01	   4.1233480e+01	  -1.6062012e+01	  -1.7080572e+01	
   9.5600000e+00	   4.9541260e+01	   4.1286374e+01	  -1.4414063e+01	  -1.7069032e+01	
   9.5700000e+00	   5.0225510e+01	   4.1340221e+01	  -1.2744141e+01	  -1.7047172e+01	
   9.5800000e+00	   4.7908833e+01	   4.1388619e+01	  -8.1079102e+00	  -1.7005700e+01	
   9.5900000e+00	   4.9042734e+01	   4.1433010e+01	  -4.3945313e+00	  -1.6938340e+01	
   9.6000000e+00	   5.0117985e+01	   4.1484041e+01	  -3.8891602e+00	  -1.6858188e+01	
   9.6100000e+00	   4.9707435e+01	   4.1536834e+01	   7.9101563e-01	  -1.6762299e+01	
   9.6200000e+00	   4.8700609e+01	   4.1584858e+01	   5.9765625e+00	  -1.6636114e+01	
   9.6300000e+00	   4.7410308e+01	   4.1625387e+01	   4.9877930e+00	  -1.6497575e+01	
   9.6400000e+00	   4.9296884e+01	   4.1667529e+01	   1.0063477e+01	  -1.6347105e+01	
   9.6500000e+00	   5.0733811e+01	   4.1719816e+01	   1.0437012e+01	  -1.6180512e+01	
   9.6600000e+00	   4.8886334e+01	   4.1770489e+01	   1.4458008e+01	  -1.6001199e+01	
   9.6700000e+00	   4.8329158e+01	   4.1813315e+01	   1.8457031e+01	  -1.5797893e+01	
   9.6800000e+00	   4.8114108e+01	   4.1853453e+01	   2.3620605e+01	  -1.5567165e+01	
   9.6900000e+00	   4.9570585e+01	   4.1897228e+01	   2.4565430e+01	  -1.5318753e+01	
   9.7000000e+00	   4.8446459e+01	   4.1941770e+01	   2.9311523e+01	  -1.5054073e+01	
   9.7100000e+00	   4.9609685e+01	   4.1986156e+01	   2.8234863e+01	  -1.4779560e+01	
   9.7200000e+00	   4.9971360e+01	   4.2035038e+01	   3.5354004e+01	  -1.4487843e+01	
   9.7300000e+00	   4.8055458e+01	   4.2078748e+01	   3.7045898e+01	  -1.4170358e+01	
   9.7400000e+00	   4.8925434e+01	   4.2118907e+01	   3.9309082e+01	  -1.3842476e+01	
   9.7500000e+00	   4.7908833e+01	   4.2158357e+01	   4.4670410e+01	  -1.3492769e+01	
   9.7600000e+00	   4.7781758e+01	   4.2193977e+01	   4.7175293e+01	  -1.3120618e+01	
   9.7700000e+00	   4.7859958e+01	   4.2229221e+01	   4.6318359e+01	  -1.2745636e+01	
   9.7800000e+00	   4.8475784e+01	   4.2266418e+01	   5.3393555e+01	  -1.2353529e+01	
   9.7900000e+00	   4.8475784e+01	   4.2305310e+01	   5.8293457e+01	  -1.1926375e+01	
   9.8000000e+00	   4.9160034e+01	   4.2346102e+01	   5.9985352e+01	  -1.1481253e+01	
   9.8100000e+00	   4.8729934e+01	   4.2387435e+01	   6.3281250e+01	  -1.1023298e+01	
   9.8200000e+00	   5.0665386e+01	   4.2433222e+01	   6.4270020e+01	  -1.0554792e+01	
   9.8300000e+00	   4.8299833e+01	   4.2477376e+01	   6.8115234e+01	  -1.0074083e+01	
   9.8400000e+00	   5.0587186e+01	   4.2521009e+01	   6.9389648e+01	  -9.5803506e+00	
   9.8500000e+00	   4.7987033e+01	   4.2563389e+01	   7.5300293e+01	  -9.0672091e+00	
   9.8600000e+00	   4.7801308e+01	   4.2596778e+01	   7.7585449e+01	  -8.5316142e+00	
   9.8700000e+00	   4.8466009e+01	   4.2631459e+01	   7.8398438e+01	  -7.9896715e+00	
   9.8800000e+00	   4.7615583e+01	   4.2665340e+01	   8.1650391e+01	  -7.4383928e+00	
   9.8900000e+00	   4.9717210e+01	   4.2702928e+01	   8.7802734e+01	  -6.8611149e+00	
   9.9000000e+00	   4.8094558e+01	   4.2741780e+01	   8.8198242e+01	  -6.2669466e+00	
   9.9100000e+00	   4.7351658e+01	   4.2772981e+01	   9.1362305e+01	  -5.6653521e+00	
   9.9200000e+00	   4.8808134e+01	   4.2806221e+01	   9.6635742e+01	  -5.0411014e+00	
   9.9300000e+00	   4.9228459e+01	   4.2845131e+01	   1.0045898e+02	  -4.3922721e+00	
   9.9400000e+00	   4.9081834e+01	   4.2884653e+01	   1.0324951e+02	  -3.7267940e+00	
   9.9500000e+00	   4.8231408e+01	   4.2920806e+01	   1.0883057e+02	  -3.0392663e+00	
   9.9600000e+00	   4.7791533e+01	   4.2952692e+01	   1.0889648e+02	  -2.3383600e+00	
   9.9700000e+00	   4.9678110e+01	   4.2988908e+01	   1.1357666e+02	  -1.6269802e+00	
   9.9800000e+00	   4.8104333e+01	   4.3025878e+01	   1.1518066e+02	  -9.0037556e-01	
   9.9900000e+00	   5.0078885e+01	   4.3063871e+01	   1.2120117e+02	  -1.5444386e-01	
   1.0000000e+01	   4.8710384e+01	   4.3103524e+01	   1.2258545e+02	   6.1000572e-01	
