   0.0000000e+00	  -5.0000000e+01	   0.0000000e+00	  -5.0000000e+00	   0.0000000e+00	   0.0000000e+00	   0.0000000e+00	  -5.0000000e-01	
   5.0000000e-01	  -5.0000000e+01	  -1.6182350e+00	  -4.8381765e+00	  -9.2505442e-01	  -3.1583333e+00	  -9.2505442e-01	  -3.9131221e-01	
   1.0000000e+00	  -5.0000000e+01	  -7.8741535e+00	  -4.2125847e+00	  -2.9148074e+00	  -3.6351082e+00	  -2.9148074e+00	  -1.2977773e-01	
   1.5000000e+00	  -5.0000000e+01	  -1.7691265e+01	  -3.2308735e+00	  -3.5280042e+00	  -2.1586942e+00	  -3.5280042e+00	   2.9713070e-02	
   2.0000000e+00	  -5.0000000e+01	  -2.5614599e+01	  -2.4385401e+00	  -2.0070430e+00	  -6.0743146e-01	  -2.0070430e+00	  -4.3149709e-02	
   2.5000000e+00	  -5.0000000e+01	  -2.9048632e+01	  -2.0951368e+00	  -5.2814496e-01	  -4.9629958e-01	  -5.2814496e-01	  -1.5669918e-01	
   3.0000000e+00	  -5.0000000e+01	  -3.0527392e+01	  -1.9472608e+00	  -4.6773648e-01	  -1.1726202e+00	  -4.6773648e-01	  -1.4795243e-01	
   3.5000000e+00	  -5.0000000e+01	  -3.3109918e+01	  -1.6890082e+00	  -1.1418855e+00	  -1.3664813e+00	  -1.1418855e+00	  -5.4712270e-02	
   4.0000000e+00	  -5.0000000e+01	  -3.6833706e+01	  -1.3166294e+00	  -1.3123107e+00	  -8.4891978e-01	  -1.3123107e+00	  -4.3187593e-04	
   4.5000000e+00	  -5.0000000e+01	  -3.9863909e+01	  -1.0136091e+00	  -7.9398468e-01	  -3.1541347e-01	  -7.9398468e-01	  -2.1962440e-02	
   5.0000000e+00	   5.0000000e+01	  -4.1351822e+01	   9.1351822e+00	  -2.8291131e-01	  -2.5490671e-01	  -2.8291131e-01	   9.4180935e-01	
   5.5000000e+00	   5.0000000e+01	  -3.8890132e+01	   8.8890132e+00	   1.6094727e+00	   5.8552051e+00	   1.6094727e+00	   7.2795405e-01	
   6.0000000e+00	   5.0000000e+01	  -2.7461848e+01	   7.7461848e+00	   5.3822466e+00	   6.7549103e+00	   5.3822466e+00	   2.3639382e-01	
   6.5000000e+00	   5.0000000e+01	  -9.2516110e+00	   5.9251611e+00	   6.5618326e+00	   3.9812796e+00	   6.5618326e+00	  -6.3667152e-02	
   7.0000000e+00	   5.0000000e+01	   5.4256749e+00	   4.4574325e+00	   3.6989181e+00	   1.0642738e+00	   3.6989181e+00	   7.5851446e-02	
   7.5000000e+00	   5.0000000e+01	   1.1659134e+01	   3.8340866e+00	   9.1884424e-01	   8.7113582e-01	   9.1884424e-01	   2.9152424e-01	
   8.0000000e+00	   5.0000000e+01	   1.4244006e+01	   3.5755994e+00	   8.2071586e-01	   2.1623298e+00	   8.2071586e-01	   2.7548835e-01	
   8.5000000e+00	   5.0000000e+01	   1.8956522e+01	   3.1043478e+00	   2.1071251e+00	   2.5366262e+00	   2.1071251e+00	   9.9722271e-02	
   9.0000000e+00	   5.0000000e+01	   2.5854251e+01	   2.4145749e+00	   2.4365946e+00	   1.5642363e+00	   2.4365946e+00	  -2.2019742e-03	
   9.5000000e+00	   5.0000000e+01	   3.1459878e+01	   1.8540122e+00	   1.4624231e+00	   5.6225125e-01	   1.4624231e+00	   3.9158912e-02	
   1.0000000e+01	   5.0000000e+01	   3.4168029e+01	   1.5831971e+00	   5.0256506e-01	   4.5444967e-01	   5.0256506e-01	   1.0806321e-01	
