   0.0000000e+00	  -5.0000000e+01	  -1.1226121e+00	  -1.5349333e-01	  -4.8877388e+00	  -4.8877388e+00	  -4.8877388e+00	   0.0000000e+00	  -0.0000000e+00	
   5.0000000e-01	  -5.0000000e+01	  -3.1757490e+01	  -4.6071743e+00	  -1.8242510e+00	  -1.8242510e+00	  -1.8242510e+00	   0.0000000e+00	  -0.0000000e+00	
   1.0000000e+00	  -5.0000000e+01	  -2.4944309e+01	  -1.1100073e+01	  -2.5055691e+00	  -2.5055691e+00	  -2.5055691e+00	   0.0000000e+00	  -0.0000000e+00	
   1.5000000e+00	  -5.0000000e+01	  -2.4973634e+01	  -1.4889893e+01	  -2.5026366e+00	  -2.5026366e+00	  -2.5026366e+00	   0.0000000e+00	  -0.0000000e+00	
   2.0000000e+00	  -5.0000000e+01	  -2.5599235e+01	  -1.7732905e+01	  -2.4400765e+00	  -2.4400765e+00	  -2.4400765e+00	   0.0000000e+00	  -0.0000000e+00	
   2.5000000e+00	  -5.0000000e+01	  -2.4836784e+01	  -1.9779762e+01	  -2.5163216e+00	  -2.5163216e+00	  -2.5163216e+00	   0.0000000e+00	  -0.0000000e+00	
   3.0000000e+00	  -5.0000000e+01	  -2.5286434e+01	  -2.1224123e+01	  -2.4713566e+00	  -2.4713566e+00	  -2.4713566e+00	   0.0000000e+00	  -0.0000000e+00	
   3.5000000e+00	  -5.0000000e+01	  -2.4875884e+01	  -2.2278858e+01	  -2.5124116e+00	  -2.5124116e+00	  -2.5124116e+00	   0.0000000e+00	  -0.0000000e+00	
   4.0000000e+00	  -5.0000000e+01	  -2.5002959e+01	  -2.3006409e+01	  -2.4997041e+00	  -2.4997041e+00	  -2.4997041e+00	   0.0000000e+00	  -0.0000000e+00	
   4.5000000e+00	  -5.0000000e+01	  -2.5618785e+01	  -2.3636582e+01	  -2.4381215e+00	  -2.4381215e+00	  -2.4381215e+00	   0.0000000e+00	  -0.0000000e+00	
   5.0000000e+00	   5.0000000e+01	  -2.4983409e+01	  -2.4091756e+01	   7.4983409e+00	   7.4983409e+00	   7.4983409e+00	   0.0000000e+00	   0.0000000e+00	
   5.5000000e+00	   5.0000000e+01	   3.8700775e+01	  -1.5628127e+01	   1.1299225e+00	   1.1299225e+00	   1.1299225e+00	   0.0000000e+00	   0.0000000e+00	
   6.0000000e+00	   5.0000000e+01	   2.5133062e+01	  -2.6265792e+00	   2.4866938e+00	   2.4866938e+00	   2.4866938e+00	   0.0000000e+00	   0.0000000e+00	
   6.5000000e+00	   5.0000000e+01	   2.3969836e+01	   4.8054557e+00	   2.6030164e+00	   2.6030164e+00	   2.6030164e+00	   0.0000000e+00	   0.0000000e+00	
   7.0000000e+00	   5.0000000e+01	   2.4380386e+01	   1.0102233e+01	   2.5619614e+00	   2.5619614e+00	   2.5619614e+00	   0.0000000e+00	   0.0000000e+00	
   7.5000000e+00	   5.0000000e+01	   2.5768438e+01	   1.4196487e+01	   2.4231562e+00	   2.4231562e+00	   2.4231562e+00	   0.0000000e+00	   0.0000000e+00	
   8.0000000e+00	   5.0000000e+01	   2.4360836e+01	   1.7168464e+01	   2.5639164e+00	   2.5639164e+00	   2.5639164e+00	   0.0000000e+00	   0.0000000e+00	
   8.5000000e+00	   5.0000000e+01	   2.4869137e+01	   1.9204771e+01	   2.5130863e+00	   2.5130863e+00	   2.5130863e+00	   0.0000000e+00	   0.0000000e+00	
   9.0000000e+00	   5.0000000e+01	   2.5748888e+01	   2.0874022e+01	   2.4251112e+00	   2.4251112e+00	   2.4251112e+00	   0.0000000e+00	   0.0000000e+00	
   9.5000000e+00	   5.0000000e+01	   2.4507462e+01	   2.2037351e+01	   2.5492538e+00	   2.5492538e+00	   2.5492538e+00	   0.0000000e+00	   0.0000000e+00	
   1.0000000e+01	   5.0000000e+01	   2.5885738e+01	   2.2901271e+01	   2.4114262e+00	   2.4114262e+00	   2.4114262e+00	   0.0000000e+00	   0.0000000e+00	
