   0.0000000e+00	  -5.0000000e+01	   3.5837402e+01	  -8.5837402e+00	  -1.2594622e+00	  -1.2594622e+00	  -3.6888794e-01	  -7.3242780e-01	
   5.0000000e-01	  -5.0000000e+01	   2.8784180e+01	  -7.8784180e+00	  -3.4392892e+00	  -3.4392892e+00	  -1.7451204e+00	  -4.4391288e-01	
   1.0000000e+00	  -5.0000000e+01	   1.3666992e+01	  -6.3666992e+00	  -5.5506912e+00	  -5.5506912e+00	  -3.9460456e+00	  -8.1600806e-02	
   1.5000000e+00	  -5.0000000e+01	   1.8896484e+00	  -5.1889648e+00	  -3.0091888e+00	  -3.0091888e+00	  -4.8408198e+00	  -2.1797760e-01	
   2.0000000e+00	  -5.0000000e+01	  -5.6250000e+00	  -4.4375000e+00	  -1.6700126e+00	  -1.6700126e+00	  -3.2006028e+00	  -2.7674874e-01	
   2.5000000e+00	  -5.0000000e+01	  -1.3227539e+01	  -3.6772461e+00	  -3.2633391e+00	  -3.2633391e+00	  -1.9848982e+00	  -4.1390704e-02	
   3.0000000e+00	  -5.0000000e+01	  -2.0983887e+01	  -2.9016113e+00	  -1.3376623e+00	  -1.3376623e+00	  -2.2434107e+00	  -1.5639490e-01	
   3.5000000e+00	  -5.0000000e+01	  -2.4104004e+01	  -2.5895996e+00	  -1.3963123e+00	  -1.3963123e+00	  -1.8078100e+00	  -1.1932873e-01	
   4.0000000e+00	  -5.0000000e+01	  -2.7158203e+01	  -2.2841797e+00	  -2.6241129e-01	  -2.6241129e-01	  -9.0168310e-01	  -2.0217684e-01	
   4.5000000e+00	  -5.0000000e+01	  -2.8630371e+01	  -2.1369629e+00	  -1.6015875e+00	  -1.6015875e+00	  -7.2161035e-01	  -5.3537537e-02	
   5.0000000e+00	   5.0000000e+01	  -2.9948730e+01	   7.9948730e+00	  -1.9398623e-01	  -1.9398623e-01	  -9.1715963e-01	   8.1888593e-01	
   5.5000000e+00	   5.0000000e+01	  -2.3488770e+01	   7.3488770e+00	   4.8499184e+00	   4.8499184e+00	   9.6158835e-01	   2.4989585e-01	
   6.0000000e+00	   5.0000000e+01	  -6.9213867e+00	   5.6921387e+00	   5.2115938e+00	   5.2115938e+00	   4.4679994e+00	   4.8054492e-02	
   6.5000000e+00	   5.0000000e+01	   6.1083984e+00	   4.3891602e+00	   1.1158650e+00	   1.1158650e+00	   4.6352360e+00	   3.2732952e-01	
   7.0000000e+00	   5.0000000e+01	   8.4375000e+00	   4.1562500e+00	   3.6964674e+00	   3.6964674e+00	   2.4961818e+00	   4.5978264e-02	
   7.5000000e+00	   5.0000000e+01	   1.8896484e+01	   3.1103516e+00	   2.6505414e+00	   2.6505414e+00	   2.4732146e+00	   4.5981017e-02	
   8.0000000e+00	   5.0000000e+01	   2.0214844e+01	   2.9785156e+00	   8.4216473e-01	   8.4216473e-01	   2.4537087e+00	   2.1363509e-01	
   8.5000000e+00	   5.0000000e+01	   2.8586426e+01	   2.1413574e+00	   7.2486462e-01	   7.2486462e-01	   1.0576257e+00	   1.4164928e-01	
   9.0000000e+00	   5.0000000e+01	   3.4958496e+01	   1.5041504e+00	   2.3181911e+00	   2.3181911e+00	   9.2927280e-01	  -8.1404070e-02	
   9.5000000e+00	   5.0000000e+01	   3.4475098e+01	   1.5524902e+00	   1.9701413e-01	   1.9701413e-01	   1.4465171e+00	   1.3554761e-01	
   1.0000000e+01	   5.0000000e+01	   3.7814941e+01	   1.2185059e+00	  -4.2858644e-01	  -4.2858644e-01	   5.0942259e-01	   1.6470923e-01	
