   0.0000000e+00	   8.9489034e-02	   1.2235723e-02	  -1.2687012e+02	  -1.7346791e+01	
   5.0000000e-01	  -3.2480841e+01	  -4.4199388e+00	  -1.8000000e+02	  -5.4561144e+01	
   1.0000000e+00	  -4.5510928e+01	  -1.3874990e+01	   6.7456055e+01	  -5.5028983e+01	
   1.5000000e+00	  -4.8619381e+01	  -2.2951088e+01	  -7.8574219e+01	  -4.1501069e+01	
   2.0000000e+00	  -4.8873531e+01	  -3.0005024e+01	   1.4638184e+02	  -2.0881042e+01	
   2.5000000e+00	  -4.9645757e+01	  -3.5270344e+01	  -7.0751953e+00	   3.8762559e+00	
   3.0000000e+00	  -4.8824656e+01	  -3.9089140e+01	  -1.5385254e+02	  -1.9187181e+01	
   3.5000000e+00	  -4.9997657e+01	  -4.1911772e+01	   6.5544434e+01	  -2.6014559e+01	
   4.0000000e+00	  -4.9029931e+01	  -4.3990602e+01	  -8.1320801e+01	  -2.1057766e+01	
   4.5000000e+00	  -4.9010381e+01	  -4.5365971e+01	   1.4436035e+02	  -6.6800444e+00	
   5.0000000e+00	  -4.9108131e+01	  -4.6375928e+01	  -1.2414551e+01	   1.3187446e+01	
   5.5000000e+00	   1.5651303e+01	  -3.8268593e+01	  -3.9770508e+01	   2.4460434e+00	
   6.0000000e+00	   4.1418227e+01	  -2.0000716e+01	   6.1259766e+01	   4.7153536e+00	
   6.5000000e+00	   4.7674233e+01	  -2.3498712e+00	  -1.7538574e+02	  -1.2178396e+01	
   7.0000000e+00	   4.7947933e+01	   1.1367017e+01	  -2.6301270e+01	  -3.6424532e+01	
   7.5000000e+00	   4.7146382e+01	   2.1260746e+01	   1.2724365e+02	  -1.2662248e+01	
   8.0000000e+00	   5.0176635e+01	   2.8753690e+01	  -9.5427246e+01	  -4.8494443e+00	
   8.5000000e+00	   4.9726985e+01	   3.4550474e+01	   5.5063477e+01	  -9.0422147e+00	
   9.0000000e+00	   4.7576483e+01	   3.8406569e+01	  -1.6490479e+02	  -2.1588017e+01	
   9.5000000e+00	   4.8984084e+01	   4.1106610e+01	  -1.6984863e+01	  -4.0554154e+01	
   1.0000000e+01	   4.8553984e+01	   4.3201957e+01	   1.4178955e+02	  -1.2399930e+01	
