   0.0000000e+00	   0.0000000e+00	  -4.7746149e-01	  -2.4257813e+01	
   1.0000000e-02	   0.0000000e+00	  -1.3533617e-01	  -2.4631348e+01	
   2.0000000e-02	   0.0000000e+00	   6.9939016e-02	  -2.1818848e+01	
   3.0000000e-02	   0.0000000e+00	   4.5116437e-01	  -2.3818359e+01	
   4.0000000e-02	   0.0000000e+00	   4.1206433e-01	  -2.3906250e+01	
   5.0000000e-02	   0.0000000e+00	  -5.5566156e-01	  -2.1555176e+01	
   6.0000000e-02	   0.0000000e+00	  -9.1733689e-01	  -2.3884277e+01	
   7.0000000e-02	   0.0000000e+00	  -1.2556116e-01	  -2.5180664e+01	
   8.0000000e-02	   0.0000000e+00	   1.9701413e-01	  -2.1357422e+01	
   9.0000000e-02	   0.0000000e+00	  -6.7296167e-01	  -2.5686035e+01	
   1.0000000e-01	   0.0000000e+00	  -3.6016138e-01	  -2.5598145e+01	
   1.1000000e-01	   0.0000000e+00	   9.1058979e-01	  -2.4367676e+01	
   1.2000000e-01	   0.0000000e+00	  -8.3913682e-01	  -2.5664063e+01	
   1.3000000e-01	   0.0000000e+00	  -3.4061136e-01	  -2.4389648e+01	
   1.4000000e-01	   0.0000000e+00	  -3.4061136e-01	  -2.4367676e+01	
   1.5000000e-01	   0.0000000e+00	   3.1431424e-01	  -2.4257813e+01	
   1.6000000e-01	   0.0000000e+00	   1.8723912e-01	  -2.2016602e+01	
   1.7000000e-01	   0.0000000e+00	  -7.6686119e-02	  -2.4521484e+01	
   1.8000000e-01	   0.0000000e+00	  -1.8036065e-02	  -2.4565430e+01	
   1.9000000e-01	   0.0000000e+00	  -5.2633653e-01	  -2.4016113e+01	
   2.0000000e-01	   0.0000000e+00	  -5.6543657e-01	  -2.5290527e+01	
   2.1000000e-01	   0.0000000e+00	  -2.5263628e-01	  -2.5642090e+01	
   2.2000000e-01	   0.0000000e+00	  -1.4511118e-01	  -2.4653320e+01	
   2.3000000e-01	   0.0000000e+00	  -4.6768648e-01	  -2.4829102e+01	
   2.4000000e-01	   0.0000000e+00	  -1.3083373e+00	  -2.4543457e+01	
   2.5000000e-01	   0.0000000e+00	  -1.2594622e+00	  -2.5136719e+01	
   2.6000000e-01	   0.0000000e+00	   1.6768911e-01	  -2.4609375e+01	
   2.7000000e-01	   0.0000000e+00	  -3.3083635e-01	  -2.4741211e+01	
   2.8000000e-01	   0.0000000e+00	  -6.5341165e-01	  -2.4301758e+01	
   2.9000000e-01	   0.0000000e+00	  -1.1578615e-01	  -2.5795898e+01	
   3.0000000e-01	   0.0000000e+00	   1.1288962e-02	  -2.4323730e+01	
   3.1000000e-01	   0.0000000e+00	   3.3386426e-01	  -2.3598633e+01	
   3.2000000e-01	   0.0000000e+00	  -1.4511118e-01	  -2.5664063e+01	
   3.3000000e-01	   0.0000000e+00	  -7.0228670e-01	  -2.6081543e+01	
   3.4000000e-01	   0.0000000e+00	  -9.9553697e-01	  -2.5246582e+01	
   3.5000000e-01	   0.0000000e+00	  -1.6466120e-01	  -2.5004883e+01	
   3.6000000e-01	   0.0000000e+00	  -1.1812621e+00	  -2.5026855e+01	
   3.7000000e-01	   0.0000000e+00	   2.8498921e-01	  -2.4125977e+01	
   3.8000000e-01	   0.0000000e+00	   4.5116437e-01	  -2.5334473e+01	
   3.9000000e-01	   0.0000000e+00	   1.3836408e-01	  -2.4060059e+01	
   4.0000000e-01	   0.0000000e+00	  -5.0678652e-01	  -2.2258301e+01	
   4.1000000e-01	   0.0000000e+00	  -1.7443621e-01	  -2.3620605e+01	
   4.2000000e-01	   0.0000000e+00	   1.1842900e+00	  -2.3203125e+01	
   4.3000000e-01	   0.0000000e+00	  -1.1812621e+00	  -2.5070801e+01	
   4.4000000e-01	   0.0000000e+00	  -5.3611154e-01	  -2.5180664e+01	
   4.5000000e-01	   0.0000000e+00	   1.8723912e-01	  -2.4631348e+01	
   4.6000000e-01	   0.0000000e+00	  -5.7521158e-01	  -2.4631348e+01	
   4.7000000e-01	   0.0000000e+00	  -4.6768648e-01	  -2.4653320e+01	
   4.8000000e-01	   0.0000000e+00	   6.0164007e-02	  -2.4169922e+01	
   4.9000000e-01	   0.0000000e+00	  -6.4363664e-01	  -2.3906250e+01	
   5.0000000e-01	   0.0000000e+00	  -5.7521158e-01	  -2.3818359e+01	
   5.1000000e-01	   0.0000000e+00	   4.4138936e-01	  -2.5466309e+01	
   5.2000000e-01	   0.0000000e+00	  -4.2858644e-01	  -2.5773926e+01	
   5.3000000e-01	   0.0000000e+00	  -9.8576196e-01	  -2.5246582e+01	
   5.4000000e-01	   0.0000000e+00	  -1.2399122e+00	  -2.3576660e+01	
   5.5000000e-01	   0.0000000e+00	  -1.4745124e+00	  -2.5773926e+01	
   5.6000000e-01	   0.0000000e+00	  -6.4363664e-01	  -2.4829102e+01	
   5.7000000e-01	   0.0000000e+00	   2.0678914e-01	  -2.4916992e+01	
   5.8000000e-01	   0.0000000e+00	  -1.4511118e-01	  -2.4960938e+01	
   5.9000000e-01	   0.0000000e+00	  -1.3376623e+00	  -2.4016113e+01	
   6.0000000e-01	   0.0000000e+00	  -5.4588655e-01	  -2.4279785e+01	
   6.1000000e-01	   0.0000000e+00	  -1.6406876e+00	  -2.5729980e+01	
   6.2000000e-01	   0.0000000e+00	  -6.0453661e-01	  -2.4235840e+01	
   6.3000000e-01	   0.0000000e+00	  -2.1353624e-01	  -2.2609863e+01	
   6.4000000e-01	   0.0000000e+00	  -1.8421122e-01	  -2.4082031e+01	
   6.5000000e-01	   0.0000000e+00	   5.0388998e-02	  -2.4301758e+01	
   6.6000000e-01	   0.0000000e+00	  -7.6093675e-01	  -2.4565430e+01	
   6.7000000e-01	   0.0000000e+00	  -2.0376124e-01	  -2.3994141e+01	
   6.8000000e-01	   0.0000000e+00	  -5.2633653e-01	  -2.4851074e+01	
   6.9000000e-01	   0.0000000e+00	  -1.3669873e+00	  -2.4565430e+01	
   7.0000000e-01	   0.0000000e+00	  -1.7443621e-01	  -2.4697266e+01	
   7.1000000e-01	   0.0000000e+00	  -4.8723650e-01	  -2.5246582e+01	
   7.2000000e-01	   0.0000000e+00	  -6.9251169e-01	  -2.4938965e+01	
   7.3000000e-01	   0.0000000e+00	   1.1288962e-02	  -2.2500000e+01	
   7.4000000e-01	   0.0000000e+00	   3.9251431e-01	  -2.4082031e+01	
   7.5000000e-01	   0.0000000e+00	   1.6768911e-01	  -2.5026855e+01	
   7.6000000e-01	   0.0000000e+00	  -9.1733689e-01	  -2.4499512e+01	
   7.7000000e-01	   0.0000000e+00	  -5.3611154e-01	  -2.3972168e+01	
   7.8000000e-01	   0.0000000e+00	  -9.7598695e-01	  -2.4609375e+01	
   7.9000000e-01	   0.0000000e+00	  -9.1733689e-01	  -2.5092773e+01	
   8.0000000e-01	   0.0000000e+00	   3.2408925e-01	  -2.4323730e+01	
   8.1000000e-01	   0.0000000e+00	   1.0903905e-01	  -2.4323730e+01	
   8.2000000e-01	   0.0000000e+00	  -2.1353624e-01	  -2.5400391e+01	
   8.3000000e-01	   0.0000000e+00	  -2.3308626e-01	  -2.7004395e+01	
   8.4000000e-01	   0.0000000e+00	   1.2858907e-01	  -2.6564941e+01	
   8.5000000e-01	   0.0000000e+00	  -7.6686119e-02	  -2.1577148e+01	
   8.6000000e-01	   0.0000000e+00	   9.9264043e-02	  -2.1752930e+01	
   8.7000000e-01	   0.0000000e+00	  -3.0151133e-01	  -2.1049805e+01	
   8.8000000e-01	   0.0000000e+00	  -1.5527125e+00	  -2.5839844e+01	
   8.9000000e-01	   0.0000000e+00	  -9.6621194e-01	  -2.5883789e+01	
   9.0000000e-01	   0.0000000e+00	   1.8723912e-01	  -2.1730957e+01	
   9.1000000e-01	   0.0000000e+00	   1.1647400e+00	  -2.4016113e+01	
   9.2000000e-01	   0.0000000e+00	  -2.2331125e-01	  -2.3488770e+01	
   9.3000000e-01	   0.0000000e+00	  -4.8723650e-01	  -2.6784668e+01	
   9.4000000e-01	   0.0000000e+00	   4.1206433e-01	  -2.4279785e+01	
   9.5000000e-01	   0.0000000e+00	  -1.5527125e+00	  -2.3620605e+01	
   9.6000000e-01	   0.0000000e+00	   2.8498921e-01	  -2.3203125e+01	
   9.7000000e-01	   0.0000000e+00	  -7.0228670e-01	  -2.5839844e+01	
   9.8000000e-01	   0.0000000e+00	  -2.5263628e-01	  -2.5729980e+01	
   9.9000000e-01	   0.0000000e+00	  -6.8273668e-01	  -2.5773926e+01	
   1.0000000e+00	   0.0000000e+00	   9.3991482e-01	  -2.3115234e+01	
   1.0100000e+00	   0.0000000e+00	   5.6846448e-01	  -2.4016113e+01	
   1.0200000e+00	   0.0000000e+00	  -8.6461128e-02	  -2.4235840e+01	
   1.0300000e+00	   0.0000000e+00	  -1.5488619e-01	  -2.3356934e+01	
   1.0400000e+00	   0.0000000e+00	  -3.6016138e-01	  -2.6279297e+01	
   1.0500000e+00	   0.0000000e+00	   3.2408925e-01	  -2.3774414e+01	
   1.0600000e+00	   0.0000000e+00	  -6.0453661e-01	  -2.4191895e+01	
   1.0700000e+00	   0.0000000e+00	  -4.7361092e-02	  -2.4060059e+01	
   1.0800000e+00	   0.0000000e+00	   2.0678914e-01	  -2.3950195e+01	
   1.0900000e+00	   0.0000000e+00	   3.6318929e-01	  -2.6213379e+01	
   1.1000000e+00	   0.0000000e+00	   5.1958943e-01	  -2.4960938e+01	
   1.1100000e+00	   0.0000000e+00	   1.5791410e-01	  -2.3159180e+01	
   1.1200000e+00	   0.0000000e+00	   5.5868947e-01	  -2.4433594e+01	
   1.1300000e+00	   0.0000000e+00	  -1.3278873e+00	  -2.5444336e+01	
   1.1400000e+00	   0.0000000e+00	  -5.8498659e-01	  -2.5642090e+01	
   1.1500000e+00	   0.0000000e+00	   3.0453923e-01	  -2.3708496e+01	
   1.1600000e+00	   0.0000000e+00	   3.6318929e-01	  -2.1950684e+01	
   1.1700000e+00	   0.0000000e+00	   2.5566419e-01	  -2.4785156e+01	
   1.1800000e+00	   0.0000000e+00	   9.9264043e-02	  -2.1730957e+01	
   1.1900000e+00	   0.0000000e+00	   1.8723912e-01	  -2.3378906e+01	
   1.2000000e+00	   0.0000000e+00	   5.0388998e-02	  -2.1708984e+01	
   1.2100000e+00	   0.0000000e+00	  -1.6466120e-01	  -2.2609863e+01	
   1.2200000e+00	   0.0000000e+00	   6.9939016e-02	  -2.6520996e+01	
   1.2300000e+00	   0.0000000e+00	   1.4813909e-01	  -2.5773926e+01	
   1.2400000e+00	   0.0000000e+00	  -2.6241129e-01	  -2.4455566e+01	
   1.2500000e+00	   0.0000000e+00	  -3.8948641e-01	  -2.3928223e+01	
   1.2600000e+00	   0.0000000e+00	  -9.0756188e-01	  -2.4938965e+01	
   1.2700000e+00	   0.0000000e+00	   5.2936444e-01	  -2.3291016e+01	
   1.2800000e+00	   0.0000000e+00	  -3.8948641e-01	  -2.4631348e+01	
   1.2900000e+00	   0.0000000e+00	  -6.6911110e-02	  -2.3950195e+01	
   1.3000000e+00	   0.0000000e+00	  -2.7811074e-02	  -2.2434082e+01	
   1.3100000e+00	   0.0000000e+00	  -3.7586083e-02	  -2.3994141e+01	
   1.3200000e+00	   0.0000000e+00	   2.2633916e-01	  -2.3664551e+01	
   1.3300000e+00	   0.0000000e+00	  -4.7746149e-01	  -2.4060059e+01	
   1.3400000e+00	   0.0000000e+00	   6.6621457e-01	  -2.3906250e+01	
   1.3500000e+00	   0.0000000e+00	   5.0388998e-02	  -2.3686523e+01	
   1.3600000e+00	   0.0000000e+00	   9.3013981e-01	  -2.2653809e+01	
   1.3700000e+00	   0.0000000e+00	  -4.9701151e-01	  -2.4763184e+01	
   1.3800000e+00	   0.0000000e+00	   9.9264043e-02	  -2.6279297e+01	
   1.3900000e+00	   0.0000000e+00	   1.3836408e-01	  -2.2148438e+01	
   1.4000000e+00	   0.0000000e+00	   6.0164007e-02	  -2.2697754e+01	
   1.4100000e+00	   0.0000000e+00	  -8.2610556e-03	  -2.3752441e+01	
   1.4200000e+00	   0.0000000e+00	   2.9476422e-01	  -2.0764160e+01	
   1.4300000e+00	   0.0000000e+00	  -1.6466120e-01	  -2.3818359e+01	
   1.4400000e+00	   0.0000000e+00	   3.3386426e-01	  -2.3642578e+01	
   1.4500000e+00	   0.0000000e+00	   4.1206433e-01	  -2.3906250e+01	
   1.4600000e+00	   0.0000000e+00	   1.6143904e+00	  -2.2609863e+01	
   1.4700000e+00	   0.0000000e+00	   1.8723912e-01	  -2.3708496e+01	
   1.4800000e+00	   0.0000000e+00	  -1.2887872e+00	  -2.4982910e+01	
   1.4900000e+00	   0.0000000e+00	   1.1288962e-02	  -2.4235840e+01	
   1.5000000e+00	   0.0000000e+00	   4.6093938e-01	  -2.3554688e+01	
   1.5100000e+00	   0.0000000e+00	   4.5116437e-01	  -2.3774414e+01	
   1.5200000e+00	   0.0000000e+00	   1.3504652e+00	  -2.5993652e+01	
   1.5300000e+00	   0.0000000e+00	   1.4813909e-01	  -2.4279785e+01	
   1.5400000e+00	   0.0000000e+00	  -2.8196131e-01	  -2.3027344e+01	
   1.5500000e+00	   0.0000000e+00	  -2.8196131e-01	  -2.4257813e+01	
   1.5600000e+00	   0.0000000e+00	   3.6318929e-01	  -2.6037598e+01	
   1.5700000e+00	   0.0000000e+00	  -1.0541870e+00	  -2.3510742e+01	
   1.5800000e+00	   0.0000000e+00	  -1.6466120e-01	  -2.2917480e+01	
   1.5900000e+00	   0.0000000e+00	  -2.4286127e-01	  -2.3071289e+01	
   1.6000000e+00	   0.0000000e+00	  -4.0903642e-01	  -2.3664551e+01	
   1.6100000e+00	   0.0000000e+00	   7.9714025e-02	  -2.1423340e+01	
   1.6200000e+00	   0.0000000e+00	   1.3836408e-01	  -2.4016113e+01	
   1.6300000e+00	   0.0000000e+00	   1.6768911e-01	  -2.4499512e+01	
   1.6400000e+00	   0.0000000e+00	   1.8723912e-01	  -2.6367188e+01	
   1.6500000e+00	   0.0000000e+00	  -4.2858644e-01	  -2.5202637e+01	
   1.6600000e+00	   0.0000000e+00	   1.2918151e+00	  -2.4741211e+01	
   1.6700000e+00	   0.0000000e+00	  -3.9926142e-01	  -2.4257813e+01	
   1.6800000e+00	   0.0000000e+00	   5.9778950e-01	  -2.3598633e+01	
   1.6900000e+00	   0.0000000e+00	  -3.0151133e-01	  -2.4213867e+01	
   1.7000000e+00	   0.0000000e+00	  -1.0932871e+00	  -2.4982910e+01	
   1.7100000e+00	   0.0000000e+00	   3.0838980e-02	  -2.2170410e+01	
   1.7200000e+00	   0.0000000e+00	  -2.1353624e-01	  -2.4411621e+01	
   1.7300000e+00	   0.0000000e+00	  -6.6318666e-01	  -2.4411621e+01	
   1.7400000e+00	   0.0000000e+00	  -5.5566156e-01	  -2.3247070e+01	
   1.7500000e+00	   0.0000000e+00	  -6.2408662e-01	  -2.5729980e+01	
   1.7600000e+00	   0.0000000e+00	   5.4891446e-01	  -2.6586914e+01	
   1.7700000e+00	   0.0000000e+00	  -4.3836145e-01	  -2.4719238e+01	
   1.7800000e+00	   0.0000000e+00	  -8.0981179e-01	  -2.3840332e+01	
   1.7900000e+00	   0.0000000e+00	  -3.7971140e-01	  -2.5400391e+01	
   1.8000000e+00	   0.0000000e+00	  -1.3533617e-01	  -2.4916992e+01	
   1.8100000e+00	   0.0000000e+00	  -7.7071176e-01	  -2.4916992e+01	
   1.8200000e+00	   0.0000000e+00	   2.0678914e-01	  -2.4169922e+01	
   1.8300000e+00	   0.0000000e+00	  -6.3386163e-01	  -2.5004883e+01	
   1.8400000e+00	   0.0000000e+00	  -6.5341165e-01	  -2.4235840e+01	
   1.8500000e+00	   0.0000000e+00	  -4.1881143e-01	  -2.6433105e+01	
   1.8600000e+00	   0.0000000e+00	  -2.4286127e-01	  -2.4675293e+01	
   1.8700000e+00	   0.0000000e+00	  -2.8196131e-01	  -2.5708008e+01	
   1.8800000e+00	   0.0000000e+00	   8.4216473e-01	  -2.6608887e+01	
   1.8900000e+00	   0.0000000e+00	  -1.9398623e-01	  -2.2346191e+01	
   1.9000000e+00	   0.0000000e+00	   2.1656415e-01	  -2.3994141e+01	
   1.9100000e+00	   0.0000000e+00	  -5.6543657e-01	  -2.5158691e+01	
   1.9200000e+00	   0.0000000e+00	   9.4968983e-01	  -2.4082031e+01	
   1.9300000e+00	   0.0000000e+00	  -8.2936181e-01	  -2.5136719e+01	
   1.9400000e+00	   0.0000000e+00	   2.4588918e-01	  -2.4257813e+01	
   1.9500000e+00	   0.0000000e+00	  -5.5566156e-01	  -2.5510254e+01	
   1.9600000e+00	   0.0000000e+00	  -8.4891183e-01	  -2.5708008e+01	
   1.9700000e+00	   0.0000000e+00	  -9.5643693e-01	  -2.5092773e+01	
   1.9800000e+00	   0.0000000e+00	  -2.7218630e-01	  -2.5664063e+01	
   1.9900000e+00	   0.0000000e+00	  -3.2106134e-01	  -2.4785156e+01	
   2.0000000e+00	   4.0000000e+00	   1.8723912e-01	  -2.4455566e+01	
   2.0100000e+00	   4.0000000e+00	   2.1063971e-02	  -2.4345703e+01	
   2.0200000e+00	   4.0000000e+00	  -2.2331125e-01	  -2.6674805e+01	
   2.0300000e+00	   4.0000000e+00	   1.7746412e-01	  -2.4763184e+01	
   2.0400000e+00	   4.0000000e+00	   2.3670661e+00	  -2.4565430e+01	
   2.0500000e+00	   4.0000000e+00	   1.6828155e+00	  -2.4938965e+01	
   2.0600000e+00	   4.0000000e+00	   2.5136913e+00	  -2.4433594e+01	
   2.0700000e+00	   4.0000000e+00	   4.6544182e+00	  -2.2807617e+01	
   2.0800000e+00	   4.0000000e+00	   4.5273431e+00	  -2.1950684e+01	
   2.0900000e+00	   4.0000000e+00	   4.6055432e+00	  -2.0852051e+01	
   2.1000000e+00	   4.0000000e+00	   6.0424695e+00	  -2.2016602e+01	
   2.1100000e+00	   4.0000000e+00	   5.4168689e+00	  -2.3203125e+01	
   2.1200000e+00	   4.0000000e+00	   6.5116700e+00	  -2.1818848e+01	
   2.1300000e+00	   4.0000000e+00	   7.1763706e+00	  -2.1225586e+01	
   2.1400000e+00	   4.0000000e+00	   8.3298216e+00	  -2.0478516e+01	
   2.1500000e+00	   4.0000000e+00	   8.7403720e+00	  -2.0061035e+01	
   2.1600000e+00	   4.0000000e+00	   1.0294598e+01	  -1.8039551e+01	
   2.1700000e+00	   4.0000000e+00	   9.7667480e+00	  -1.7819824e+01	
   2.1800000e+00	   4.0000000e+00	   1.0020898e+01	  -1.8500977e+01	
   2.1900000e+00	   4.0000000e+00	   1.0773574e+01	  -1.8984375e+01	
   2.2000000e+00	   4.0000000e+00	   1.1878150e+01	  -1.6809082e+01	
   2.2100000e+00	   4.0000000e+00	   1.2142075e+01	  -1.8654785e+01	
   2.2200000e+00	   4.0000000e+00	   1.4204602e+01	  -1.6193848e+01	
   2.2300000e+00	   4.0000000e+00	   1.2689476e+01	  -1.5908203e+01	
   2.2400000e+00	   4.0000000e+00	   1.3979777e+01	  -1.2172852e+01	
   2.2500000e+00	   4.0000000e+00	   1.5260303e+01	  -9.7558594e+00	
   2.2600000e+00	   4.0000000e+00	   1.5915229e+01	  -8.8110352e+00	
   2.2700000e+00	   4.0000000e+00	   1.5563328e+01	  -6.8334961e+00	
   2.2800000e+00	   4.0000000e+00	   1.6677679e+01	  -8.5034180e+00	
   2.2900000e+00	   4.0000000e+00	   1.7215305e+01	  -9.0527344e+00	
   2.3000000e+00	   4.0000000e+00	   1.8300331e+01	  -6.3500977e+00	
   2.3100000e+00	   4.0000000e+00	   1.9316932e+01	  -4.2407227e+00	
   2.3200000e+00	   4.0000000e+00	   1.9287607e+01	  -4.8779297e+00	
   2.3300000e+00	   4.0000000e+00	   1.7557430e+01	  -1.7358398e+00	
   2.3400000e+00	   4.0000000e+00	   2.0216233e+01	  -3.8452148e+00	
   2.3500000e+00	   4.0000000e+00	   1.8955256e+01	  -1.1865234e+00	
   2.3600000e+00	   4.0000000e+00	   2.1838884e+01	   3.0322266e+00	
   2.3700000e+00	   4.0000000e+00	   2.0900483e+01	   4.9438477e+00	
   2.3800000e+00	   4.0000000e+00	   2.1516309e+01	   4.8999023e+00	
   2.3900000e+00	   4.0000000e+00	   2.1917084e+01	   5.7788086e+00	
   2.4000000e+00	   4.0000000e+00	   2.1672709e+01	   6.3720703e+00	
   2.4100000e+00	   4.0000000e+00	   2.2161459e+01	   7.8222656e+00	
   2.4200000e+00	   4.0000000e+00	   2.3989386e+01	   1.1359863e+01	
   2.4300000e+00	   4.0000000e+00	   2.3354010e+01	   8.3935547e+00	
   2.4400000e+00	   4.0000000e+00	   2.3950286e+01	   1.0261230e+01	
   2.4500000e+00	   4.0000000e+00	   2.3920961e+01	   1.4106445e+01	
   2.4600000e+00	   4.0000000e+00	   2.5700013e+01	   1.6149902e+01	
   2.4700000e+00	   4.0000000e+00	   2.5084187e+01	   1.6940918e+01	
   2.4800000e+00	   4.0000000e+00	   2.6736164e+01	   1.6457520e+01	
   2.4900000e+00	   4.0000000e+00	   2.6081238e+01	   1.7753906e+01	
   2.5000000e+00	   4.0000000e+00	   2.6843689e+01	   2.2697754e+01	
   2.5100000e+00	   4.0000000e+00	   2.6511338e+01	   2.0104980e+01	
   2.5200000e+00	   4.0000000e+00	   2.6863239e+01	   2.5620117e+01	
   2.5300000e+00	   4.0000000e+00	   2.7596364e+01	   2.7663574e+01	
   2.5400000e+00	   4.0000000e+00	   2.6873014e+01	   2.8916016e+01	
   2.5500000e+00	   4.0000000e+00	   2.8466340e+01	   3.2541504e+01	
   2.5600000e+00	   4.0000000e+00	   3.0294267e+01	   3.5002441e+01	
   2.5700000e+00	   4.0000000e+00	   2.8876891e+01	   3.5661621e+01	
   2.5800000e+00	   4.0000000e+00	   2.9209241e+01	   3.2651367e+01	
   2.5900000e+00	   4.0000000e+00	   2.9072391e+01	   3.7287598e+01	
   2.6000000e+00	   4.0000000e+00	   2.9072391e+01	   4.2011719e+01	
   2.6100000e+00	   4.0000000e+00	   2.9727316e+01	   4.4538574e+01	
   2.6200000e+00	   4.0000000e+00	   3.0724367e+01	   4.5175781e+01	
   2.6300000e+00	   4.0000000e+00	   3.1007843e+01	   4.8669434e+01	
   2.6400000e+00	   4.0000000e+00	   3.1125143e+01	   4.9592285e+01	
   2.6500000e+00	   4.0000000e+00	   3.0440892e+01	   4.6186523e+01	
   2.6600000e+00	   4.0000000e+00	   3.1926693e+01	   5.4909668e+01	
   2.6700000e+00	   4.0000000e+00	   3.1115368e+01	   5.7612305e+01	
   2.6800000e+00	   4.0000000e+00	   3.2190619e+01	   5.6074219e+01	
   2.6900000e+00	   4.0000000e+00	   3.1066493e+01	   5.6579590e+01	
   2.7000000e+00	   4.0000000e+00	   2.9873941e+01	   5.7304688e+01	
   2.7100000e+00	   4.0000000e+00	   3.2513194e+01	   6.1083984e+01	
   2.7200000e+00	   4.0000000e+00	   3.2268819e+01	   6.0710449e+01	
   2.7300000e+00	   4.0000000e+00	   3.2884644e+01	   6.9873047e+01	
   2.7400000e+00	   4.0000000e+00	   3.4243371e+01	   6.9631348e+01	
   2.7500000e+00	   4.0000000e+00	   3.0802567e+01	   6.8159180e+01	
   2.7600000e+00	   4.0000000e+00	   3.2200394e+01	   7.2092285e+01	
   2.7700000e+00	   4.0000000e+00	   3.3510245e+01	   7.3564453e+01	
   2.7800000e+00	   4.0000000e+00	   3.3412495e+01	   7.2795410e+01	
   2.7900000e+00	   4.0000000e+00	   3.3588445e+01	   7.7651367e+01	
   2.8000000e+00	   4.0000000e+00	   3.3441820e+01	   8.0969238e+01	
   2.8100000e+00	   4.0000000e+00	   3.2337244e+01	   8.4023438e+01	
   2.8200000e+00	   4.0000000e+00	   3.4419321e+01	   8.6989746e+01	
   2.8300000e+00	   4.0000000e+00	   3.4155395e+01	   8.3671875e+01	
   2.8400000e+00	   4.0000000e+00	   3.4116295e+01	   9.0505371e+01	
   2.8500000e+00	   4.0000000e+00	   3.4702796e+01	   9.2614746e+01	
   2.8600000e+00	   4.0000000e+00	   3.3031269e+01	   9.2988281e+01	
   2.8700000e+00	   4.0000000e+00	   3.4272696e+01	   9.5449219e+01	
   2.8800000e+00	   4.0000000e+00	   3.5250196e+01	   9.7382813e+01	
   2.8900000e+00	   4.0000000e+00	   3.5347947e+01	   1.0327148e+02	
   2.9000000e+00	   4.0000000e+00	   3.5357722e+01	   1.0522705e+02	
   2.9100000e+00	   4.0000000e+00	   3.4829871e+01	   1.0577637e+02	
   2.9200000e+00	   4.0000000e+00	   3.4145620e+01	   1.0669922e+02	
   2.9300000e+00	   4.0000000e+00	   3.5533672e+01	   1.0885254e+02	
   2.9400000e+00	   4.0000000e+00	   3.5064471e+01	   1.1342285e+02	
   2.9500000e+00	   4.0000000e+00	   3.6599148e+01	   1.1625732e+02	
   2.9600000e+00	   4.0000000e+00	   3.6071297e+01	   1.1816895e+02	
   2.9700000e+00	   4.0000000e+00	   3.5171996e+01	   1.2005859e+02	
   2.9800000e+00	   4.0000000e+00	   3.5787822e+01	   1.2148682e+02	
   2.9900000e+00	   4.0000000e+00	   3.5582547e+01	   1.2643066e+02	
   3.0000000e+00	   4.0000000e+00	   3.6716448e+01	   1.2763916e+02	
   3.0100000e+00	   4.0000000e+00	   3.7205198e+01	   1.3115479e+02	
   3.0200000e+00	   4.0000000e+00	   3.4712571e+01	   1.2959473e+02	
   3.0300000e+00	   4.0000000e+00	   3.6520948e+01	   1.3256104e+02	
   3.0400000e+00	   4.0000000e+00	   3.6315672e+01	   1.3623047e+02	
   3.0500000e+00	   4.0000000e+00	   3.6520948e+01	   1.3954834e+02	
   3.0600000e+00	   4.0000000e+00	   3.7605974e+01	   1.4671143e+02	
   3.0700000e+00	   4.0000000e+00	   3.7175873e+01	   1.4677734e+02	
   3.0800000e+00	   4.0000000e+00	   3.5416372e+01	   1.4739258e+02	
   3.0900000e+00	   4.0000000e+00	   3.7615749e+01	   1.4625000e+02	
   3.1000000e+00	   4.0000000e+00	   3.6599148e+01	   1.5609375e+02	
   3.1100000e+00	   4.0000000e+00	   3.6765323e+01	   1.5455566e+02	
   3.1200000e+00	   4.0000000e+00	   3.7244298e+01	   1.5598389e+02	
   3.1300000e+00	   4.0000000e+00	   3.7605974e+01	   1.6002686e+02	
   3.1400000e+00	   4.0000000e+00	   3.7136773e+01	   1.5903809e+02	
   3.1500000e+00	   4.0000000e+00	   3.7821024e+01	   1.6431152e+02	
   3.1600000e+00	   4.0000000e+00	   3.8827850e+01	   1.6859619e+02	
   3.1700000e+00	   4.0000000e+00	   3.6599148e+01	   1.7079346e+02	
   3.1800000e+00	   4.0000000e+00	   3.9082000e+01	   1.7085938e+02	
   3.1900000e+00	   4.0000000e+00	   3.7684174e+01	   1.7536377e+02	
   3.2000000e+00	   4.0000000e+00	   3.6951048e+01	   1.7580322e+02	
   3.2100000e+00	   4.0000000e+00	   3.9257950e+01	   1.7422119e+02	
   3.2200000e+00	   4.0000000e+00	   3.8876725e+01	   1.7749512e+02	
   3.2300000e+00	   4.0000000e+00	   3.8221799e+01	   1.7575928e+02	
   3.2400000e+00	   4.0000000e+00	   3.8378199e+01	  -1.1030273e+01	
   3.2500000e+00	   4.0000000e+00	   3.7733049e+01	  -1.2722168e+01	
   3.2600000e+00	   4.0000000e+00	   3.9345925e+01	  -1.8000000e+02	
   3.2700000e+00	   4.0000000e+00	   3.8407524e+01	  -1.8000000e+02	
   3.2800000e+00	   4.0000000e+00	   3.7635299e+01	  -1.8000000e+02	
   3.2900000e+00	   4.0000000e+00	   3.9052675e+01	  -1.8000000e+02	
   3.3000000e+00	   4.0000000e+00	   3.8084949e+01	  -1.7892334e+02	
   3.3100000e+00	   4.0000000e+00	   3.9805351e+01	  -1.7578125e+02	
   3.3200000e+00	   4.0000000e+00	   3.6491623e+01	  -1.7606689e+02	
   3.3300000e+00	   4.0000000e+00	   3.8192474e+01	  -1.7397949e+02	
   3.3400000e+00	   4.0000000e+00	   3.7332273e+01	  -1.6976074e+02	
   3.3500000e+00	   4.0000000e+00	   3.8573700e+01	  -1.6453125e+02	
   3.3600000e+00	   4.0000000e+00	   3.7488674e+01	  -1.6648682e+02	
   3.3700000e+00	   4.0000000e+00	   3.8700775e+01	  -1.6097168e+02	
   3.3800000e+00	   4.0000000e+00	   3.7684174e+01	  -1.6011475e+02	
   3.3900000e+00	   4.0000000e+00	   3.8084949e+01	  -1.5780762e+02	
   3.4000000e+00	   4.0000000e+00	   3.9345925e+01	  -1.5411621e+02	
   3.4100000e+00	   4.0000000e+00	   3.7126998e+01	  -1.5314941e+02	
   3.4200000e+00	   4.0000000e+00	   3.8925600e+01	  -1.4759033e+02	
   3.4300000e+00	   4.0000000e+00	   3.8055624e+01	  -1.4671143e+02	
   3.4400000e+00	   4.0000000e+00	   3.8866950e+01	  -1.4526123e+02	
   3.4500000e+00	   4.0000000e+00	   3.9463225e+01	  -1.4145996e+02	
   3.4600000e+00	   4.0000000e+00	   3.7214973e+01	  -1.3884521e+02	
   3.4700000e+00	   4.0000000e+00	   3.8241349e+01	  -1.3919678e+02	
   3.4800000e+00	   4.0000000e+00	   3.9580525e+01	  -1.3513184e+02	
   3.4900000e+00	   4.0000000e+00	   3.7654849e+01	  -1.3385742e+02	
   3.5000000e+00	   4.0000000e+00	   3.8710550e+01	  -1.2924316e+02	
   3.5100000e+00	   4.0000000e+00	   3.8534599e+01	  -1.2801270e+02	
   3.5200000e+00	   4.0000000e+00	   3.9463225e+01	  -1.2456299e+02	
   3.5300000e+00	   4.0000000e+00	   3.8202249e+01	  -1.2353027e+02	
   3.5400000e+00	   4.0000000e+00	   4.0997902e+01	  -1.2095947e+02	
   3.5500000e+00	   4.0000000e+00	   3.9209075e+01	  -1.1766357e+02	
   3.5600000e+00	   4.0000000e+00	   3.8319549e+01	  -1.1632324e+02	
   3.5700000e+00	   4.0000000e+00	   3.8935375e+01	  -1.1236816e+02	
   3.5800000e+00	   4.0000000e+00	   3.9091775e+01	  -1.1175293e+02	
   3.5900000e+00	   4.0000000e+00	   3.8808300e+01	  -1.0744629e+02	
   3.6000000e+00	   4.0000000e+00	   3.9785801e+01	  -1.0623779e+02	
   3.6100000e+00	   4.0000000e+00	   3.9238400e+01	  -1.0441406e+02	
   3.6200000e+00	   4.0000000e+00	   4.0450501e+01	  -1.0054688e+02	
   3.6300000e+00	   4.0000000e+00	   3.9658726e+01	  -9.8657227e+01	
   3.6400000e+00	   4.0000000e+00	   3.8407524e+01	  -9.6437988e+01	
   3.6500000e+00	   4.0000000e+00	   3.9453450e+01	  -9.3515625e+01	
   3.6600000e+00	   4.0000000e+00	   3.9453450e+01	  -9.1340332e+01	
   3.6700000e+00	   4.0000000e+00	   3.9590300e+01	  -8.8659668e+01	
   3.6800000e+00	   4.0000000e+00	   3.8876725e+01	  -8.7868652e+01	
   3.6900000e+00	   4.0000000e+00	   3.8495499e+01	  -8.4396973e+01	
   3.7000000e+00	   4.0000000e+00	   3.8495499e+01	  -8.2595215e+01	
   3.7100000e+00	   4.0000000e+00	   4.0460276e+01	  -7.9057617e+01	
   3.7200000e+00	   4.0000000e+00	   3.9033125e+01	  -7.7409668e+01	
   3.7300000e+00	   4.0000000e+00	   3.9121100e+01	  -7.4816895e+01	
   3.7400000e+00	   4.0000000e+00	   3.8583475e+01	  -7.2817383e+01	
   3.7500000e+00	   4.0000000e+00	   3.8876725e+01	  -7.0686035e+01	
   3.7600000e+00	   4.0000000e+00	   3.9609850e+01	  -6.8225098e+01	
   3.7700000e+00	   4.0000000e+00	   3.8906050e+01	  -6.5478516e+01	
   3.7800000e+00	   4.0000000e+00	   3.8583475e+01	  -6.1149902e+01	
   3.7900000e+00	   4.0000000e+00	   3.9042900e+01	  -6.1721191e+01	
   3.8000000e+00	   4.0000000e+00	   3.8378199e+01	  -5.9018555e+01	
   3.8100000e+00	   4.0000000e+00	   4.0137701e+01	  -5.6997070e+01	
   3.8200000e+00	   4.0000000e+00	   3.8124049e+01	  -5.4492188e+01	
   3.8300000e+00	   4.0000000e+00	   3.9209075e+01	  -5.1921387e+01	
   3.8400000e+00	   4.0000000e+00	   4.0430951e+01	  -4.7416992e+01	
   3.8500000e+00	   4.0000000e+00	   3.8182699e+01	  -4.7373047e+01	
   3.8600000e+00	   4.0000000e+00	   3.9238400e+01	  -4.3417969e+01	
   3.8700000e+00	   4.0000000e+00	   3.9316600e+01	  -3.9704590e+01	
   3.8800000e+00	   4.0000000e+00	   3.9932426e+01	  -3.9484863e+01	
   3.8900000e+00	   4.0000000e+00	   3.8505274e+01	  -3.6694336e+01	
   3.9000000e+00	   4.0000000e+00	   3.9111325e+01	  -3.3859863e+01	
   3.9100000e+00	   4.0000000e+00	   3.8055624e+01	  -3.3090820e+01	
   3.9200000e+00	   4.0000000e+00	   3.8378199e+01	  -3.0761719e+01	
   3.9300000e+00	   4.0000000e+00	   4.0000851e+01	  -2.8344727e+01	
   3.9400000e+00	   4.0000000e+00	   3.8710550e+01	  -2.3532715e+01	
   3.9500000e+00	   4.0000000e+00	   3.9336150e+01	  -2.4895020e+01	
   3.9600000e+00	   4.0000000e+00	   3.9629400e+01	  -2.1708984e+01	
   3.9700000e+00	   4.0000000e+00	   3.9961751e+01	  -1.6831055e+01	
   3.9800000e+00	   4.0000000e+00	   3.9531650e+01	  -1.3249512e+01	
   3.9900000e+00	   4.0000000e+00	   4.0030176e+01	  -1.0371094e+01	
   4.0000000e+00	   4.0000000e+00	   3.9688051e+01	  -1.0327148e+01	
   4.0100000e+00	   4.0000000e+00	   4.1711477e+01	  -7.3828125e+00	
   4.0200000e+00	   4.0000000e+00	   3.8417299e+01	  -6.5039063e+00	
   4.0300000e+00	   4.0000000e+00	   3.9033125e+01	  -6.0644531e+00	
   4.0400000e+00	   4.0000000e+00	   3.9287275e+01	  -1.5820313e+00	
   4.0500000e+00	   4.0000000e+00	   3.9248175e+01	  -2.6367188e-01	
   4.0600000e+00	   4.0000000e+00	   3.9893326e+01	   5.2514648e+00	
   4.0700000e+00	   4.0000000e+00	   3.8788750e+01	   6.1743164e+00	
   4.0800000e+00	   4.0000000e+00	   3.9052675e+01	   1.1579590e+01	
   4.0900000e+00	   4.0000000e+00	   3.9209075e+01	   1.2678223e+01	
   4.1000000e+00	   4.0000000e+00	   4.0841502e+01	   1.4062500e+01	
   4.1100000e+00	   4.0000000e+00	   3.9091775e+01	   1.6062012e+01	
   4.1200000e+00	   4.0000000e+00	   3.9267725e+01	   1.7292480e+01	
   4.1300000e+00	   4.0000000e+00	   3.9961751e+01	   2.1774902e+01	
   4.1400000e+00	   4.0000000e+00	   3.9355700e+01	   2.1049805e+01	
   4.1500000e+00	   4.0000000e+00	   3.9042900e+01	   2.5576172e+01	
   4.1600000e+00	   4.0000000e+00	   3.9306825e+01	   2.9333496e+01	
   4.1700000e+00	   4.0000000e+00	   3.8260899e+01	   3.0124512e+01	
   4.1800000e+00	   4.0000000e+00	   3.9130875e+01	   3.6254883e+01	
   4.1900000e+00	   4.0000000e+00	   3.8925600e+01	   3.8496094e+01	
   4.2000000e+00	   4.0000000e+00	   4.0733976e+01	   3.8298340e+01	
   4.2100000e+00	   4.0000000e+00	   3.8730100e+01	   4.1044922e+01	
   4.2200000e+00	   4.0000000e+00	   3.9785801e+01	   4.4626465e+01	
   4.2300000e+00	   4.0000000e+00	   3.8818075e+01	   4.5329590e+01	
   4.2400000e+00	   4.0000000e+00	   4.0489601e+01	   4.8054199e+01	
   4.2500000e+00	   4.0000000e+00	   3.9218850e+01	   4.8032227e+01	
   4.2600000e+00	   4.0000000e+00	   3.9453450e+01	   5.1174316e+01	
   4.2700000e+00	   4.0000000e+00	   3.8720325e+01	   5.2998047e+01	
   4.2800000e+00	   4.0000000e+00	   3.9336150e+01	   6.0490723e+01	
   4.2900000e+00	   4.0000000e+00	   4.0010626e+01	   6.1721191e+01	
   4.3000000e+00	   4.0000000e+00	   3.9082000e+01	   6.2753906e+01	
   4.3100000e+00	   4.0000000e+00	   3.8945150e+01	   6.6247559e+01	
   4.3200000e+00	   4.0000000e+00	   3.9883551e+01	   6.8510742e+01	
   4.3300000e+00	   4.0000000e+00	   3.9473000e+01	   7.2465820e+01	
   4.3400000e+00	   4.0000000e+00	   3.9297050e+01	   7.3037109e+01	
   4.3500000e+00	   4.0000000e+00	   3.7772149e+01	   7.6442871e+01	
   4.3600000e+00	   4.0000000e+00	   3.9228625e+01	   7.6420898e+01	
   4.3700000e+00	   4.0000000e+00	   3.9287275e+01	   8.4221191e+01	
   4.3800000e+00	   4.0000000e+00	   3.8700775e+01	   8.2792969e+01	
   4.3900000e+00	   4.0000000e+00	   3.9101550e+01	   8.6044922e+01	
   4.4000000e+00	   4.0000000e+00	   3.8290224e+01	   8.8330078e+01	
   4.4100000e+00	   4.0000000e+00	   3.8515049e+01	   9.0922852e+01	
   4.4200000e+00	   4.0000000e+00	   3.9365475e+01	   9.0922852e+01	
   4.4300000e+00	   4.0000000e+00	   3.8505274e+01	   9.6372070e+01	
   4.4400000e+00	   4.0000000e+00	   3.8524824e+01	   1.0008545e+02	
   4.4500000e+00	   4.0000000e+00	   3.7478898e+01	   1.0239258e+02	
   4.4600000e+00	   4.0000000e+00	   3.9932426e+01	   1.0639160e+02	
   4.4700000e+00	   4.0000000e+00	   3.9697826e+01	   1.1078613e+02	
   4.4800000e+00	   4.0000000e+00	   3.9824901e+01	   1.1397217e+02	
   4.4900000e+00	   4.0000000e+00	   3.9551200e+01	   1.1438965e+02	
   4.5000000e+00	   4.0000000e+00	   3.9942201e+01	   1.1434570e+02	
   4.5100000e+00	   4.0000000e+00	   3.9336150e+01	   1.1838867e+02	
   4.5200000e+00	   4.0000000e+00	   3.8270674e+01	   1.1860840e+02	
   4.5300000e+00	   4.0000000e+00	   3.9189525e+01	   1.2153076e+02	
   4.5400000e+00	   4.0000000e+00	   3.7390923e+01	   1.2333252e+02	
   4.5500000e+00	   4.0000000e+00	   3.7615749e+01	   1.2498047e+02	
   4.5600000e+00	   4.0000000e+00	   3.8681225e+01	   1.3084717e+02	
   4.5700000e+00	   4.0000000e+00	   3.8397749e+01	   1.3020996e+02	
   4.5800000e+00	   4.0000000e+00	   3.8984250e+01	   1.3489014e+02	
   4.5900000e+00	   4.0000000e+00	   3.9991076e+01	   1.3862549e+02	
   4.6000000e+00	   4.0000000e+00	   4.0010626e+01	   1.4249268e+02	
   4.6100000e+00	   4.0000000e+00	   3.8847400e+01	   1.4174561e+02	
   4.6200000e+00	   4.0000000e+00	   3.8857175e+01	   1.4598633e+02	
   4.6300000e+00	   4.0000000e+00	   3.9785801e+01	   1.5088623e+02	
   4.6400000e+00	   4.0000000e+00	   3.9013575e+01	   1.5350098e+02	
   4.6500000e+00	   4.0000000e+00	   3.8202249e+01	   1.5240234e+02	
   4.6600000e+00	   4.0000000e+00	   4.1115202e+01	   1.5734619e+02	
   4.6700000e+00	   4.0000000e+00	   3.7869899e+01	   1.5862061e+02	
   4.6800000e+00	   4.0000000e+00	   3.8260899e+01	   1.6105957e+02	
   4.6900000e+00	   4.0000000e+00	   3.9785801e+01	   1.6611328e+02	
   4.7000000e+00	   4.0000000e+00	   3.8681225e+01	   1.6635498e+02	
   4.7100000e+00	   4.0000000e+00	   3.8172924e+01	   1.6672852e+02	
   4.7200000e+00	   4.0000000e+00	   3.9033125e+01	   1.6811279e+02	
   4.7300000e+00	   4.0000000e+00	   3.8857175e+01	   1.7452881e+02	
   4.7400000e+00	   4.0000000e+00	   3.9531650e+01	   1.7542969e+02	
   4.7500000e+00	   4.0000000e+00	   3.9727151e+01	   1.7459473e+02	
   4.7600000e+00	   4.0000000e+00	   3.9248175e+01	   1.7362793e+02	
   4.7700000e+00	   4.0000000e+00	   3.9873776e+01	  -1.2722168e+01	
   4.7800000e+00	   4.0000000e+00	   4.0499376e+01	  -1.2634277e+01	
   4.7900000e+00	   4.0000000e+00	   3.9864001e+01	  -1.8000000e+02	
   4.8000000e+00	   4.0000000e+00	   3.9453450e+01	  -1.8000000e+02	
   4.8100000e+00	   4.0000000e+00	   3.9922651e+01	  -1.8000000e+02	
   4.8200000e+00	   4.0000000e+00	   4.1134752e+01	  -1.8000000e+02	
   4.8300000e+00	   4.0000000e+00	   3.9756476e+01	  -1.7870361e+02	
   4.8400000e+00	   4.0000000e+00	   4.0098601e+01	  -1.7745117e+02	
   4.8500000e+00	   4.0000000e+00	   4.0372301e+01	  -1.7492432e+02	
   4.8600000e+00	   4.0000000e+00	   4.0616676e+01	  -1.7316650e+02	
   4.8700000e+00	   4.0000000e+00	   3.8554149e+01	  -1.7171631e+02	
   4.8800000e+00	   4.0000000e+00	   3.8319549e+01	  -1.6905762e+02	
   4.8900000e+00	   4.0000000e+00	   3.8397749e+01	  -1.6655273e+02	
   4.9000000e+00	   4.0000000e+00	   4.0489601e+01	  -1.6046631e+02	
   4.9100000e+00	   4.0000000e+00	   3.9531650e+01	  -1.6123535e+02	
   4.9200000e+00	   4.0000000e+00	   3.8583475e+01	  -1.5842285e+02	
   4.9300000e+00	   4.0000000e+00	   3.9101550e+01	  -1.5642334e+02	
   4.9400000e+00	   4.0000000e+00	   3.9306825e+01	  -1.5156738e+02	
   4.9500000e+00	   4.0000000e+00	   3.9619625e+01	  -1.4939209e+02	
   4.9600000e+00	   4.0000000e+00	   3.8759425e+01	  -1.4798584e+02	
   4.9700000e+00	   4.0000000e+00	   4.0724201e+01	  -1.4416260e+02	
   4.9800000e+00	   4.0000000e+00	   3.9942201e+01	  -1.4137207e+02	
   4.9900000e+00	   4.0000000e+00	   4.1252052e+01	  -1.3869141e+02	
   5.0000000e+00	   4.0000000e+00	   3.9658726e+01	  -1.3651611e+02	
   5.0100000e+00	   4.0000000e+00	   4.0929477e+01	  -1.3297852e+02	
   5.0200000e+00	   4.0000000e+00	   4.0215901e+01	  -1.3080322e+02	
   5.0300000e+00	   4.0000000e+00	   3.9238400e+01	  -1.3183594e+02	
   5.0400000e+00	   4.0000000e+00	   3.8700775e+01	  -1.2755127e+02	
   5.0500000e+00	   4.0000000e+00	   3.9746701e+01	  -1.2618896e+02	
   5.0600000e+00	   4.0000000e+00	   3.9736926e+01	  -1.2183838e+02	
   5.0700000e+00	   4.0000000e+00	   4.0646001e+01	  -1.1972900e+02	
   5.0800000e+00	   4.0000000e+00	   4.0567801e+01	  -1.1735596e+02	
   5.0900000e+00	   4.0000000e+00	   3.9111325e+01	  -1.1781738e+02	
   5.1000000e+00	   4.0000000e+00	   3.8700775e+01	  -1.1318115e+02	
   5.1100000e+00	   4.0000000e+00	   3.8358649e+01	  -1.1074219e+02	
   5.1200000e+00	   4.0000000e+00	   3.8466174e+01	  -1.0757813e+02	
   5.1300000e+00	   4.0000000e+00	   3.9648950e+01	  -1.0441406e+02	
   5.1400000e+00	   4.0000000e+00	   3.9336150e+01	  -1.0393066e+02	
   5.1500000e+00	   4.0000000e+00	   4.1085877e+01	  -1.0048096e+02	
   5.1600000e+00	   4.0000000e+00	   3.9521875e+01	  -9.7734375e+01	
   5.1700000e+00	   4.0000000e+00	   3.9453450e+01	  -9.5888672e+01	
   5.1800000e+00	   4.0000000e+00	   4.0118151e+01	  -9.4394531e+01	
   5.1900000e+00	   4.0000000e+00	   3.9639175e+01	  -9.0043945e+01	
   5.2000000e+00	   4.0000000e+00	   4.0890377e+01	  -8.8505859e+01	
   5.2100000e+00	   4.0000000e+00	   3.8446624e+01	  -8.7121582e+01	
   5.2200000e+00	   4.0000000e+00	   3.9824901e+01	  -8.4155273e+01	
   5.2300000e+00	   4.0000000e+00	   3.9824901e+01	  -8.2155762e+01	
   5.2400000e+00	   4.0000000e+00	   4.0020401e+01	  -7.7958984e+01	
   5.2500000e+00	   4.0000000e+00	   3.9521875e+01	  -7.6135254e+01	
   5.2600000e+00	   4.0000000e+00	   3.9169975e+01	  -7.3190918e+01	
   5.2700000e+00	   4.0000000e+00	   3.8759425e+01	  -7.1806641e+01	
   5.2800000e+00	   4.0000000e+00	   3.9512100e+01	  -6.8225098e+01	
   5.2900000e+00	   4.0000000e+00	   3.9248175e+01	  -6.5676270e+01	
   5.3000000e+00	   4.0000000e+00	   3.8759425e+01	  -6.4731445e+01	
   5.3100000e+00	   4.0000000e+00	   3.7908999e+01	  -6.3061523e+01	
   5.3200000e+00	   4.0000000e+00	   3.9590300e+01	  -5.9106445e+01	
   5.3300000e+00	   4.0000000e+00	   4.0538476e+01	  -5.8842773e+01	
   5.3400000e+00	   4.0000000e+00	   4.1085877e+01	  -5.4470215e+01	
   5.3500000e+00	   4.0000000e+00	   4.0137701e+01	  -5.0910645e+01	
   5.3600000e+00	   4.0000000e+00	   3.9560975e+01	  -5.0075684e+01	
   5.3700000e+00	   4.0000000e+00	   3.9854226e+01	  -4.6098633e+01	
   5.3800000e+00	   4.0000000e+00	   4.0030176e+01	  -4.5637207e+01	
   5.3900000e+00	   4.0000000e+00	   4.1261827e+01	  -4.3791504e+01	
   5.4000000e+00	   4.0000000e+00	   3.9834676e+01	  -4.0935059e+01	
   5.4100000e+00	   4.0000000e+00	   3.9580525e+01	  -3.9660645e+01	
   5.4200000e+00	   4.0000000e+00	   4.0059501e+01	  -3.6760254e+01	
   5.4300000e+00	   4.0000000e+00	   4.0430951e+01	  -3.3002930e+01	
   5.4400000e+00	   4.0000000e+00	   3.9893326e+01	  -3.3090820e+01	
   5.4500000e+00	   4.0000000e+00	   3.9590300e+01	  -2.7707520e+01	
   5.4600000e+00	   4.0000000e+00	   4.1672377e+01	  -2.7839355e+01	
   5.4700000e+00	   4.0000000e+00	   4.0763302e+01	  -2.2521973e+01	
   5.4800000e+00	   4.0000000e+00	   4.1506202e+01	  -2.1884766e+01	
   5.4900000e+00	   4.0000000e+00	   3.9531650e+01	  -1.7314453e+01	
   5.5000000e+00	   4.0000000e+00	   4.0342976e+01	  -1.2480469e+01	
   5.5100000e+00	   4.0000000e+00	   4.0323426e+01	  -1.3161621e+01	
   5.5200000e+00	   4.0000000e+00	   3.9414350e+01	  -1.2744141e+01	
   5.5300000e+00	   4.0000000e+00	   3.9375250e+01	  -8.5913086e+00	
   5.5400000e+00	   4.0000000e+00	   4.0391851e+01	  -6.8554688e+00	
   5.5500000e+00	   4.0000000e+00	   4.0655776e+01	  -4.4165039e+00	
   5.5600000e+00	   4.0000000e+00	   3.9873776e+01	  -2.1752930e+00	
   5.5700000e+00	   4.0000000e+00	   3.9727151e+01	  -2.3510742e+00	
   5.5800000e+00	   4.0000000e+00	   3.8309774e+01	   4.1308594e+00	
   5.5900000e+00	   4.0000000e+00	   3.9717376e+01	   3.3837891e+00	
   5.6000000e+00	   4.0000000e+00	   3.9033125e+01	   8.3496094e+00	
   5.6100000e+00	   4.0000000e+00	   4.0264776e+01	   1.0480957e+01	
   5.6200000e+00	   4.0000000e+00	   3.8573700e+01	   1.0810547e+01	
   5.6300000e+00	   4.0000000e+00	   3.8994025e+01	   1.4260254e+01	
   5.6400000e+00	   4.0000000e+00	   3.8094724e+01	   1.7028809e+01	
   5.6500000e+00	   4.0000000e+00	   3.8446624e+01	   1.9533691e+01	
   5.6600000e+00	   4.0000000e+00	   3.8114274e+01	   2.2741699e+01	
   5.6700000e+00	   4.0000000e+00	   3.9541425e+01	   2.1445313e+01	
   5.6800000e+00	   4.0000000e+00	   3.9551200e+01	   2.7158203e+01	
   5.6900000e+00	   4.0000000e+00	   3.9414350e+01	   2.7905273e+01	
   5.7000000e+00	   4.0000000e+00	   3.8603025e+01	   3.0937500e+01	
   5.7100000e+00	   4.0000000e+00	   3.8299999e+01	   3.4167480e+01	
   5.7200000e+00	   4.0000000e+00	   4.0108376e+01	   3.6804199e+01	
   5.7300000e+00	   4.0000000e+00	   3.9971526e+01	   3.8891602e+01	
   5.7400000e+00	   4.0000000e+00	   3.9639175e+01	   4.2429199e+01	
   5.7500000e+00	   4.0000000e+00	   4.1095652e+01	   4.5505371e+01	
   5.7600000e+00	   4.0000000e+00	   4.0479826e+01	   4.8339844e+01	
   5.7700000e+00	   4.0000000e+00	   4.0069276e+01	   5.1921387e+01	
   5.7800000e+00	   4.0000000e+00	   3.9482775e+01	   5.4536133e+01	
   5.7900000e+00	   4.0000000e+00	   3.8964700e+01	   5.1965332e+01	
   5.8000000e+00	   4.0000000e+00	   3.8573700e+01	   5.5129395e+01	
   5.8100000e+00	   4.0000000e+00	   3.9082000e+01	   5.9721680e+01	
   5.8200000e+00	   4.0000000e+00	   4.1164077e+01	   6.3940430e+01	
   5.8300000e+00	   4.0000000e+00	   3.8505274e+01	   6.5456543e+01	
   5.8400000e+00	   4.0000000e+00	   3.9707601e+01	   6.9301758e+01	
   5.8500000e+00	   4.0000000e+00	   3.7957874e+01	   6.9301758e+01	
   5.8600000e+00	   4.0000000e+00	   3.8202249e+01	   7.1740723e+01	
   5.8700000e+00	   4.0000000e+00	   3.9864001e+01	   7.2839355e+01	
   5.8800000e+00	   4.0000000e+00	   4.0235451e+01	   7.8925781e+01	
   5.8900000e+00	   4.0000000e+00	   4.0763302e+01	   8.2199707e+01	
   5.9000000e+00	   4.0000000e+00	   3.9502325e+01	   8.5012207e+01	
   5.9100000e+00	   4.0000000e+00	   3.9287275e+01	   8.1298828e+01	
   5.9200000e+00	   4.0000000e+00	   4.0821952e+01	   8.7011719e+01	
   5.9300000e+00	   4.0000000e+00	   3.9864001e+01	   8.7758789e+01	
   5.9400000e+00	   4.0000000e+00	   3.9062450e+01	   9.4152832e+01	
   5.9500000e+00	   4.0000000e+00	   3.9082000e+01	   9.5932617e+01	
   5.9600000e+00	   4.0000000e+00	   3.9991076e+01	   9.8723145e+01	
   5.9700000e+00	   4.0000000e+00	   3.7938324e+01	   9.9931641e+01	
   5.9800000e+00	   4.0000000e+00	   3.8642125e+01	   1.0309570e+02	
   5.9900000e+00	   4.0000000e+00	   3.7713499e+01	   1.0395264e+02	
   6.0000000e+00	   4.0000000e+00	   4.0206126e+01	   1.1109375e+02	
