   0.0000000e+00	  -5.0000000e+01	   4.8713379e+01	  -9.8713379e+00	  -2.3308626e-01	  -2.3308626e-01	  -6.8269386e-02	  -9.6382516e-01	
   5.0000000e-01	  -5.0000000e+01	   4.1462402e+01	  -9.1462402e+00	  -6.6748172e+00	  -6.6748172e+00	  -2.0915475e+00	  -2.4714230e-01	
   1.0000000e+00	  -5.0000000e+01	   2.1203613e+01	  -7.1203613e+00	  -5.5018161e+00	  -5.5018161e+00	  -5.5780182e+00	  -1.6185452e-01	
   1.5000000e+00	  -5.0000000e+01	   1.5007324e+01	  -6.5007324e+00	  -2.0512379e+00	  -2.0512379e+00	  -5.4198388e+00	  -4.4494945e-01	
   2.0000000e+00	  -5.0000000e+01	   1.3842773e+00	  -5.1384277e+00	  -4.8566655e+00	  -4.8566655e+00	  -3.2784798e+00	  -2.8176221e-02	
   2.5000000e+00	  -5.0000000e+01	  -6.4160156e+00	  -4.3583984e+00	  -1.4451874e+00	  -1.4451874e+00	  -2.9391507e+00	  -2.9132111e-01	
   3.0000000e+00	  -5.0000000e+01	  -1.5336914e+01	  -3.4663086e+00	  -1.9730379e+00	  -1.9730379e+00	  -2.2844468e+00	  -1.4932707e-01	
   3.5000000e+00	  -5.0000000e+01	  -2.4213867e+01	  -2.5786133e+00	  -7.3161172e-01	  -7.3161172e-01	  -1.2890700e+00	  -1.8470016e-01	
   4.0000000e+00	  -5.0000000e+01	  -2.8300781e+01	  -2.1699219e+00	  -2.5497634e+00	  -2.5497634e+00	  -1.3613169e+00	   3.7984152e-02	
   4.5000000e+00	  -5.0000000e+01	  -3.0190430e+01	  -1.9809570e+00	  -2.9173632e-01	  -2.9173632e-01	  -1.5721791e+00	  -1.6892207e-01	
   5.0000000e+00	   5.0000000e+01	  -2.9311523e+01	   7.9311523e+00	  -1.0444120e+00	  -1.0444120e+00	  -9.9003972e-01	   8.9755644e-01	
   5.5000000e+00	   5.0000000e+01	  -1.9138184e+01	   6.9138184e+00	   5.5243940e+00	   5.5243940e+00	   1.1905509e+00	   1.3894243e-01	
   6.0000000e+00	   5.0000000e+01	  -8.7890625e-01	   5.0878906e+00	   3.1295168e+00	   3.1295168e+00	   4.0166921e+00	   1.9583738e-01	
   6.5000000e+00	   5.0000000e+01	   4.1967773e+00	   4.5803223e+00	   3.0904168e+00	   3.0904168e+00	   4.1521820e+00	   1.4899055e-01	
   7.0000000e+00	   5.0000000e+01	   1.3864746e+01	   3.6135254e+00	   1.8880907e+00	   1.8880907e+00	   2.5907920e+00	   1.7254347e-01	
   7.5000000e+00	   5.0000000e+01	   1.9863281e+01	   3.0136719e+00	   5.0003941e-01	   5.0003941e-01	   1.4452364e+00	   2.5136325e-01	
   8.0000000e+00	   5.0000000e+01	   2.7421875e+01	   2.2578125e+00	   2.3768411e+00	   2.3768411e+00	   1.0975763e+00	  -1.1902864e-02	
   8.5000000e+00	   5.0000000e+01	   3.6804199e+01	   1.3195801e+00	  -8.7823686e-01	  -8.7823686e-01	   1.0335865e+00	   2.1978169e-01	
   9.0000000e+00	   5.0000000e+01	   3.9089355e+01	   1.0910645e+00	   7.1508961e-01	   7.1508961e-01	   2.0283199e-01	   3.7597484e-02	
   9.5000000e+00	   5.0000000e+01	   4.2341309e+01	   7.6586914e-01	  -2.0376124e-01	  -2.0376124e-01	  -7.5355512e-02	   9.6963038e-02	
   1.0000000e+01	   5.0000000e+01	   4.5153809e+01	   4.8461914e-01	  -6.0453661e-01	  -6.0453661e-01	  -1.2178081e-01	   1.0891557e-01	
