   0.0000000e+00	  -2.7218630e-01	  -6.5694626e-05	  -5.0954590e+01	  -1.2298351e-02	
   5.0000000e-02	  -3.5272643e+00	  -1.1111974e-03	  -5.2185059e+01	  -6.1242427e-02	
   1.0000000e-01	  -7.4274929e+00	  -5.6712552e-03	  -5.2119141e+01	  -1.5806890e-01	
   1.5000000e-01	  -1.0917171e+01	  -1.7099355e-02	  -5.4909668e+01	  -3.0154217e-01	
   2.0000000e-01	  -1.4807625e+01	  -3.8650886e-02	  -6.1677246e+01	  -4.9246119e-01	
   2.5000000e-01	  -1.7837877e+01	  -7.3316751e-02	  -6.5083008e+01	  -7.3334216e-01	
   3.0000000e-01	  -2.1532831e+01	  -1.2378715e-01	  -7.1850586e+01	  -1.0266922e+00	
   3.5000000e-01	  -2.3331433e+01	  -1.9227565e-01	  -7.8771973e+01	  -1.3757075e+00	
   4.0000000e-01	  -2.7573786e+01	  -2.8071709e-01	  -8.7209473e+01	  -1.7846429e+00	
   4.5000000e-01	  -2.9519013e+01	  -3.9111048e-01	  -9.6591797e+01	  -2.2585077e+00	
   5.0000000e-01	  -3.2862066e+01	  -5.2516509e-01	  -1.0656738e+02	  -2.8029961e+00	
   5.5000000e-01	  -3.4025292e+01	  -6.8408727e-01	  -1.1700439e+02	  -3.4241123e+00	
   6.0000000e-01	  -3.6400620e+01	  -8.6858464e-01	  -1.3067139e+02	  -4.1286711e+00	
   6.5000000e-01	  -3.7632271e+01	  -1.0790923e+00	  -1.3822998e+02	  -4.9233070e+00	
   7.0000000e-01	  -3.9724123e+01	  -1.3159495e+00	  -1.5218262e+02	  -5.8136533e+00	
   7.5000000e-01	  -4.1131724e+01	  -1.5794292e+00	  -1.6604736e+02	  -6.8065971e+00	
   8.0000000e-01	  -4.1884400e+01	  -1.8694862e+00	  -1.8000000e+02	  -7.9101493e+00	
   8.5000000e-01	  -4.2441575e+01	  -2.1855230e+00	  -1.6105957e+01	  -9.0889619e+00	
   9.0000000e-01	  -4.3849176e+01	  -2.5268959e+00	   1.7758301e+02	  -1.0216131e+01	
   9.5000000e-01	  -4.4611627e+01	  -2.8931724e+00	   1.6303711e+02	  -1.1163269e+01	
   1.0000000e+00	  -4.5051503e+01	  -3.2837305e+00	   1.4486572e+02	  -1.1901943e+01	
   1.0500000e+00	  -4.5452278e+01	  -3.6976310e+00	   1.3062744e+02	  -1.2456219e+01	
   1.1000000e+00	  -4.6322254e+01	  -4.1339696e+00	   1.1302734e+02	  -1.2849081e+01	
   1.1500000e+00	  -4.6996729e+01	  -4.5920295e+00	   1.0445801e+02	  -1.3101165e+01	
   1.2000000e+00	  -4.6830554e+01	  -5.0709199e+00	   8.5209961e+01	  -1.3231377e+01	
   1.2500000e+00	  -4.7368180e+01	  -5.5694856e+00	   6.6665039e+01	  -1.3260721e+01	
   1.3000000e+00	  -4.7446380e+01	  -6.0866286e+00	   5.5217285e+01	  -1.3209914e+01	
   1.3500000e+00	  -4.8023105e+01	  -6.6213489e+00	   4.2341309e+01	  -1.3095597e+01	
   1.4000000e+00	  -4.8971281e+01	  -7.1728927e+00	   2.4235840e+01	  -1.2933990e+01	
   1.4500000e+00	  -4.8326131e+01	  -7.7404376e+00	   1.0590820e+01	  -1.2742444e+01	
   1.5000000e+00	  -4.7856930e+01	  -8.3225444e+00	  -2.7465820e+00	  -1.2536620e+01	
   1.5500000e+00	  -4.8482531e+01	  -8.9177871e+00	  -1.8764648e+01	  -1.2330937e+01	
   1.6000000e+00	  -4.8326131e+01	  -9.5251713e+00	  -2.8916016e+01	  -1.2138987e+01	
   1.6500000e+00	  -4.9088581e+01	  -1.0143842e+01	  -4.6296387e+01	  -1.1973320e+01	
   1.7000000e+00	  -4.9244981e+01	  -1.0773081e+01	  -6.2204590e+01	  -1.1847634e+01	
   1.7500000e+00	  -4.8159955e+01	  -1.1411817e+01	  -7.7761230e+01	  -1.1775942e+01	
   1.8000000e+00	  -4.8805106e+01	  -1.2058692e+01	  -9.1955566e+01	  -1.1770740e+01	
   1.8500000e+00	  -4.8912631e+01	  -1.2712803e+01	  -1.0753418e+02	  -1.1843513e+01	
   1.9000000e+00	  -4.8902856e+01	  -1.3373408e+01	  -1.2216797e+02	  -1.2005278e+01	
   1.9500000e+00	  -4.8922406e+01	  -1.4039615e+01	  -1.3732910e+02	  -1.2266495e+01	
   2.0000000e+00	  -4.8277256e+01	  -1.4710388e+01	  -1.5172119e+02	  -1.2636915e+01	
   2.0500000e+00	  -4.9088581e+01	  -1.5384769e+01	  -1.6811279e+02	  -1.3125998e+01	
   2.1000000e+00	  -4.8844206e+01	  -1.6062128e+01	  -1.8000000e+02	  -1.3742370e+01	
   2.1500000e+00	  -4.9078806e+01	  -1.6741817e+01	   1.7648438e+02	  -1.4403558e+01	
   2.2000000e+00	  -4.9381832e+01	  -1.7423204e+01	   1.6710205e+02	  -1.4940028e+01	
   2.2500000e+00	  -4.9587107e+01	  -1.8105812e+01	   1.5110596e+02	  -1.5279032e+01	
   2.3000000e+00	  -4.9528457e+01	  -1.8789085e+01	   1.2805664e+02	  -1.5444372e+01	
   2.3500000e+00	  -4.9284081e+01	  -1.9472298e+01	   1.1282959e+02	  -1.5462097e+01	
   2.4000000e+00	  -5.0105182e+01	  -2.0154859e+01	   9.8393555e+01	  -1.5355004e+01	
   2.4500000e+00	  -4.9215656e+01	  -2.0836261e+01	   8.5539551e+01	  -1.5142367e+01	
   2.5000000e+00	  -4.9244981e+01	  -2.1515672e+01	   7.2861328e+01	  -1.4841725e+01	
   2.5500000e+00	  -5.0183382e+01	  -2.2192548e+01	   5.0800781e+01	  -1.4471741e+01	
   2.6000000e+00	  -4.9029931e+01	  -2.2866529e+01	   3.6760254e+01	  -1.4052883e+01	
   2.6500000e+00	  -4.8853981e+01	  -2.3536716e+01	   1.9313965e+01	  -1.3603992e+01	
   2.7000000e+00	  -4.9626207e+01	  -2.4202450e+01	   7.2290039e+00	  -1.3141534e+01	
   2.7500000e+00	  -4.8883306e+01	  -2.4863433e+01	  -7.7563477e+00	  -1.2680206e+01	
   2.8000000e+00	  -4.8414106e+01	  -2.5518948e+01	  -2.2851563e+01	  -1.2234199e+01	
   2.8500000e+00	  -4.9225431e+01	  -2.6168389e+01	  -3.7089844e+01	  -1.1817617e+01	
   2.9000000e+00	  -4.9029931e+01	  -2.6811625e+01	  -5.1042480e+01	  -1.1443468e+01	
   2.9500000e+00	  -5.0085632e+01	  -2.7448661e+01	  -6.8554688e+01	  -1.1124667e+01	
   3.0000000e+00	  -4.9440482e+01	  -2.8079458e+01	  -8.2749023e+01	  -1.0874365e+01	
   3.0500000e+00	  -4.8384781e+01	  -2.8703366e+01	  -9.6657715e+01	  -1.0704262e+01	
   3.1000000e+00	  -4.9567557e+01	  -2.9319703e+01	  -1.1221436e+02	  -1.0624930e+01	
   3.1500000e+00	  -4.9196106e+01	  -2.9928429e+01	  -1.2770508e+02	  -1.0647109e+01	
   3.2000000e+00	  -4.8912631e+01	  -3.0529325e+01	  -1.3998779e+02	  -1.0780561e+01	
   3.2500000e+00	  -4.9665307e+01	  -3.1122106e+01	  -1.5809326e+02	  -1.1034361e+01	
   3.3000000e+00	  -4.8775781e+01	  -3.1706633e+01	  -1.7472656e+02	  -1.1418752e+01	
   3.3500000e+00	  -4.8394556e+01	  -3.2282361e+01	  -1.8000000e+02	  -1.1941361e+01	
   3.4000000e+00	  -4.9372057e+01	  -3.2848952e+01	   1.7463867e+02	  -1.2516640e+01	
   3.4500000e+00	  -4.8961506e+01	  -3.3406539e+01	   1.5668701e+02	  -1.2976162e+01	
   3.5000000e+00	  -4.9332957e+01	  -3.3955101e+01	   1.3822998e+02	  -1.3252037e+01	
   3.5500000e+00	  -4.9430707e+01	  -3.4494605e+01	   1.2493652e+02	  -1.3368432e+01	
   3.6000000e+00	  -4.9323182e+01	  -3.5025034e+01	   1.0984131e+02	  -1.3346679e+01	
   3.6500000e+00	  -4.8941956e+01	  -3.5546151e+01	   9.5712891e+01	  -1.3206707e+01	
   3.7000000e+00	  -4.9763057e+01	  -3.6057845e+01	   7.8178711e+01	  -1.2968485e+01	
   3.7500000e+00	  -4.9508907e+01	  -3.6560275e+01	   6.2138672e+01	  -1.2652258e+01	
   3.8000000e+00	  -4.8697581e+01	  -3.7053237e+01	   4.8251953e+01	  -1.2277048e+01	
   3.8500000e+00	  -4.9548007e+01	  -3.7536420e+01	   3.1706543e+01	  -1.1860347e+01	
   3.9000000e+00	  -4.8883306e+01	  -3.8009836e+01	   1.5051270e+01	  -1.1419721e+01	
   3.9500000e+00	  -4.8629156e+01	  -3.8473277e+01	   2.8125000e+00	  -1.0971620e+01	
   4.0000000e+00	  -4.8941956e+01	  -3.8926519e+01	  -1.2700195e+01	  -1.0530475e+01	
   4.0500000e+00	  -4.8971281e+01	  -3.9369666e+01	  -2.9729004e+01	  -1.0110961e+01	
   4.1000000e+00	  -4.8775781e+01	  -3.9802771e+01	  -4.1857910e+01	  -9.7274344e+00	
   4.1500000e+00	  -4.9235206e+01	  -4.0225876e+01	  -5.8666992e+01	  -9.3927243e+00	
   4.2000000e+00	  -4.8824656e+01	  -4.0639082e+01	  -7.1542969e+01	  -9.1191813e+00	
   4.2500000e+00	  -4.9489357e+01	  -4.1042494e+01	  -8.7363281e+01	  -8.9185024e+00	
   4.3000000e+00	  -4.8951731e+01	  -4.1436240e+01	  -1.0111816e+02	  -8.8017791e+00	
   4.3500000e+00	  -4.8414106e+01	  -4.1820131e+01	  -1.1709229e+02	  -8.7797894e+00	
   4.4000000e+00	  -4.9108131e+01	  -4.2194003e+01	  -1.3278076e+02	  -8.8632552e+00	
   4.4500000e+00	  -4.8668256e+01	  -4.2558029e+01	  -1.4811768e+02	  -9.0626434e+00	
   4.5000000e+00	  -4.8736681e+01	  -4.2912257e+01	  -1.6490479e+02	  -9.3879657e+00	
   4.5500000e+00	  -4.8824656e+01	  -4.3256720e+01	  -1.8000000e+02	  -9.8488840e+00	
   4.6000000e+00	  -4.9108131e+01	  -4.3591637e+01	  -1.4458008e+01	  -1.0410444e+01	
   4.6500000e+00	  -4.9215656e+01	  -4.3917282e+01	   1.6877197e+02	  -1.0947239e+01	
   4.7000000e+00	  -4.9098356e+01	  -4.4233837e+01	   1.5525879e+02	  -1.1334686e+01	
   4.7500000e+00	  -4.9176556e+01	  -4.4541380e+01	   1.3462646e+02	  -1.1546178e+01	
   4.8000000e+00	  -4.9557782e+01	  -4.4840106e+01	   1.2102539e+02	  -1.1605662e+01	
   4.8500000e+00	  -4.8805106e+01	  -4.5130131e+01	   1.0518311e+02	  -1.1535055e+01	
   4.9000000e+00	  -4.9635982e+01	  -4.5411483e+01	   8.8330078e+01	  -1.1355077e+01	
   4.9500000e+00	  -4.9587107e+01	  -4.5684475e+01	   7.3454590e+01	  -1.1086203e+01	
   5.0000000e+00	  -4.9733732e+01	  -4.5949418e+01	   5.4382324e+01	  -1.0748407e+01	
   5.0500000e+00	  -4.3692776e+01	  -4.6205008e+01	   4.4560547e+01	  -1.0360179e+01	
   5.1000000e+00	  -3.6488595e+01	  -4.6446785e+01	   3.1640625e+01	  -9.9365466e+00	
   5.1500000e+00	  -2.7114361e+01	  -4.6667917e+01	   2.1687012e+01	  -9.4904678e+00	
   5.2000000e+00	  -1.6919027e+01	  -4.6860364e+01	   1.3930664e+01	  -9.0331438e+00	
   5.2500000e+00	  -8.3365687e+00	  -4.7015931e+01	   1.5424805e+01	  -8.5712906e+00	
   5.3000000e+00	  -1.7286626e+00	  -4.7127871e+01	   1.5842285e+01	  -8.1066010e+00	
   5.3500000e+00	   3.7844424e+00	  -4.7191381e+01	   1.2810059e+01	  -7.6398166e+00	
   5.4000000e+00	   7.1861456e+00	  -4.7203427e+01	   1.7314453e+01	  -7.1717549e+00	
   5.4500000e+00	   1.1125474e+01	  -4.7162310e+01	   2.2785645e+01	  -6.7001602e+00	
   5.5000000e+00	   1.7391255e+01	  -4.7066145e+01	   2.4653320e+01	  -6.2214623e+00	
   5.5500000e+00	   2.0568133e+01	  -4.6912676e+01	   3.4914551e+01	  -5.7317334e+00	
   5.6000000e+00	   2.4253311e+01	  -4.6700604e+01	   3.7133789e+01	  -5.2259859e+00	
   5.6500000e+00	   2.6765489e+01	  -4.6429530e+01	   4.9702148e+01	  -4.6988229e+00	
   5.7000000e+00	   3.0235617e+01	  -4.6099339e+01	   5.8073730e+01	  -4.1430606e+00	
   5.7500000e+00	   3.2151519e+01	  -4.5710176e+01	   7.1301270e+01	  -3.5502114e+00	
   5.8000000e+00	   3.3871920e+01	  -4.5262801e+01	   8.3188477e+01	  -2.9111844e+00	
   5.8500000e+00	   3.5279521e+01	  -4.4758543e+01	   9.2812500e+01	  -2.2173497e+00	
   5.9000000e+00	   3.8524824e+01	  -4.4198483e+01	   1.0019531e+02	  -1.4624621e+00	
   5.9500000e+00	   3.9394800e+01	  -4.3583471e+01	   1.1419189e+02	  -6.4063885e-01	
   6.0000000e+00	   4.1115202e+01	  -4.2914870e+01	   1.2994629e+02	   2.5675877e-01	
   6.0500000e+00	   4.2229553e+01	  -4.2194343e+01	   1.4389893e+02	   1.2399309e+00	
   6.1000000e+00	   4.0968577e+01	  -4.1424196e+01	   1.5807129e+02	   2.3181591e+00	
   6.1500000e+00	   4.3285254e+01	  -4.0607108e+01	   1.7354004e+02	   3.5002142e+00	
   6.2000000e+00	   4.2767178e+01	  -3.9745220e+01	  -1.3469238e+01	   4.7461941e+00	
   6.2500000e+00	   4.2679203e+01	  -3.8841021e+01	  -1.8000000e+02	   5.9253852e+00	
   6.3000000e+00	   4.4976330e+01	  -3.7896837e+01	  -1.7026611e+02	   6.9163770e+00	
   6.3500000e+00	   4.6550107e+01	  -3.6913850e+01	  -1.5244629e+02	   7.6951971e+00	
   6.4000000e+00	   4.6120006e+01	  -3.5893485e+01	  -1.3820801e+02	   8.2847017e+00	
   6.4500000e+00	   4.5934281e+01	  -3.4838223e+01	  -1.2306885e+02	   8.7073767e+00	
   6.5000000e+00	   4.8358484e+01	  -3.3750208e+01	  -1.0801758e+02	   8.9844411e+00	
   6.5500000e+00	   4.6022256e+01	  -3.2631353e+01	  -9.4086914e+01	   9.1362368e+00	
   6.6000000e+00	   4.7439633e+01	  -3.1484277e+01	  -7.9541016e+01	   9.1819291e+00	
   6.6500000e+00	   4.6501232e+01	  -3.0311423e+01	  -6.5720215e+01	   9.1398045e+00	
   6.7000000e+00	   4.5347781e+01	  -2.9115430e+01	  -4.9108887e+01	   9.0279114e+00	
   6.7500000e+00	   4.7811083e+01	  -2.7898648e+01	  -3.6694336e+01	   8.8637404e+00	
   6.8000000e+00	   4.9883385e+01	  -2.6661745e+01	  -2.0852051e+01	   8.6635477e+00	
   6.8500000e+00	   4.7527608e+01	  -2.5405762e+01	  -6.3061523e+00	   8.4432462e+00	
   6.9000000e+00	   4.8886334e+01	  -2.4133051e+01	   5.5810547e+00	   8.2176370e+00	
   6.9500000e+00	   4.6481682e+01	  -2.2846060e+01	   2.3071289e+01	   8.0006387e+00	
   7.0000000e+00	   4.8221633e+01	  -2.1547064e+01	   3.8803711e+01	   7.8071959e+00	
   7.0500000e+00	   4.8241183e+01	  -2.0237577e+01	   5.4052734e+01	   7.6519679e+00	
   7.1000000e+00	   4.7283233e+01	  -1.8919119e+01	   6.8620605e+01	   7.5481182e+00	
   7.1500000e+00	   4.9893160e+01	  -1.7593181e+01	   8.6770020e+01	   7.5086073e+00	
   7.2000000e+00	   4.8172758e+01	  -1.6260755e+01	   1.0092041e+02	   7.5463701e+00	
   7.2500000e+00	   4.7596033e+01	  -1.4923748e+01	   1.1597168e+02	   7.6728560e+00	
   7.3000000e+00	   4.6051581e+01	  -1.3584718e+01	   1.3135254e+02	   7.8984805e+00	
   7.3500000e+00	   4.9052509e+01	  -1.2245205e+01	   1.4899658e+02	   8.2340333e+00	
   7.4000000e+00	   4.9697660e+01	  -1.0905292e+01	   1.6896973e+02	   8.6914637e+00	
   7.4500000e+00	   4.8798359e+01	  -9.5654707e+00	   1.7507813e+02	   9.2804079e+00	
   7.5000000e+00	   4.9384859e+01	  -8.2271683e+00	  -1.8000000e+02	   9.9166503e+00	
   7.5500000e+00	   4.7644908e+01	  -6.8919643e+00	  -1.6943115e+02	   1.0430144e+01	
   7.6000000e+00	   4.8084783e+01	  -5.5616054e+00	  -1.5475342e+02	   1.0748670e+01	
   7.6500000e+00	   5.0108210e+01	  -4.2368846e+00	  -1.3761475e+02	   1.0894166e+01	
   7.7000000e+00	   4.9277334e+01	  -2.9179535e+00	  -1.2265137e+02	   1.0889438e+01	
   7.7500000e+00	   4.7869733e+01	  -1.6060863e+00	  -1.0760010e+02	   1.0756013e+01	
   7.8000000e+00	   4.7175707e+01	  -3.0329000e-01	  -9.2329102e+01	   1.0514173e+01	
   7.8500000e+00	   4.9052509e+01	   9.8934996e-01	  -7.8837891e+01	   1.0183124e+01	
   7.9000000e+00	   4.6061356e+01	   2.2710435e+00	  -6.5236816e+01	   9.7805440e+00	
   7.9500000e+00	   4.9316434e+01	   3.5408238e+00	  -4.9724121e+01	   9.3234955e+00	
   8.0000000e+00	   4.7586258e+01	   4.7984142e+00	  -3.6123047e+01	   8.8288406e+00	
   8.0500000e+00	   4.9120934e+01	   6.0434513e+00	  -2.1445313e+01	   8.3125432e+00	
   8.1000000e+00	   4.8466009e+01	   7.2754438e+00	  -3.6474609e+00	   7.7907060e+00	
   8.1500000e+00	   4.7390758e+01	   8.4935638e+00	   1.0393066e+01	   7.2795962e+00	
   8.2000000e+00	   4.8348709e+01	   9.6967923e+00	   2.6696777e+01	   6.7942495e+00	
   8.2500000e+00	   4.9414184e+01	   1.0885075e+01	   4.1374512e+01	   6.3488163e+00	
   8.3000000e+00	   4.8749484e+01	   1.2058499e+01	   5.6887207e+01	   5.9567566e+00	
   8.3500000e+00	   4.8632184e+01	   1.3216485e+01	   7.3498535e+01	   5.6311696e+00	
   8.4000000e+00	   5.0352585e+01	   1.4358784e+01	   8.8066406e+01	   5.3847599e+00	
   8.4500000e+00	   4.7967483e+01	   1.5485202e+01	   1.0744629e+02	   5.2300435e+00	
   8.5000000e+00	   4.8788584e+01	   1.6594804e+01	   1.1557617e+02	   5.1780185e+00	
   8.5500000e+00	   4.9648785e+01	   1.7687277e+01	   1.3739502e+02	   5.2381406e+00	
   8.6000000e+00	   4.8827684e+01	   1.8762726e+01	   1.4862305e+02	   5.4206829e+00	
   8.6500000e+00	   4.9414184e+01	   1.9820805e+01	   1.6789307e+02	   5.7354863e+00	
   8.7000000e+00	   4.9482610e+01	   2.0861350e+01	   1.7859375e+02	   6.1910940e+00	
   8.7500000e+00	   4.7087732e+01	   2.1883714e+01	  -1.8000000e+02	   6.7042140e+00	
   8.8000000e+00	   4.9648785e+01	   2.2887179e+01	  -1.6595947e+02	   7.1047232e+00	
   8.8500000e+00	   4.8417134e+01	   2.3871958e+01	  -1.4976563e+02	   7.3212651e+00	
   8.9000000e+00	   4.8710384e+01	   2.4838007e+01	  -1.3513184e+02	   7.3763629e+00	
   8.9500000e+00	   4.8817909e+01	   2.5785078e+01	  -1.1816895e+02	   7.2920460e+00	
   9.0000000e+00	   4.8534434e+01	   2.6713134e+01	  -1.0656738e+02	   7.0889746e+00	
   9.0500000e+00	   4.8495334e+01	   2.7621987e+01	  -8.8879395e+01	   6.7864690e+00	
   9.1000000e+00	   4.8534434e+01	   2.8511515e+01	  -7.3168945e+01	   6.4042726e+00	
   9.1500000e+00	   5.0010460e+01	   2.9382066e+01	  -6.1215820e+01	   5.9609553e+00	
   9.2000000e+00	   4.7322333e+01	   3.0233695e+01	  -4.6098633e+01	   5.4728117e+00	
   9.2500000e+00	   4.8847234e+01	   3.1065831e+01	  -2.9465332e+01	   4.9564581e+00	
   9.3000000e+00	   4.6989982e+01	   3.1878156e+01	  -1.5314941e+01	   4.4287119e+00	
   9.3500000e+00	   4.8925434e+01	   3.2670685e+01	   1.5600586e+00	   3.9054961e+00	
   9.4000000e+00	   4.8338934e+01	   3.3443858e+01	   1.4414063e+01	   3.4017824e+00	
   9.4500000e+00	   4.8612634e+01	   3.4198019e+01	   2.8894043e+01	   2.9309823e+00	
   9.5000000e+00	   4.8114108e+01	   3.4933137e+01	   4.4648438e+01	   2.5060148e+00	
   9.5500000e+00	   4.8475784e+01	   3.5649243e+01	   6.2380371e+01	   2.1406779e+00	
   9.6000000e+00	   4.8192308e+01	   3.6346457e+01	   7.9277344e+01	   1.8491732e+00	
   9.6500000e+00	   4.9052509e+01	   3.7025085e+01	   9.2878418e+01	   1.6442928e+00	
   9.7000000e+00	   4.8358484e+01	   3.7685459e+01	   1.1170898e+02	   1.5376586e+00	
   9.7500000e+00	   4.8211858e+01	   3.8327572e+01	   1.2548584e+02	   1.5408019e+00	
   9.8000000e+00	   5.0245060e+01	   3.8951850e+01	   1.4007568e+02	   1.6636659e+00	
   9.8500000e+00	   4.8417134e+01	   3.9558970e+01	   1.6002686e+02	   1.9161127e+00	
   9.9000000e+00	   4.8162983e+01	   4.0148638e+01	   1.7611084e+02	   2.3093015e+00	
   9.9500000e+00	   4.7938158e+01	   4.0720426e+01	  -1.1250000e+01	   2.8040948e+00	
   1.0000000e+01	   4.8602859e+01	   4.1274550e+01	  -1.7514404e+02	   3.2694819e+00	
