   0.0000000e+00	  -6.9251169e-01	  -4.1409277e-05	  -8.3715820e+01	  -1.1446358e+01	
   5.0000000e-01	  -3.1180765e+01	  -2.2365216e-03	  -1.3803223e+02	  -3.8635596e+01	
   1.0000000e+00	  -4.4474777e+01	  -2.1040941e-02	   1.1245605e+02	  -3.1567401e+01	
   1.5000000e+00	  -4.7690755e+01	  -1.0487197e-01	  -3.5507813e+01	  -1.2414024e+01	
   2.0000000e+00	  -4.8111080e+01	  -3.5671262e-01	  -1.8000000e+02	  -3.8485427e+01	
   2.5000000e+00	  -4.8844206e+01	  -9.3399296e-01	   3.6518555e+01	  -4.7579336e+01	
   3.0000000e+00	  -4.8863756e+01	  -2.0223146e+00	  -1.1067627e+02	  -4.4707902e+01	
   3.5000000e+00	  -4.9626207e+01	  -3.7948914e+00	   1.1190674e+02	  -3.2313952e+01	
   4.0000000e+00	  -4.9841257e+01	  -6.3733168e+00	  -4.2648926e+01	  -1.4007927e+01	
   4.5000000e+00	  -4.8648706e+01	  -9.7999524e+00	  -1.1755371e+01	  -1.7615985e+01	
   5.0000000e+00	  -4.9743507e+01	  -1.4025902e+01	   3.2321777e+01	  -9.9867438e+00	
   5.5000000e+00	   1.7273955e+01	  -1.8910311e+01	  -2.1972656e-01	  -2.8665213e+00	
   6.0000000e+00	   3.9727151e+01	  -2.4215283e+01	   1.0544678e+02	   1.2304912e+01	
   6.5000000e+00	   4.7283233e+01	  -2.9586171e+01	  -1.3581299e+02	   4.7881083e+00	
   7.0000000e+00	   4.6315507e+01	  -3.4538867e+01	   1.2216797e+01	  -1.3420387e+01	
   7.5000000e+00	   5.0909761e+01	  -3.8490179e+01	   1.6936523e+02	   1.5077000e+01	
   8.0000000e+00	   4.8612634e+01	  -4.0837158e+01	  -5.9589844e+01	   2.5963532e+01	
   8.5000000e+00	   4.8290058e+01	  -4.1057848e+01	   9.3889160e+01	   2.3553312e+01	
   9.0000000e+00	   4.8612634e+01	  -3.8801800e+01	  -1.2792480e+02	   1.2458832e+01	
   9.5000000e+00	   4.7703558e+01	  -3.3950206e+01	   1.7006836e+01	  -6.1138020e+00	
   1.0000000e+01	   4.8769034e+01	  -2.6636891e+01	   1.7488037e+02	   2.1794558e+01	
