   0.0000000e+00	  -1.0000000e+01	  -2.6241129e-01	  -3.5879164e-02	  -9.7375887e-01	  -9.7375887e-01	  -9.7375887e-01	   0.0000000e+00	  -0.0000000e+00	
   5.0000000e-01	  -1.0000000e+01	  -6.3522419e+00	  -9.3048091e-01	  -3.6477581e-01	  -3.6477581e-01	  -3.6477581e-01	   0.0000000e+00	  -0.0000000e+00	
   1.0000000e+00	  -1.0000000e+01	  -5.3649660e+00	  -2.2781130e+00	  -4.6350340e-01	  -4.6350340e-01	  -4.6350340e-01	   0.0000000e+00	  -0.0000000e+00	
   1.5000000e+00	  -1.0000000e+01	  -4.8566655e+00	  -3.0527367e+00	  -5.1433345e-01	  -5.1433345e-01	  -5.1433345e-01	   0.0000000e+00	  -0.0000000e+00	
   2.0000000e+00	  -1.0000000e+01	  -5.7168663e+00	  -3.6636487e+00	  -4.2831337e-01	  -4.2831337e-01	  -4.2831337e-01	   0.0000000e+00	  -0.0000000e+00	
   2.5000000e+00	  -1.0000000e+01	  -6.3913419e+00	  -4.3173366e+00	  -3.6086581e-01	  -3.6086581e-01	  -3.6086581e-01	   0.0000000e+00	  -0.0000000e+00	
   3.0000000e+00	  -1.0000000e+01	  -5.7657414e+00	  -4.7989513e+00	  -4.2342586e-01	  -4.2342586e-01	  -4.2342586e-01	   0.0000000e+00	  -0.0000000e+00	
   3.5000000e+00	  -1.0000000e+01	  -6.1176417e+00	  -5.1114421e+00	  -3.8823583e-01	  -3.8823583e-01	  -3.8823583e-01	   0.0000000e+00	  -0.0000000e+00	
   4.0000000e+00	  -1.0000000e+01	  -5.2574409e+00	  -5.2689808e+00	  -4.7425591e-01	  -4.7425591e-01	  -4.7425591e-01	   0.0000000e+00	  -0.0000000e+00	
   4.5000000e+00	  -1.0000000e+01	  -6.3424669e+00	  -5.4141793e+00	  -3.6575331e-01	  -3.6575331e-01	  -3.6575331e-01	   0.0000000e+00	  -0.0000000e+00	
   5.0000000e+00	   1.0000000e+01	  -5.1890158e+00	  -5.5103166e+00	   1.5189016e+00	   1.5189016e+00	   1.5189016e+00	   0.0000000e+00	   0.0000000e+00	
   5.5000000e+00	   1.0000000e+01	   9.0140723e+00	  -3.4804842e+00	   9.8592774e-02	   9.8592774e-02	   9.8592774e-02	   0.0000000e+00	   0.0000000e+00	
   6.0000000e+00	   1.0000000e+01	   4.7814934e+00	  -6.4246955e-01	   5.2185066e-01	   5.2185066e-01	   5.2185066e-01	   0.0000000e+00	   0.0000000e+00	
   6.5000000e+00	   1.0000000e+01	   4.8694684e+00	   8.5278236e-01	   5.1305316e-01	   5.1305316e-01	   5.1305316e-01	   0.0000000e+00	   0.0000000e+00	
   7.0000000e+00	   1.0000000e+01	   6.3454948e+00	   2.1529904e+00	   3.6545052e-01	   3.6545052e-01	   3.6545052e-01	   0.0000000e+00	   0.0000000e+00	
   7.5000000e+00	   1.0000000e+01	   4.6935183e+00	   3.0735894e+00	   5.3064817e-01	   5.3064817e-01	   5.3064817e-01	   0.0000000e+00	   0.0000000e+00	
   8.0000000e+00	   1.0000000e+01	   6.2184197e+00	   3.7250689e+00	   3.7815803e-01	   3.7815803e-01	   3.7815803e-01	   0.0000000e+00	   0.0000000e+00	
   8.5000000e+00	   1.0000000e+01	   4.4491431e+00	   4.1649833e+00	   5.5508569e-01	   5.5508569e-01	   5.5508569e-01	   0.0000000e+00	   0.0000000e+00	
   9.0000000e+00	   1.0000000e+01	   6.0131445e+00	   4.4565329e+00	   3.9868555e-01	   3.9868555e-01	   3.9868555e-01	   0.0000000e+00	   0.0000000e+00	
   9.5000000e+00	   1.0000000e+01	   5.8860694e+00	   4.8648251e+00	   4.1139306e-01	   4.1139306e-01	   4.1139306e-01	   0.0000000e+00	   0.0000000e+00	
   1.0000000e+01	   1.0000000e+01	   4.9867685e+00	   5.0211317e+00	   5.0132315e-01	   5.0132315e-01	   5.0132315e-01	   0.0000000e+00	   0.0000000e+00	
