   0.0000000e+00	   2.2633916e-01	   3.0947067e-02	   1.0393066e+02	   1.4210308e+01	
   5.0000000e-01	  -3.2060516e+01	  -4.3301623e+00	   4.5241699e+01	   3.0720542e+01	
   1.0000000e+00	  -4.4191302e+01	  -1.3571862e+01	  -7.5300293e+01	   1.8209907e+01	
   1.5000000e+00	  -4.8257706e+01	  -2.2500971e+01	   1.5798340e+02	   2.4535428e+01	
   2.0000000e+00	  -4.8599831e+01	  -2.9591121e+01	   4.3945313e-01	   3.9486988e+01	
   2.5000000e+00	  -4.8922406e+01	  -3.4833300e+01	  -1.5117188e+02	   8.0795228e+00	
   3.0000000e+00	  -4.9557782e+01	  -3.8772945e+01	   6.7302246e+01	  -5.5972715e+00	
   3.5000000e+00	  -4.9626207e+01	  -4.1731495e+01	  -8.1452637e+01	  -6.0014208e+00	
   4.0000000e+00	  -4.9186331e+01	  -4.3830219e+01	   1.4227295e+02	   3.9555970e+00	
   4.5000000e+00	  -5.0505958e+01	  -4.5475319e+01	  -1.4062500e+01	   2.0403962e+01	
   5.0000000e+00	  -4.8961506e+01	  -4.6639814e+01	  -1.6633301e+02	  -9.8409035e+00	
   5.5000000e+00	   1.8085281e+01	  -3.8107476e+01	   1.7492432e+02	  -5.9751562e+00	
   6.0000000e+00	   4.0763302e+01	  -1.9640409e+01	  -1.0012939e+02	   5.8854101e+00	
   6.5000000e+00	   4.7478733e+01	  -2.2043709e+00	   3.5332031e+01	  -4.5836609e+00	
   7.0000000e+00	   4.8202083e+01	   1.1480748e+01	  -1.0766602e+01	   2.8575590e-02	
   7.5000000e+00	   4.8798359e+01	   2.1603999e+01	  -4.0056152e+01	  -6.9281695e+00	
   8.0000000e+00	   4.7732883e+01	   2.8894819e+01	   1.0933594e+02	   4.4389277e+00	
   8.5000000e+00	   4.8524659e+01	   3.4154487e+01	  -1.1443359e+02	   2.5280736e+00	
   9.0000000e+00	   4.9326209e+01	   3.8193713e+01	   3.4189453e+01	  -9.1349269e+00	
   9.5000000e+00	   4.8553984e+01	   4.1132392e+01	  -1.8000000e+02	  -2.6573405e+01	
   1.0000000e+01	   4.7918608e+01	   4.3075007e+01	  -3.8891602e+01	  -4.9235481e+01	
