   0.0000000e+00	  -5.0000000e+01	   0.0000000e+00	   0.0000000e+00	  -5.0000000e+00	  -5.0000000e+00	  -5.0000000e+00	   0.0000000e+00	  -0.0000000e+00	
   5.0000000e-01	  -5.0000000e+01	  -2.0666667e+01	  -2.8257272e+00	  -2.9333333e+00	  -2.9333333e+00	  -2.9333333e+00	   0.0000000e+00	  -0.0000000e+00	
   1.0000000e+00	  -5.0000000e+01	  -2.4248889e+01	  -8.1942581e+00	  -2.5751111e+00	  -2.5751111e+00	  -2.5751111e+00	   0.0000000e+00	  -0.0000000e+00	
   1.5000000e+00	  -5.0000000e+01	  -2.4869807e+01	  -1.2669414e+01	  -2.5130193e+00	  -2.5130193e+00	  -2.5130193e+00	   0.0000000e+00	  -0.0000000e+00	
   2.0000000e+00	  -5.0000000e+01	  -2.4977433e+01	  -1.6020418e+01	  -2.5022567e+00	  -2.5022567e+00	  -2.5022567e+00	   0.0000000e+00	  -0.0000000e+00	
   2.5000000e+00	  -5.0000000e+01	  -2.4996088e+01	  -1.8472332e+01	  -2.5003912e+00	  -2.5003912e+00	  -2.5003912e+00	   0.0000000e+00	  -0.0000000e+00	
   3.0000000e+00	  -5.0000000e+01	  -2.4999322e+01	  -2.0256744e+01	  -2.5000678e+00	  -2.5000678e+00	  -2.5000678e+00	   0.0000000e+00	  -0.0000000e+00	
   3.5000000e+00	  -5.0000000e+01	  -2.4999882e+01	  -2.1553714e+01	  -2.5000118e+00	  -2.5000118e+00	  -2.5000118e+00	   0.0000000e+00	  -0.0000000e+00	
   4.0000000e+00	  -5.0000000e+01	  -2.4999980e+01	  -2.2496108e+01	  -2.5000020e+00	  -2.5000020e+00	  -2.5000020e+00	   0.0000000e+00	  -0.0000000e+00	
   4.5000000e+00	  -5.0000000e+01	  -2.4999996e+01	  -2.3180813e+01	  -2.5000004e+00	  -2.5000004e+00	  -2.5000004e+00	   0.0000000e+00	  -0.0000000e+00	
   5.0000000e+00	   5.0000000e+01	  -1.1904761e+01	  -2.1887787e+01	   6.1904761e+00	   6.1904761e+00	   6.1904761e+00	   0.0000000e+00	   0.0000000e+00	
   5.5000000e+00	   5.0000000e+01	   1.8603175e+01	  -1.4986543e+01	   3.1396825e+00	   3.1396825e+00	   3.1396825e+00	   0.0000000e+00	   0.0000000e+00	
   6.0000000e+00	   5.0000000e+01	   2.3891217e+01	  -5.0781560e+00	   2.6108783e+00	   2.6108783e+00	   2.6108783e+00	   0.0000000e+00	   0.0000000e+00	
   6.5000000e+00	   5.0000000e+01	   2.4807811e+01	   2.9690602e+00	   2.5192189e+00	   2.5192189e+00	   2.5192189e+00	   0.0000000e+00	   0.0000000e+00	
   7.0000000e+00	   5.0000000e+01	   2.4966687e+01	   8.9627527e+00	   2.5033313e+00	   2.5033313e+00	   2.5033313e+00	   0.0000000e+00	   0.0000000e+00	
   7.5000000e+00	   5.0000000e+01	   2.4994226e+01	   1.3342914e+01	   2.5005774e+00	   2.5005774e+00	   2.5005774e+00	   0.0000000e+00	   0.0000000e+00	
   8.0000000e+00	   5.0000000e+01	   2.4998999e+01	   1.6529705e+01	   2.5001001e+00	   2.5001001e+00	   2.5001001e+00	   0.0000000e+00	   0.0000000e+00	
   8.5000000e+00	   5.0000000e+01	   2.4999827e+01	   1.8845810e+01	   2.5000173e+00	   2.5000173e+00	   2.5000173e+00	   0.0000000e+00	   0.0000000e+00	
   9.0000000e+00	   5.0000000e+01	   2.4999970e+01	   2.0528691e+01	   2.5000030e+00	   2.5000030e+00	   2.5000030e+00	   0.0000000e+00	   0.0000000e+00	
   9.5000000e+00	   5.0000000e+01	   2.4999995e+01	   2.1751399e+01	   2.5000005e+00	   2.5000005e+00	   2.5000005e+00	   0.0000000e+00	   0.0000000e+00	
   1.0000000e+01	   5.0000000e+01	   2.4999999e+01	   2.2639752e+01	   2.5000001e+00	   2.5000001e+00	   2.5000001e+00	   0.0000000e+00	   0.0000000e+00	
