   0.0000000e+00	   2.3611417e-01	   5.7898994e-03	   9.0263672e+01	   2.7502210e+00	
   1.0000000e-02	  -1.2105872e+00	  -1.8389702e-02	   8.9890137e+01	   8.0716902e+00	
   2.0000000e-02	   4.6093938e-01	  -3.5870382e-02	   9.0659180e+01	   1.3080933e+01	
   3.0000000e-02	  -5.1656152e-01	  -3.5475127e-02	   8.8901367e+01	   1.7754799e+01	
   4.0000000e-02	  -4.1333149e+00	  -1.4775776e-01	   9.0505371e+01	   2.2139164e+01	
   5.0000000e-02	  -2.2858382e+00	  -2.9791921e-01	   8.7319336e+01	   2.6208155e+01	
   6.0000000e-02	  -4.3874651e+00	  -4.4694843e-01	   8.9824219e+01	   3.0008438e+01	
   7.0000000e-02	  -3.8889396e+00	  -6.2797940e-01	   9.2548828e+01	   3.3736477e+01	
   8.0000000e-02	  -6.4597670e+00	  -8.5094821e-01	   8.8374023e+01	   3.7193153e+01	
   9.0000000e-02	  -7.2613177e+00	  -1.1456780e+00	   8.7780762e+01	   4.0293911e+01	
   1.0000000e-01	  -8.1899436e+00	  -1.4683801e+00	   8.7780762e+01	   4.3187641e+01	
   1.1000000e-01	  -7.9357934e+00	  -1.7917950e+00	   8.8220215e+01	   4.5918424e+01	
   1.2000000e-01	  -8.7471191e+00	  -2.1130115e+00	   8.6704102e+01	   4.8449995e+01	
   1.3000000e-01	  -1.0545721e+01	  -2.4824741e+00	   8.5319824e+01	   5.0738927e+01	
   1.4000000e-01	  -1.1953322e+01	  -2.9124383e+00	   8.6154785e+01	   5.2871640e+01	
   1.5000000e-01	  -1.0966046e+01	  -3.3316228e+00	   8.3737793e+01	   5.4826189e+01	
   1.6000000e-01	  -1.2921048e+01	  -3.7539792e+00	   8.2133789e+01	   5.6539118e+01	
   1.7000000e-01	  -1.3302273e+01	  -4.2129101e+00	   8.3342285e+01	   5.8135614e+01	
   1.8000000e-01	  -1.3585749e+01	  -4.6656330e+00	   8.2529297e+01	   5.9646875e+01	
   1.9000000e-01	  -1.4084274e+01	  -5.1153288e+00	   7.9431152e+01	   6.0946876e+01	
   2.0000000e-01	  -1.5169300e+01	  -5.5818013e+00	   7.8398438e+01	   6.2041796e+01	
   2.1000000e-01	  -1.6889702e+01	  -6.0941901e+00	   7.8859863e+01	   6.3052588e+01	
   2.2000000e-01	  -1.6879927e+01	  -6.6233970e+00	   7.3850098e+01	   6.3863202e+01	
   2.3000000e-01	  -1.7554402e+01	  -7.1429495e+00	   7.6025391e+01	   6.4538057e+01	
   2.4000000e-01	  -1.8776278e+01	  -7.6835230e+00	   7.2729492e+01	   6.5137644e+01	
   2.5000000e-01	  -1.9147729e+01	  -8.2366560e+00	   7.7365723e+01	   6.5741533e+01	
   2.6000000e-01	  -1.9128179e+01	  -8.7712907e+00	   6.9345703e+01	   6.6205522e+01	
   2.7000000e-01	  -2.1190706e+01	  -9.3298023e+00	   7.1828613e+01	   6.6472528e+01	
   2.8000000e-01	  -2.0799705e+01	  -9.9019112e+00	   6.8422852e+01	   6.6695145e+01	
   2.9000000e-01	  -2.2021581e+01	  -1.0466336e+01	   6.6401367e+01	   6.6738835e+01	
   3.0000000e-01	  -2.2549432e+01	  -1.1045987e+01	   6.5104980e+01	   6.6678771e+01	
   3.1000000e-01	  -2.3282558e+01	  -1.1628130e+01	   6.7082520e+01	   6.6643121e+01	
   3.2000000e-01	  -2.3175032e+01	  -1.2197064e+01	   6.0227051e+01	   6.6461020e+01	
   3.3000000e-01	  -2.3566033e+01	  -1.2745047e+01	   6.4467773e+01	   6.6210347e+01	
   3.4000000e-01	  -2.4846559e+01	  -1.3307143e+01	   6.3215332e+01	   6.6065998e+01	
   3.5000000e-01	  -2.5413509e+01	  -1.3886976e+01	   5.8381348e+01	   6.5745000e+01	
   3.6000000e-01	  -2.5892485e+01	  -1.4464020e+01	   5.8469238e+01	   6.5298956e+01	
   3.7000000e-01	  -2.5100709e+01	  -1.5005093e+01	   5.8249512e+01	   6.4876075e+01	
   3.8000000e-01	  -2.7564011e+01	  -1.5560618e+01	   5.5173340e+01	   6.4378542e+01	
   3.9000000e-01	  -2.7153461e+01	  -1.6139236e+01	   5.1196289e+01	   6.3696424e+01	
   4.0000000e-01	  -2.7524911e+01	  -1.6688518e+01	   5.1547852e+01	   6.2945409e+01	
   4.1000000e-01	  -2.8717463e+01	  -1.7249213e+01	   4.8515625e+01	   6.2158482e+01	
   4.2000000e-01	  -2.8776113e+01	  -1.7813091e+01	   4.6494141e+01	   6.1265529e+01	
   4.3000000e-01	  -2.8649037e+01	  -1.8347636e+01	   4.3835449e+01	   6.0284390e+01	
   4.4000000e-01	  -2.9880689e+01	  -1.8883052e+01	   4.4912109e+01	   5.9314837e+01	
   4.5000000e-01	  -2.9215988e+01	  -1.9406112e+01	   4.0144043e+01	   5.8291894e+01	
   4.6000000e-01	  -3.0046864e+01	  -1.9907595e+01	   3.8649902e+01	   5.7140485e+01	
   4.7000000e-01	  -3.0887515e+01	  -2.0425471e+01	   3.7485352e+01	   5.5978233e+01	
   4.8000000e-01	  -3.1933440e+01	  -2.0964211e+01	   3.6738281e+01	   5.4828561e+01	
   4.9000000e-01	  -3.1630415e+01	  -2.1494747e+01	   3.3662109e+01	   5.3632457e+01	
   5.0000000e-01	  -3.2275566e+01	  -2.2007653e+01	   3.1464844e+01	   5.2348566e+01	
   5.1000000e-01	  -3.3311717e+01	  -2.2536632e+01	   2.5817871e+01	   5.0903909e+01	
   5.2000000e-01	  -3.3077117e+01	  -2.3059324e+01	   2.5268555e+01	   4.9358491e+01	
   5.3000000e-01	  -3.3536542e+01	  -2.3561895e+01	   2.5400391e+01	   4.7894528e+01	
   5.4000000e-01	  -3.4523818e+01	  -2.4075293e+01	   2.2587891e+01	   4.6438098e+01	
   5.5000000e-01	  -3.5051668e+01	  -2.4600666e+01	   2.2456055e+01	   4.4980709e+01	
   5.6000000e-01	  -3.4963693e+01	  -2.5111060e+01	   1.5051270e+01	   4.3382499e+01	
   5.7000000e-01	  -3.5667494e+01	  -2.5611523e+01	   1.5249023e+01	   4.1662090e+01	
   5.8000000e-01	  -3.4934368e+01	  -2.6086723e+01	   1.1689453e+01	   3.9944088e+01	
   5.9000000e-01	  -3.6097594e+01	  -2.6549164e+01	   9.4262695e+00	   3.8153365e+01	
   6.0000000e-01	  -3.6508145e+01	  -2.7027517e+01	   9.2944336e+00	   3.6398791e+01	
   6.1000000e-01	  -3.6908920e+01	  -2.7502305e+01	   8.1079102e+00	   3.4710968e+01	
   6.2000000e-01	  -3.6625445e+01	  -2.7956685e+01	   1.8896484e+00	   3.2900381e+01	
   6.3000000e-01	  -3.7407446e+01	  -2.8401004e+01	   2.6367188e+00	   3.1033427e+01	
   6.4000000e-01	  -3.7945071e+01	  -2.8855893e+01	  -4.8339844e-01	   2.9207937e+01	
   6.5000000e-01	  -3.7495421e+01	  -2.9290629e+01	  -8.5693359e-01	   2.7387240e+01	
   6.6000000e-01	  -3.8238321e+01	  -2.9711236e+01	  -4.8339844e+00	   2.5544935e+01	
   6.7000000e-01	  -3.8316521e+01	  -3.0131349e+01	  -6.0205078e+00	   2.3657568e+01	
   6.8000000e-01	  -3.8502247e+01	  -3.0537330e+01	  -9.9316406e+00	   2.1729893e+01	
   6.9000000e-01	  -3.8834597e+01	  -3.0936105e+01	  -1.2436523e+01	   1.9724198e+01	
   7.0000000e-01	  -3.9108297e+01	  -3.1330184e+01	  -1.4392090e+01	   1.7704821e+01	
   7.1000000e-01	  -3.9313572e+01	  -3.1716682e+01	  -1.5490723e+01	   1.5715441e+01	
   7.2000000e-01	  -3.9851198e+01	  -3.2102441e+01	  -1.9665527e+01	   1.3686615e+01	
   7.3000000e-01	  -4.0486573e+01	  -3.2498046e+01	  -2.1005859e+01	   1.1613381e+01	
   7.4000000e-01	  -4.0310623e+01	  -3.2885514e+01	  -2.4895020e+01	   9.5071481e+00	
   7.5000000e-01	  -3.9587273e+01	  -3.3231928e+01	  -2.7641602e+01	   7.3270813e+00	
   7.6000000e-01	  -4.1522724e+01	  -3.3591075e+01	  -2.7861328e+01	   5.1894826e+00	
   7.7000000e-01	  -4.1542274e+01	  -3.3980548e+01	  -3.1706543e+01	   3.0582901e+00	
   7.8000000e-01	  -4.0985099e+01	  -3.4337736e+01	  -3.3837891e+01	   8.7486881e-01	
   7.9000000e-01	  -4.1581374e+01	  -3.4678366e+01	  -3.7111816e+01	  -1.3401922e+00	
   8.0000000e-01	  -4.1894175e+01	  -3.5024582e+01	  -4.1923828e+01	  -3.6666413e+00	
   8.1000000e-01	  -4.2597975e+01	  -3.5378747e+01	  -4.3352051e+01	  -6.0414545e+00	
   8.2000000e-01	  -4.1923500e+01	  -3.5716262e+01	  -4.5549316e+01	  -8.3820167e+00	
   8.3000000e-01	  -4.2099450e+01	  -3.6025000e+01	  -4.6384277e+01	  -1.0672339e+01	
   8.4000000e-01	  -4.2764150e+01	  -3.6339210e+01	  -4.9460449e+01	  -1.2942262e+01	
   8.5000000e-01	  -4.3272451e+01	  -3.6666774e+01	  -5.0778809e+01	  -1.5207758e+01	
   8.6000000e-01	  -4.3370201e+01	  -3.6993135e+01	  -5.3613281e+01	  -1.7461731e+01	
   8.7000000e-01	  -4.2588200e+01	  -3.7286710e+01	  -5.7810059e+01	  -1.9792587e+01	
   8.8000000e-01	  -4.2637075e+01	  -3.7547911e+01	  -6.0051270e+01	  -2.2177563e+01	
   8.9000000e-01	  -4.2734825e+01	  -3.7799897e+01	  -6.3017578e+01	  -2.4575872e+01	
   9.0000000e-01	  -4.4171752e+01	  -3.8077158e+01	  -6.4753418e+01	  -2.6971302e+01	
   9.1000000e-01	  -4.4601852e+01	  -3.8386603e+01	  -6.8356934e+01	  -2.9383444e+01	
   9.2000000e-01	  -4.4054452e+01	  -3.8677996e+01	  -7.1718750e+01	  -3.1860821e+01	
   9.3000000e-01	  -4.3937152e+01	  -3.8938798e+01	  -7.3872070e+01	  -3.4355272e+01	
   9.4000000e-01	  -4.3683001e+01	  -3.9177701e+01	  -7.6860352e+01	  -3.6854376e+01	
   9.5000000e-01	  -4.4377027e+01	  -3.9415674e+01	  -7.7695313e+01	  -3.9317680e+01	
   9.6000000e-01	  -4.4699602e+01	  -3.9666905e+01	  -8.0683594e+01	  -4.1747366e+01	
   9.7000000e-01	  -4.4836452e+01	  -3.9917080e+01	  -8.4440918e+01	  -4.4234523e+01	
   9.8000000e-01	  -4.5051503e+01	  -4.0163616e+01	  -8.7275391e+01	  -4.6770963e+01	
   9.9000000e-01	  -4.5002628e+01	  -4.0402135e+01	  -8.8879395e+01	  -4.9288073e+01	
   1.0000000e+00	  -4.4983078e+01	  -4.0627278e+01	  -9.2329102e+01	  -5.1805777e+01	
   1.0100000e+00	  -4.5403403e+01	  -4.0851208e+01	  -9.4899902e+01	  -5.4353496e+01	
   1.0200000e+00	  -4.5276328e+01	  -4.1071346e+01	  -9.7866211e+01	  -5.6914672e+01	
   1.0300000e+00	  -4.5071053e+01	  -4.1272538e+01	  -1.0039307e+02	  -5.9487147e+01	
   1.0400000e+00	  -4.5315428e+01	  -4.1464822e+01	  -1.0386475e+02	  -6.2085629e+01	
   1.0500000e+00	  -4.5589128e+01	  -4.1660380e+01	  -1.0650146e+02	  -6.4711881e+01	
   1.0600000e+00	  -4.5530478e+01	  -4.1851620e+01	  -1.0781982e+02	  -6.7298602e+01	
   1.0700000e+00	  -4.5911703e+01	  -4.2041391e+01	  -1.1133545e+02	  -6.9874981e+01	
   1.0800000e+00	  -4.5813953e+01	  -4.2228807e+01	  -1.1434570e+02	  -7.2493196e+01	
   1.0900000e+00	  -4.5901928e+01	  -4.2406791e+01	  -1.1812500e+02	  -7.5158734e+01	
   1.1000000e+00	  -4.6097429e+01	  -4.2582998e+01	  -1.2080566e+02	  -7.7858667e+01	
   1.1100000e+00	  -4.6380904e+01	  -4.2762308e+01	  -1.2271729e+02	  -8.0533994e+01	
   1.1200000e+00	  -4.6361354e+01	  -4.2939296e+01	  -1.2695801e+02	  -8.3233747e+01	
   1.1300000e+00	  -4.6781679e+01	  -4.3117432e+01	  -1.3003418e+02	  -8.5991921e+01	
   1.1400000e+00	  -4.6615504e+01	  -4.3293064e+01	  -1.3078125e+02	  -8.8698509e+01	
   1.1500000e+00	  -4.6478654e+01	  -4.3452651e+01	  -1.3438477e+02	  -9.1372720e+01	
   1.1600000e+00	  -4.6801229e+01	  -4.3608966e+01	  -1.3803223e+02	  -9.4104900e+01	
   1.1700000e+00	  -4.6762129e+01	  -4.3764566e+01	  -1.4176758e+02	  -9.6895533e+01	
   1.1800000e+00	  -4.6850104e+01	  -4.3913734e+01	  -1.4266846e+02	  -9.9657371e+01	
   1.1900000e+00	  -4.6820779e+01	  -4.4057024e+01	  -1.4710693e+02	  -1.0241359e+02	
   1.2000000e+00	  -4.6752354e+01	  -4.4190889e+01	  -1.4954590e+02	  -1.0521141e+02	
   1.2100000e+00	  -4.6928304e+01	  -4.4320826e+01	  -1.5227051e+02	  -1.0799605e+02	
   1.2200000e+00	  -4.6947854e+01	  -4.4449185e+01	  -1.5506104e+02	  -1.1077905e+02	
   1.2300000e+00	  -4.7182455e+01	  -4.4577480e+01	  -1.5976318e+02	  -1.1362075e+02	
   1.2400000e+00	  -4.6947854e+01	  -4.4699484e+01	  -1.6202637e+02	  -1.1650151e+02	
   1.2500000e+00	  -4.6811004e+01	  -4.4806395e+01	  -1.6499268e+02	  -1.1936606e+02	
   1.2600000e+00	  -4.7084704e+01	  -4.4911419e+01	  -1.6800293e+02	  -1.2223815e+02	
   1.2700000e+00	  -4.6967404e+01	  -4.5015128e+01	  -1.6945313e+02	  -1.2507113e+02	
   1.2800000e+00	  -4.7074929e+01	  -4.5113511e+01	  -1.7343018e+02	  -1.2789683e+02	
   1.2900000e+00	  -4.7280205e+01	  -4.5214739e+01	  -1.7468262e+02	  -1.3070968e+02	
   1.3000000e+00	  -4.7280205e+01	  -4.5316036e+01	  -1.8000000e+02	  -1.3355130e+02	
   1.3100000e+00	  -4.7260655e+01	  -4.5411885e+01	  -1.8000000e+02	  -1.3638176e+02	
   1.3200000e+00	  -4.7270430e+01	  -4.5502795e+01	  -1.8000000e+02	  -1.3903975e+02	
   1.3300000e+00	  -4.7104254e+01	  -4.5585410e+01	  -1.8000000e+02	  -1.4153577e+02	
   1.3400000e+00	  -4.7172680e+01	  -4.5661577e+01	  -1.2810059e+01	  -1.3878561e+02	
   1.3500000e+00	  -4.7847155e+01	  -4.5752226e+01	  -1.1755371e+01	  -1.3107684e+02	
   1.3600000e+00	  -4.7465930e+01	  -4.5845620e+01	   1.7321045e+02	  -1.1817001e+02	
   1.3700000e+00	  -4.7348630e+01	  -4.5922208e+01	   1.7652832e+02	  -1.0031293e+02	
   1.3800000e+00	  -4.8130630e+01	  -4.6011341e+01	   1.7606689e+02	  -8.3456974e+01	
   1.3900000e+00	  -4.7935130e+01	  -4.6110483e+01	   1.7417725e+02	  -6.7699815e+01	
   1.4000000e+00	  -4.8032880e+01	  -4.6202367e+01	   1.7099121e+02	  -5.3057508e+01	
   1.4100000e+00	  -4.8062205e+01	  -4.6292860e+01	   1.7105713e+02	  -3.9402532e+01	
   1.4200000e+00	  -4.7935130e+01	  -4.6376519e+01	   1.6472900e+02	  -2.6770457e+01	
   1.4300000e+00	  -4.8492306e+01	  -4.6466621e+01	   1.6229004e+02	  -1.5175272e+01	
   1.4400000e+00	  -4.8550956e+01	  -4.6567405e+01	   1.5846680e+02	  -4.4774703e+00	
   1.4500000e+00	  -4.8335906e+01	  -4.6659411e+01	   1.5431396e+02	   5.3254134e+00	
   1.4600000e+00	  -4.8462981e+01	  -4.6744748e+01	   1.5079834e+02	   1.4297286e+01	
   1.4700000e+00	  -4.7993780e+01	  -4.6817510e+01	   1.4411865e+02	   2.2411796e+01	
   1.4800000e+00	  -4.8023105e+01	  -4.6875917e+01	   1.4473389e+02	   2.9847052e+01	
   1.4900000e+00	  -4.8531406e+01	  -4.6944644e+01	   1.4121826e+02	   3.6740852e+01	
   1.5000000e+00	  -4.7886255e+01	  -4.7006643e+01	   1.4029541e+02	   4.3079325e+01	
   1.5100000e+00	  -4.8365231e+01	  -4.7061528e+01	   1.3519775e+02	   4.8848110e+01	
   1.5200000e+00	  -4.8462981e+01	  -4.7127862e+01	   1.3365967e+02	   5.4063178e+01	
   1.5300000e+00	  -4.8150180e+01	  -4.7185671e+01	   1.3095703e+02	   5.8831242e+01	
   1.5400000e+00	  -4.8375006e+01	  -4.7238486e+01	   1.2689209e+02	   6.3102554e+01	
   1.5500000e+00	  -4.8355456e+01	  -4.7293745e+01	   1.2396973e+02	   6.6900687e+01	
   1.5600000e+00	  -4.8629156e+01	  -4.7352527e+01	   1.2058594e+02	   7.0275232e+01	
   1.5700000e+00	  -4.8111080e+01	  -4.7402433e+01	   1.2089355e+02	   7.3350413e+01	
   1.5800000e+00	  -4.8042655e+01	  -4.7435509e+01	   1.1474121e+02	   7.6060119e+01	
   1.5900000e+00	  -4.8189280e+01	  -4.7468881e+01	   1.1096191e+02	   7.8302097e+01	
   1.6000000e+00	  -4.8824656e+01	  -4.7519792e+01	   1.0953369e+02	   8.0248788e+01	
   1.6100000e+00	  -4.8404331e+01	  -4.7573480e+01	   1.0461182e+02	   8.1883373e+01	
   1.6200000e+00	  -4.8384781e+01	  -4.7613748e+01	   1.0067871e+02	   8.3148551e+01	
   1.6300000e+00	  -4.8853981e+01	  -4.7663068e+01	   9.9448242e+01	   8.4179304e+01	
   1.6400000e+00	  -4.8941956e+01	  -4.7723631e+01	   9.5273438e+01	   8.4982554e+01	
   1.6500000e+00	  -4.8502081e+01	  -4.7772595e+01	   9.3515625e+01	   8.5556096e+01	
   1.6600000e+00	  -4.8375006e+01	  -4.7805255e+01	   8.9165039e+01	   8.5908573e+01	
   1.6700000e+00	  -4.8443431e+01	  -4.7834876e+01	   8.3957520e+01	   8.5948347e+01	
   1.6800000e+00	  -4.9225431e+01	  -4.7883897e+01	   8.3100586e+01	   8.5800922e+01	
   1.6900000e+00	  -4.8981056e+01	  -4.7943698e+01	   8.2177734e+01	   8.5608252e+01	
   1.7000000e+00	  -4.8922406e+01	  -4.7993135e+01	   7.9826660e+01	   8.5327570e+01	
   1.7100000e+00	  -4.8961506e+01	  -4.8039668e+01	   7.2531738e+01	   8.4770092e+01	
   1.7200000e+00	  -4.8531406e+01	  -4.8074331e+01	   6.9653320e+01	   8.3936615e+01	
   1.7300000e+00	  -4.8296806e+01	  -4.8090995e+01	   6.5874023e+01	   8.2951077e+01	
   1.7400000e+00	  -4.8335906e+01	  -4.8102047e+01	   6.3720703e+01	   8.1844835e+01	
   1.7500000e+00	  -4.8638931e+01	  -4.8120947e+01	   6.1413574e+01	   8.0670100e+01	
   1.7600000e+00	  -4.8472756e+01	  -4.8142276e+01	   5.6403809e+01	   7.9344015e+01	
   1.7700000e+00	  -4.9176556e+01	  -4.8175742e+01	   5.6491699e+01	   7.7948774e+01	
   1.7800000e+00	  -4.9362282e+01	  -4.8229379e+01	   5.0734863e+01	   7.6465830e+01	
   1.7900000e+00	  -4.9088581e+01	  -4.8278229e+01	   4.7153320e+01	   7.4788724e+01	
   1.8000000e+00	  -4.8961506e+01	  -4.8314855e+01	   4.7768555e+01	   7.3123437e+01	
   1.8100000e+00	  -4.8961506e+01	  -4.8346569e+01	   4.1022949e+01	   7.1372844e+01	
   1.8200000e+00	  -4.8932181e+01	  -4.8376009e+01	   3.6166992e+01	   6.9375443e+01	
   1.8300000e+00	  -4.8492306e+01	  -4.8392499e+01	   3.5332031e+01	   6.7326363e+01	
   1.8400000e+00	  -4.8541181e+01	  -4.8398592e+01	   3.6584473e+01	   6.5414869e+01	
   1.8500000e+00	  -4.9029931e+01	  -4.8417570e+01	   3.2365723e+01	   6.3529477e+01	
   1.8600000e+00	  -4.9313406e+01	  -4.8454553e+01	   2.8410645e+01	   6.1509929e+01	
   1.8700000e+00	  -4.8638931e+01	  -4.8480135e+01	   2.4477539e+01	   5.9373105e+01	
   1.8800000e+00	  -4.8795331e+01	  -4.8491758e+01	   2.1379395e+01	   5.7152260e+01	
   1.8900000e+00	  -4.8717131e+01	  -4.8504729e+01	   1.7446289e+01	   5.4852514e+01	
   1.9000000e+00	  -4.8296806e+01	  -4.8504838e+01	   1.7204590e+01	   5.2565708e+01	
   1.9100000e+00	  -4.8834431e+01	  -4.8507819e+01	   1.3205566e+01	   5.0289045e+01	
   1.9200000e+00	  -4.9127681e+01	  -4.8531028e+01	   9.6240234e+00	   4.7920146e+01	
   1.9300000e+00	  -4.9235206e+01	  -4.8562927e+01	   6.5917969e+00	   4.5494088e+01	
   1.9400000e+00	  -4.9215656e+01	  -4.8595418e+01	   2.1093750e+00	   4.2986906e+01	
   1.9500000e+00	  -4.9029931e+01	  -4.8621282e+01	  -5.4931641e-01	   4.0414925e+01	
   1.9600000e+00	  -4.8717131e+01	  -4.8633653e+01	  -1.4501953e+00	   3.7891218e+01	
   1.9700000e+00	  -4.8404331e+01	  -4.8630077e+01	  -8.3496094e+00	   3.5283634e+01	
   1.9800000e+00	  -4.9313406e+01	  -4.8641298e+01	  -8.1298828e+00	   3.2631429e+01	
   1.9900000e+00	  -4.8648706e+01	  -4.8657961e+01	  -1.0458984e+01	   3.0076572e+01	
   2.0000000e+00	  -4.8335906e+01	  -4.8649836e+01	  -1.3161621e+01	   2.7524090e+01	
   2.0100000e+00	  -4.9000606e+01	  -4.8650740e+01	  -1.7775879e+01	   2.4904214e+01	
   2.0200000e+00	  -4.9274306e+01	  -4.8674610e+01	  -2.1928711e+01	   2.2176865e+01	
   2.0300000e+00	  -4.8453206e+01	  -4.8683886e+01	  -2.4675293e+01	   1.9405497e+01	
   2.0400000e+00	  -4.8707356e+01	  -4.8678805e+01	  -2.6542969e+01	   1.6662418e+01	
   2.0500000e+00	  -4.9147231e+01	  -4.8690992e+01	  -3.0476074e+01	   1.3909753e+01	
   2.0600000e+00	  -4.9792382e+01	  -4.8729187e+01	  -3.4475098e+01	   1.1083147e+01	
   2.0700000e+00	  -4.9499132e+01	  -4.8774139e+01	  -3.5419922e+01	   8.2781541e+00	
   2.0800000e+00	  -4.9782607e+01	  -4.8816646e+01	  -3.9089355e+01	   5.5034998e+00	
   2.0900000e+00	  -4.8951731e+01	  -4.8843646e+01	  -4.0056152e+01	   2.7566659e+00	
   2.1000000e+00	  -4.9499132e+01	  -4.8862370e+01	  -4.5944824e+01	  -3.1660463e-02	
   2.1100000e+00	  -4.8912631e+01	  -4.8879216e+01	  -4.7592773e+01	  -2.8797046e+00	
   2.1200000e+00	  -4.8609606e+01	  -4.8873425e+01	  -5.1064453e+01	  -5.7101847e+00	
   2.1300000e+00	  -4.9743507e+01	  -4.8888291e+01	  -5.3745117e+01	  -8.5556366e+00	
   2.1400000e+00	  -4.9303631e+01	  -4.8919447e+01	  -5.7568359e+01	  -1.1425860e+01	
   2.1500000e+00	  -4.9772832e+01	  -4.8949794e+01	  -5.9370117e+01	  -1.4292565e+01	
   2.1600000e+00	  -5.0154057e+01	  -4.8999507e+01	  -6.2490234e+01	  -1.7134544e+01	
   2.1700000e+00	  -4.8795331e+01	  -4.9022812e+01	  -6.3962402e+01	  -1.9943262e+01	
   2.1800000e+00	  -4.8814881e+01	  -4.9012135e+01	  -6.8906250e+01	  -2.2776311e+01	
   2.1900000e+00	  -4.9000606e+01	  -4.9007015e+01	  -7.1520996e+01	  -2.5667022e+01	
   2.2000000e+00	  -4.9235206e+01	  -4.9012454e+01	  -7.3564453e+01	  -2.8523509e+01	
   2.2100000e+00	  -4.9587107e+01	  -4.9032007e+01	  -7.8024902e+01	  -3.1404096e+01	
   2.2200000e+00	  -4.9479582e+01	  -4.9056594e+01	  -8.0573730e+01	  -3.4322711e+01	
   2.2300000e+00	  -4.9020156e+01	  -4.9066073e+01	  -8.4111328e+01	  -3.7248918e+01	
   2.2400000e+00	  -4.9909682e+01	  -4.9085634e+01	  -8.6594238e+01	  -4.0180247e+01	
   2.2500000e+00	  -4.8951731e+01	  -4.9102557e+01	  -8.9648438e+01	  -4.3101657e+01	
   2.2600000e+00	  -4.9293856e+01	  -4.9103550e+01	  -9.3054199e+01	  -4.6041871e+01	
   2.2700000e+00	  -4.9391607e+01	  -4.9115280e+01	  -9.4680176e+01	  -4.8956225e+01	
   2.2800000e+00	  -4.8912631e+01	  -4.9117087e+01	  -9.8063965e+01	  -5.1845628e+01	
   2.2900000e+00	  -4.9450257e+01	  -4.9120243e+01	  -1.0001953e+02	  -5.4721642e+01	
   2.3000000e+00	  -4.8941956e+01	  -4.9123964e+01	  -1.0377686e+02	  -5.7596462e+01	
   2.3100000e+00	  -4.9743507e+01	  -4.9134693e+01	  -1.0676514e+02	  -6.0501629e+01	
   2.3200000e+00	  -4.8834431e+01	  -4.9142259e+01	  -1.1096191e+02	  -6.3448682e+01	
   2.3300000e+00	  -4.9029931e+01	  -4.9131956e+01	  -1.1469727e+02	  -6.6457831e+01	
   2.3400000e+00	  -4.9479582e+01	  -4.9137979e+01	  -1.1614746e+02	  -6.9441607e+01	
   2.3500000e+00	  -4.9587107e+01	  -4.9157369e+01	  -1.1950928e+02	  -7.2390175e+01	
   2.3600000e+00	  -4.9274306e+01	  -4.9170774e+01	  -1.2287109e+02	  -7.5363925e+01	
   2.3700000e+00	  -5.0154057e+01	  -4.9197424e+01	  -1.2429932e+02	  -7.8302409e+01	
   2.3800000e+00	  -4.9362282e+01	  -4.9224925e+01	  -1.2882568e+02	  -8.1243258e+01	
   2.3900000e+00	  -4.9665307e+01	  -4.9239092e+01	  -1.3234131e+02	  -8.4249928e+01	
   2.4000000e+00	  -4.8990831e+01	  -4.9243456e+01	  -1.3603271e+02	  -8.7292969e+01	
   2.4100000e+00	  -4.9303631e+01	  -4.9238737e+01	  -1.4135010e+02	  -9.0425061e+01	
   2.4200000e+00	  -4.8941956e+01	  -4.9233051e+01	  -1.4165771e+02	  -9.3537678e+01	
   2.4300000e+00	  -4.9763057e+01	  -4.9238909e+01	  -1.4229492e+02	  -9.6489407e+01	
   2.4400000e+00	  -4.9088581e+01	  -4.9248076e+01	  -1.4701904e+02	  -9.9424619e+01	
   2.4500000e+00	  -4.9714182e+01	  -4.9255594e+01	  -1.4862305e+02	  -1.0237378e+02	
   2.4600000e+00	  -4.9010381e+01	  -4.9260827e+01	  -1.5622559e+02	  -1.0542373e+02	
   2.4700000e+00	  -4.9029931e+01	  -4.9249023e+01	  -1.5692871e+02	  -1.0854089e+02	
   2.4800000e+00	  -4.9626207e+01	  -4.9252900e+01	  -1.6044434e+02	  -1.1159664e+02	
   2.4900000e+00	  -5.0066082e+01	  -4.9281995e+01	  -1.6286133e+02	  -1.1464694e+02	
   2.5000000e+00	  -4.9196106e+01	  -4.9299116e+01	  -1.6949707e+02	  -1.1778719e+02	
   2.5100000e+00	  -4.9567557e+01	  -4.9303172e+01	  -1.6809082e+02	  -1.2089541e+02	
   2.5200000e+00	  -4.9039706e+01	  -4.9303195e+01	  -1.7257324e+02	  -1.2390795e+02	
   2.5300000e+00	  -4.9381832e+01	  -4.9298662e+01	  -1.7483643e+02	  -1.2694245e+02	
   2.5400000e+00	  -4.9352507e+01	  -4.9302022e+01	  -1.8000000e+02	  -1.3001832e+02	
   2.5500000e+00	  -4.9460032e+01	  -4.9307134e+01	  -1.8000000e+02	  -1.3306408e+02	
   2.5600000e+00	  -4.8707356e+01	  -4.9296176e+01	  -1.8000000e+02	  -1.3592423e+02	
   2.5700000e+00	  -4.8648706e+01	  -4.9265860e+01	  -1.8000000e+02	  -1.3861010e+02	
   2.5800000e+00	  -4.9157006e+01	  -4.9248057e+01	  -1.8000000e+02	  -1.4113230e+02	
   2.5900000e+00	  -4.9108131e+01	  -4.9242393e+01	  -1.4633789e+01	  -1.3846230e+02	
   2.6000000e+00	  -4.9293856e+01	  -4.9240363e+01	   1.7536377e+02	  -1.2512751e+02	
   2.6100000e+00	  -4.8981056e+01	  -4.9235316e+01	   1.7797852e+02	  -1.0673666e+02	
   2.6200000e+00	  -4.9059256e+01	  -4.9224764e+01	   1.7997803e+02	  -8.9325904e+01	
   2.6300000e+00	  -4.9137456e+01	  -4.9218565e+01	   1.7608887e+02	  -7.3033695e+01	
   2.6400000e+00	  -4.9166781e+01	  -4.9215306e+01	   1.7316650e+02	  -5.7941832e+01	
   2.6500000e+00	  -4.9411157e+01	  -4.9218919e+01	   1.6490479e+02	  -4.4110393e+01	
   2.6600000e+00	  -4.9763057e+01	  -4.9236976e+01	   1.6538818e+02	  -3.1358803e+01	
   2.6700000e+00	  -4.9303631e+01	  -4.9251511e+01	   1.6088379e+02	  -1.9506778e+01	
   2.6800000e+00	  -4.8990831e+01	  -4.9246396e+01	   1.5842285e+02	  -8.5892106e+00	
   2.6900000e+00	  -4.8922406e+01	  -4.9232185e+01	   1.5512695e+02	   1.4876641e+00	
   2.7000000e+00	  -4.8814881e+01	  -4.9214356e+01	   1.4954590e+02	   1.0680010e+01	
   2.7100000e+00	  -4.9088581e+01	  -4.9201476e+01	   1.5200684e+02	   1.9217131e+01	
   2.7200000e+00	  -4.9000606e+01	  -4.9193782e+01	   1.4721680e+02	   2.7163056e+01	
   2.7300000e+00	  -4.8775781e+01	  -4.9178795e+01	   1.4411865e+02	   3.4384434e+01	
   2.7400000e+00	  -4.9469807e+01	  -4.9176048e+01	   1.3625244e+02	   4.0831688e+01	
   2.7500000e+00	  -4.9078806e+01	  -4.9180867e+01	   1.3440674e+02	   4.6590154e+01	
   2.7600000e+00	  -4.9117906e+01	  -4.9176820e+01	   1.3192383e+02	   5.1865825e+01	
   2.7700000e+00	  -5.0075857e+01	  -4.9197422e+01	   1.2946289e+02	   5.6669377e+01	
   2.7800000e+00	  -4.9548007e+01	  -4.9227559e+01	   1.2489258e+02	   6.0965980e+01	
   2.7900000e+00	  -4.9166781e+01	  -4.9233927e+01	   1.2401367e+02	   6.4834728e+01	
   2.8000000e+00	  -5.0290907e+01	  -4.9258199e+01	   1.2021240e+02	   6.8325124e+01	
   2.8100000e+00	  -4.9235206e+01	  -4.9282959e+01	   1.1746582e+02	   7.1403320e+01	
   2.8200000e+00	  -4.9440482e+01	  -4.9285651e+01	   1.1260986e+02	   7.4062298e+01	
   2.8300000e+00	  -4.9157006e+01	  -4.9286293e+01	   1.1115967e+02	   7.6367105e+01	
   2.8400000e+00	  -4.9196106e+01	  -4.9280911e+01	   1.0535889e+02	   7.8310534e+01	
   2.8500000e+00	  -4.9264531e+01	  -4.9278430e+01	   1.0228271e+02	   7.9865066e+01	
   2.8600000e+00	  -4.8932181e+01	  -4.9269598e+01	   1.0087646e+02	   8.1188294e+01	
   2.8700000e+00	  -4.9528457e+01	  -4.9267672e+01	   9.9074707e+01	   8.2333145e+01	
   2.8800000e+00	  -4.8775781e+01	  -4.9262005e+01	   9.6481934e+01	   8.3274335e+01	
   2.8900000e+00	  -4.8922406e+01	  -4.9241754e+01	   9.3032227e+01	   8.3974065e+01	
   2.9000000e+00	  -4.9596882e+01	  -4.9242632e+01	   8.7143555e+01	   8.4346626e+01	
   2.9100000e+00	  -4.9000606e+01	  -4.9245384e+01	   8.4968262e+01	   8.4450785e+01	
   2.9200000e+00	  -4.9108131e+01	  -4.9236016e+01	   8.0837402e+01	   8.4356457e+01	
   2.9300000e+00	  -4.9049481e+01	  -4.9228306e+01	   7.7805176e+01	   8.4049626e+01	
   2.9400000e+00	  -5.0212707e+01	  -4.9248060e+01	   7.6069336e+01	   8.3616216e+01	
   2.9500000e+00	  -5.0232257e+01	  -4.9295849e+01	   7.3168945e+01	   8.3067957e+01	
   2.9600000e+00	  -4.9225431e+01	  -4.9317084e+01	   6.8422852e+01	   8.2320129e+01	
   2.9700000e+00	  -4.8951731e+01	  -4.9305878e+01	   6.7851563e+01	   8.1455857e+01	
   2.9800000e+00	  -4.9352507e+01	  -4.9298337e+01	   6.2995605e+01	   8.0478890e+01	
   2.9900000e+00	  -4.9557782e+01	  -4.9306027e+01	   5.9458008e+01	   7.9305717e+01	
   3.0000000e+00	  -4.9499132e+01	  -4.9316936e+01	   5.4953613e+01	   7.7959004e+01	
   3.0100000e+00	  -4.9020156e+01	  -4.9314126e+01	   5.6711426e+01	   7.6610671e+01	
   3.0200000e+00	  -4.9332957e+01	  -4.9307379e+01	   5.0405273e+01	   7.5205921e+01	
   3.0300000e+00	  -4.9460032e+01	  -4.9311750e+01	   4.5944824e+01	   7.3558727e+01	
   3.0400000e+00	  -4.9665307e+01	  -4.9324055e+01	   4.2626953e+01	   7.1774914e+01	
   3.0500000e+00	  -4.9811932e+01	  -4.9344387e+01	   3.9616699e+01	   6.9906991e+01	
   3.0600000e+00	  -4.9372057e+01	  -4.9356530e+01	   3.9418945e+01	   6.8055151e+01	
   3.0700000e+00	  -4.9010381e+01	  -4.9348423e+01	   3.3112793e+01	   6.6117992e+01	
   3.0800000e+00	  -4.9538232e+01	  -4.9344788e+01	   3.0124512e+01	   6.4015689e+01	
   3.0900000e+00	  -4.8941956e+01	  -4.9339654e+01	   3.2189941e+01	   6.2013377e+01	
   3.1000000e+00	  -4.8912631e+01	  -4.9319430e+01	   2.3005371e+01	   5.9916169e+01	
   3.1100000e+00	  -4.9870582e+01	  -4.9322970e+01	   2.1489258e+01	   5.7620723e+01	
   3.1200000e+00	  -4.9723957e+01	  -4.9346231e+01	   1.8193359e+01	   5.5318540e+01	
   3.1300000e+00	  -4.9528457e+01	  -4.9359962e+01	   1.7050781e+01	   5.3021412e+01	
   3.1400000e+00	  -4.8658481e+01	  -4.9346892e+01	   1.4875488e+01	   5.0763173e+01	
   3.1500000e+00	  -4.9049481e+01	  -4.9322718e+01	   9.4482422e+00	   4.8410906e+01	
   3.1600000e+00	  -4.9039706e+01	  -4.9309078e+01	   8.8989258e+00	   4.6019882e+01	
   3.1700000e+00	  -4.8756231e+01	  -4.9288916e+01	   4.6142578e+00	   4.3627276e+01	
   3.1800000e+00	  -4.8893081e+01	  -4.9266147e+01	  -1.0986328e+00	   4.1075856e+01	
   3.1900000e+00	  -4.9352507e+01	  -4.9259117e+01	  -1.2084961e+00	   3.8502501e+01	
   3.2000000e+00	  -4.9157006e+01	  -4.9258903e+01	  -4.5922852e+00	   3.5979512e+01	
   3.2100000e+00	  -4.8472756e+01	  -4.9237127e+01	  -1.0195313e+01	   3.3336451e+01	
   3.2200000e+00	  -4.8873531e+01	  -4.9209467e+01	  -1.0085449e+01	   3.0687082e+01	
   3.2300000e+00	  -4.9078806e+01	  -4.9198025e+01	  -1.2854004e+01	   2.8118152e+01	
   3.2400000e+00	  -4.8717131e+01	  -4.9183310e+01	  -1.6677246e+01	   2.5504922e+01	
   3.2500000e+00	  -4.8609606e+01	  -4.9157810e+01	  -1.8522949e+01	   2.2878210e+01	
   3.2600000e+00	  -4.9029931e+01	  -4.9141231e+01	  -2.4301758e+01	   2.0179254e+01	
   3.2700000e+00	  -4.8511856e+01	  -4.9123069e+01	  -2.3115234e+01	   1.7504844e+01	
   3.2800000e+00	  -4.9244981e+01	  -4.9111070e+01	  -2.8916016e+01	   1.4852816e+01	
   3.2900000e+00	  -4.9782607e+01	  -4.9130821e+01	  -3.1640625e+01	   1.2102638e+01	
   3.3000000e+00	  -4.9323182e+01	  -4.9151521e+01	  -3.5749512e+01	   9.3118403e+00	
   3.3100000e+00	  -4.9225431e+01	  -4.9157543e+01	  -3.8342285e+01	   6.4869159e+00	
   3.3200000e+00	  -4.9244981e+01	  -4.9161352e+01	  -4.1813965e+01	   3.6493590e+00	
   3.3300000e+00	  -4.8883306e+01	  -4.9156584e+01	  -4.4252930e+01	   8.0462574e-01	
   3.3400000e+00	  -4.9518682e+01	  -4.9158762e+01	  -4.8273926e+01	  -2.0635835e+00	
   3.3500000e+00	  -4.9166781e+01	  -4.9167785e+01	  -4.9702148e+01	  -4.9230421e+00	
   3.3600000e+00	  -4.9411157e+01	  -4.9173728e+01	  -5.3591309e+01	  -7.7702665e+00	
   3.3700000e+00	  -4.9841257e+01	  -4.9195919e+01	  -5.6337891e+01	  -1.0646171e+01	
   3.3800000e+00	  -4.9665307e+01	  -4.9223254e+01	  -5.8557129e+01	  -1.3498127e+01	
   3.3900000e+00	  -4.9401382e+01	  -4.9238462e+01	  -6.1962891e+01	  -1.6347679e+01	
   3.4000000e+00	  -4.9029931e+01	  -4.9237343e+01	  -6.2622070e+01	  -1.9147440e+01	
   3.4100000e+00	  -4.9244981e+01	  -4.9232445e+01	  -6.8071289e+01	  -2.1962706e+01	
   3.4200000e+00	  -4.9763057e+01	  -4.9245763e+01	  -7.1696777e+01	  -2.4882912e+01	
   3.4300000e+00	  -4.9851032e+01	  -4.9273290e+01	  -7.4025879e+01	  -2.7806596e+01	
   3.4400000e+00	  -4.9587107e+01	  -4.9295153e+01	  -7.6179199e+01	  -3.0688692e+01	
   3.4500000e+00	  -4.9802157e+01	  -4.9314745e+01	  -7.9694824e+01	  -3.3567887e+01	
   3.4600000e+00	  -4.9196106e+01	  -4.9323788e+01	  -8.3188477e+01	  -3.6485194e+01	
   3.4700000e+00	  -4.9108131e+01	  -4.9315368e+01	  -8.5341797e+01	  -3.9396784e+01	
   3.4800000e+00	  -4.9117906e+01	  -4.9305444e+01	  -8.7626953e+01	  -4.2266184e+01	
   3.4900000e+00	  -4.9645757e+01	  -4.9309191e+01	  -9.0878906e+01	  -4.5129438e+01	
   3.5000000e+00	  -4.9108131e+01	  -4.9312514e+01	  -9.3647461e+01	  -4.8001651e+01	
   3.5100000e+00	  -4.9528457e+01	  -4.9312797e+01	  -9.6525879e+01	  -5.0870894e+01	
   3.5200000e+00	  -4.9059256e+01	  -4.9311868e+01	  -9.9448242e+01	  -5.3742035e+01	
   3.5300000e+00	  -4.9694632e+01	  -4.9315060e+01	  -1.0285400e+02	  -5.6631026e+01	
   3.5400000e+00	  -4.9137456e+01	  -4.9320012e+01	  -1.0672119e+02	  -5.9565567e+01	
   3.5500000e+00	  -4.8981056e+01	  -4.9307224e+01	  -1.1006104e+02	  -6.2540873e+01	
   3.5600000e+00	  -4.9919457e+01	  -4.9314239e+01	  -1.1206055e+02	  -6.5497555e+01	
   3.5700000e+00	  -4.9811932e+01	  -4.9341284e+01	  -1.1447754e+02	  -6.8408630e+01	
   3.5800000e+00	  -4.9899907e+01	  -4.9366523e+01	  -1.1768555e+02	  -7.1313698e+01	
   3.5900000e+00	  -4.9313406e+01	  -4.9378300e+01	  -1.2137695e+02	  -7.4251955e+01	
   3.6000000e+00	  -4.9499132e+01	  -4.9379672e+01	  -1.2418945e+02	  -7.7209327e+01	
   3.6100000e+00	  -4.9372057e+01	  -4.9382415e+01	  -1.2796875e+02	  -8.0187329e+01	
   3.6200000e+00	  -4.9508907e+01	  -4.9385262e+01	  -1.3051758e+02	  -8.3176669e+01	
   3.6300000e+00	  -4.8941956e+01	  -4.9377424e+01	  -1.3585693e+02	  -8.6224188e+01	
   3.6400000e+00	  -4.9186331e+01	  -4.9362059e+01	  -1.3812012e+02	  -8.9317640e+01	
   3.6500000e+00	  -4.8961506e+01	  -4.9347928e+01	  -1.4117432e+02	  -9.2384598e+01	
   3.6600000e+00	  -4.9293856e+01	  -4.9337126e+01	  -1.4455811e+02	  -9.5460821e+01	
   3.6700000e+00	  -4.9215656e+01	  -4.9333087e+01	  -1.4497559e+02	  -9.8465407e+01	
   3.6800000e+00	  -4.8805106e+01	  -4.9317260e+01	  -1.4985352e+02	  -1.0144824e+02	
   3.6900000e+00	  -4.9000606e+01	  -4.9296937e+01	  -1.5473145e+02	  -1.0454657e+02	
   3.7000000e+00	  -4.9186331e+01	  -4.9286958e+01	  -1.5499512e+02	  -1.0761274e+02	
   3.7100000e+00	  -4.9108131e+01	  -4.9280105e+01	  -1.6202637e+02	  -1.1071434e+02	
   3.7200000e+00	  -4.9313406e+01	  -4.9276705e+01	  -1.6488281e+02	  -1.1392820e+02	
   3.7300000e+00	  -4.8746456e+01	  -4.9264602e+01	  -1.6578369e+02	  -1.1706069e+02	
   3.7400000e+00	  -4.9372057e+01	  -4.9254531e+01	  -1.6769531e+02	  -1.2008799e+02	
   3.7500000e+00	  -4.9059256e+01	  -4.9252625e+01	  -1.7259521e+02	  -1.2313836e+02	
   3.7600000e+00	  -4.9332957e+01	  -4.9249853e+01	  -1.7419922e+02	  -1.2620101e+02	
   3.7700000e+00	  -4.9284081e+01	  -4.9252730e+01	  -1.7819824e+02	  -1.2924774e+02	
   3.7800000e+00	  -4.9108131e+01	  -4.9249953e+01	  -1.8000000e+02	  -1.3228556e+02	
   3.7900000e+00	  -4.9127681e+01	  -4.9243477e+01	  -1.8000000e+02	  -1.3519316e+02	
   3.8000000e+00	  -4.9821707e+01	  -4.9254817e+01	  -1.8000000e+02	  -1.3792358e+02	
   3.8100000e+00	  -4.8746456e+01	  -4.9256252e+01	  -1.8000000e+02	  -1.4048761e+02	
   3.8200000e+00	  -4.9948782e+01	  -4.9260733e+01	  -1.2612305e+01	  -1.3779530e+02	
   3.8300000e+00	  -4.9254756e+01	  -4.9277458e+01	   1.7402344e+02	  -1.2448041e+02	
   3.8400000e+00	  -4.9469807e+01	  -4.9281618e+01	   1.7441895e+02	  -1.0627828e+02	
   3.8500000e+00	  -4.9235206e+01	  -4.9285095e+01	   1.7516602e+02	  -8.9150531e+01	
   3.8600000e+00	  -4.9362282e+01	  -4.9285764e+01	   1.7417725e+02	  -7.3073869e+01	
   3.8700000e+00	  -4.9069031e+01	  -4.9282326e+01	   1.6771729e+02	  -5.8203833e+01	
   3.8800000e+00	  -4.9078806e+01	  -4.9272105e+01	   1.6686035e+02	  -4.4462876e+01	
   3.8900000e+00	  -4.9029931e+01	  -4.9261427e+01	   1.6565186e+02	  -3.1622189e+01	
   3.9000000e+00	  -4.9548007e+01	  -4.9262777e+01	   1.5886230e+02	  -1.9807672e+01	
   3.9100000e+00	  -5.0026982e+01	  -4.9288511e+01	   1.5960938e+02	  -8.8972092e+00	
   3.9200000e+00	  -4.9381832e+01	  -4.9308908e+01	   1.5409424e+02	   1.2031205e+00	
   3.9300000e+00	  -4.9587107e+01	  -4.9317518e+01	   1.5073242e+02	   1.0417492e+01	
   3.9400000e+00	  -4.9851032e+01	  -4.9337212e+01	   1.4805176e+02	   1.8886256e+01	
   3.9500000e+00	  -4.9274306e+01	  -4.9348269e+01	   1.4464600e+02	   2.6653508e+01	
   3.9600000e+00	  -4.9792382e+01	  -4.9357345e+01	   1.4394287e+02	   3.3822251e+01	
   3.9700000e+00	  -4.9332957e+01	  -4.9367415e+01	   1.4095459e+02	   4.0441677e+01	
   3.9800000e+00	  -4.9782607e+01	  -4.9376751e+01	   1.3506592e+02	   4.6387262e+01	
   3.9900000e+00	  -4.9254756e+01	  -4.9383712e+01	   1.3396729e+02	   5.1757643e+01	
   4.0000000e+00	  -4.9440482e+01	  -4.9381942e+01	   1.2854004e+02	   5.6601931e+01	
   4.0100000e+00	  -4.9088581e+01	  -4.9376184e+01	   1.2667236e+02	   6.0928753e+01	
   4.0200000e+00	  -4.9117906e+01	  -4.9362798e+01	   1.2328857e+02	   6.4831904e+01	
   4.0300000e+00	  -4.9313406e+01	  -4.9355582e+01	   1.1937744e+02	   6.8274940e+01	
   4.0400000e+00	  -4.9176556e+01	  -4.9350157e+01	   1.1649902e+02	   7.1301296e+01	
   4.0500000e+00	  -4.9714182e+01	  -4.9354827e+01	   1.1649902e+02	   7.4055533e+01	
   4.0600000e+00	  -4.9215656e+01	  -4.9360226e+01	   1.1388428e+02	   7.6562265e+01	
   4.0700000e+00	  -5.0095407e+01	  -4.9374709e+01	   1.0579834e+02	   7.8590206e+01	
   4.0800000e+00	  -4.9401382e+01	  -4.9393036e+01	   1.0261230e+02	   8.0151127e+01	
   4.0900000e+00	  -4.9059256e+01	  -4.9385055e+01	   1.0111816e+02	   8.1474330e+01	
   4.1000000e+00	  -4.8990831e+01	  -4.9367399e+01	   9.6240234e+01	   8.2522752e+01	
   4.1100000e+00	  -4.9029931e+01	  -4.9349890e+01	   9.1911621e+01	   8.3226774e+01	
   4.1200000e+00	  -4.8766006e+01	  -4.9327726e+01	   9.0944824e+01	   8.3726549e+01	
   4.1300000e+00	  -4.9332957e+01	  -4.9314080e+01	   9.1538086e+01	   8.4184489e+01	
   4.1400000e+00	  -4.9802157e+01	  -4.9326512e+01	   8.5451660e+01	   8.4447153e+01	
   4.1500000e+00	  -4.9743507e+01	  -4.9348401e+01	   8.0507813e+01	   8.4357732e+01	
   4.1600000e+00	  -4.9430707e+01	  -4.9360108e+01	   7.9167480e+01	   8.4082290e+01	
   4.1700000e+00	  -4.9401382e+01	  -4.9362851e+01	   7.4663086e+01	   8.3645550e+01	
   4.1800000e+00	  -4.9391607e+01	  -4.9364501e+01	   7.4245605e+01	   8.3085461e+01	
   4.1900000e+00	  -4.9088581e+01	  -4.9358399e+01	   6.9060059e+01	   8.2388785e+01	
   4.2000000e+00	  -4.9450257e+01	  -4.9354036e+01	   6.1940918e+01	   8.1359655e+01	
   4.2100000e+00	  -4.9987882e+01	  -4.9371938e+01	   6.3544922e+01	   8.0225198e+01	
   4.2200000e+00	  -4.9538232e+01	  -4.9391120e+01	   5.6755371e+01	   7.9001874e+01	
   4.2300000e+00	  -4.9626207e+01	  -4.9400492e+01	   5.7414551e+01	   7.7666313e+01	
   4.2400000e+00	  -4.9391607e+01	  -4.9405809e+01	   5.2866211e+01	   7.6293639e+01	
   4.2500000e+00	  -4.9059256e+01	  -4.9396963e+01	   5.3239746e+01	   7.4877411e+01	
   4.2600000e+00	  -4.9499132e+01	  -4.9391187e+01	   4.8515625e+01	   7.3414928e+01	
   4.2700000e+00	  -4.8678031e+01	  -4.9376346e+01	   4.2626953e+01	   7.1718206e+01	
   4.2800000e+00	  -4.8883306e+01	  -4.9347132e+01	   4.2055664e+01	   6.9928052e+01	
   4.2900000e+00	  -4.9694632e+01	  -4.9344280e+01	   3.7419434e+01	   6.8088318e+01	
   4.3000000e+00	  -4.9860807e+01	  -4.9365537e+01	   3.3134766e+01	   6.6088885e+01	
   4.3100000e+00	  -4.9694632e+01	  -4.9385752e+01	   3.3706055e+01	   6.4098150e+01	
   4.3200000e+00	  -4.9587107e+01	  -4.9398263e+01	   2.9135742e+01	   6.2106880e+01	
   4.3300000e+00	  -4.9254756e+01	  -4.9399375e+01	   2.5158691e+01	   5.9976526e+01	
   4.3400000e+00	  -4.9567557e+01	  -4.9399953e+01	   1.9643555e+01	   5.7686775e+01	
   4.3500000e+00	  -4.9049481e+01	  -4.9395469e+01	   2.2412109e+01	   5.5452871e+01	
   4.3600000e+00	  -4.8590056e+01	  -4.9367235e+01	   1.9511719e+01	   5.3351078e+01	
   4.3700000e+00	  -4.8638931e+01	  -4.9330318e+01	   1.5139160e+01	   5.1155766e+01	
   4.3800000e+00	  -4.9147231e+01	  -4.9308874e+01	   1.0744629e+01	   4.8827109e+01	
   4.3900000e+00	  -4.9147231e+01	  -4.9300947e+01	   8.5913086e+00	   4.6440849e+01	
   4.4000000e+00	  -4.9401382e+01	  -4.9299640e+01	   6.3500977e+00	   4.4066106e+01	
   4.4100000e+00	  -4.9098356e+01	  -4.9297199e+01	   1.4501953e+00	   4.1618493e+01	
   4.4200000e+00	  -4.8218605e+01	  -4.9265874e+01	  -2.9003906e+00	   3.9038180e+01	
   4.4300000e+00	  -4.8550956e+01	  -4.9222663e+01	  -1.3623047e+00	   3.6529413e+01	
   4.4400000e+00	  -4.8736681e+01	  -4.9194274e+01	  -7.1850586e+00	   3.4042974e+01	
   4.4500000e+00	  -4.8766006e+01	  -4.9172552e+01	  -9.4482422e+00	   3.1461685e+01	
   4.4600000e+00	  -4.8472756e+01	  -4.9145422e+01	  -1.3249512e+01	   2.8852917e+01	
   4.4700000e+00	  -4.9088581e+01	  -4.9127534e+01	  -1.6193848e+01	   2.6197590e+01	
   4.4800000e+00	  -4.8736681e+01	  -4.9116994e+01	  -2.0698242e+01	   2.3477119e+01	
   4.4900000e+00	  -4.8795331e+01	  -4.9099781e+01	  -1.9270020e+01	   2.0828699e+01	
   4.5000000e+00	  -4.8511856e+01	  -4.9077898e+01	  -2.3247070e+01	   1.8264008e+01	
   4.5100000e+00	  -4.8570506e+01	  -4.9051576e+01	  -2.8586426e+01	   1.5571743e+01	
   4.5200000e+00	  -4.8462981e+01	  -4.9025346e+01	  -3.0256348e+01	   1.2829975e+01	
   4.5300000e+00	  -4.9391607e+01	  -4.9020537e+01	  -3.4035645e+01	   1.0089252e+01	
   4.5400000e+00	  -4.9440482e+01	  -4.9039934e+01	  -3.6342773e+01	   7.3300957e+00	
   4.5500000e+00	  -4.9069031e+01	  -4.9050470e+01	  -3.9748535e+01	   4.5650112e+00	
   4.5600000e+00	  -4.8932181e+01	  -4.9048024e+01	  -4.3198242e+01	   1.7595465e+00	
   4.5700000e+00	  -4.9342732e+01	  -4.9052410e+01	  -4.6428223e+01	  -1.0784819e+00	
   4.5800000e+00	  -4.8805106e+01	  -4.9053465e+01	  -4.8955078e+01	  -3.9189716e+00	
   4.5900000e+00	  -4.8668256e+01	  -4.9037929e+01	  -5.2470703e+01	  -6.7704758e+00	
   4.6000000e+00	  -4.8805106e+01	  -4.9023155e+01	  -5.2404785e+01	  -9.5533247e+00	
   4.6100000e+00	  -5.0114957e+01	  -4.9044581e+01	  -5.7436523e+01	  -1.2317896e+01	
   4.6200000e+00	  -4.9254756e+01	  -4.9075982e+01	  -6.0183105e+01	  -1.5150997e+01	
   4.6300000e+00	  -4.9743507e+01	  -4.9096734e+01	  -6.3698730e+01	  -1.8002258e+01	
   4.6400000e+00	  -4.9538232e+01	  -4.9123421e+01	  -6.7434082e+01	  -2.0900698e+01	
   4.6500000e+00	  -4.9684857e+01	  -4.9147360e+01	  -6.9455566e+01	  -2.3797918e+01	
   4.6600000e+00	  -4.9078806e+01	  -4.9158859e+01	  -7.2509766e+01	  -2.6673238e+01	
   4.6700000e+00	  -4.9264531e+01	  -4.9159487e+01	  -7.5629883e+01	  -2.9561467e+01	
   4.6800000e+00	  -4.8775781e+01	  -4.9152654e+01	  -7.7761230e+01	  -3.2433700e+01	
   4.6900000e+00	  -4.8932181e+01	  -4.9138006e+01	  -8.0969238e+01	  -3.5293590e+01	
   4.7000000e+00	  -4.9381832e+01	  -4.9138938e+01	  -8.4946289e+01	  -3.8198126e+01	
   4.7100000e+00	  -4.9841257e+01	  -4.9162116e+01	  -8.7407227e+01	  -4.1121823e+01	
   4.7200000e+00	  -4.9284081e+01	  -4.9181760e+01	  -9.2065430e+01	  -4.4084269e+01	
   4.7300000e+00	  -4.9577332e+01	  -4.9193970e+01	  -9.2790527e+01	  -4.7030214e+01	
   4.7400000e+00	  -4.9088581e+01	  -4.9200786e+01	  -9.6591797e+01	  -4.9934553e+01	
   4.7500000e+00	  -4.8697581e+01	  -4.9185695e+01	  -9.9645996e+01	  -5.2870786e+01	
   4.7600000e+00	  -4.8932181e+01	  -4.9167509e+01	  -1.0162354e+02	  -5.5781403e+01	
   4.7700000e+00	  -4.8805106e+01	  -4.9152852e+01	  -1.0511719e+02	  -5.8681355e+01	
   4.7800000e+00	  -4.8678031e+01	  -4.9132681e+01	  -1.0823730e+02	  -6.1606104e+01	
   4.7900000e+00	  -4.9479582e+01	  -4.9130039e+01	  -1.1054443e+02	  -6.4517988e+01	
   4.8000000e+00	  -4.9420932e+01	  -4.9145744e+01	  -1.1430176e+02	  -6.7437205e+01	
   4.8100000e+00	  -4.9010381e+01	  -4.9149172e+01	  -1.1761963e+02	  -7.0394105e+01	
   4.8200000e+00	  -4.9225431e+01	  -4.9147639e+01	  -1.2124512e+02	  -7.3382374e+01	
   4.8300000e+00	  -4.8873531e+01	  -4.9142825e+01	  -1.2414551e+02	  -7.6387381e+01	
   4.8400000e+00	  -4.9860807e+01	  -4.9153827e+01	  -1.2636475e+02	  -7.9365259e+01	
   4.8500000e+00	  -4.9225431e+01	  -4.9172920e+01	  -1.3047363e+02	  -8.2354483e+01	
   4.8600000e+00	  -5.0183382e+01	  -4.9198985e+01	  -1.3141846e+02	  -8.5315531e+01	
   4.8700000e+00	  -4.9411157e+01	  -4.9228327e+01	  -1.3706543e+02	  -8.8296984e+01	
   4.8800000e+00	  -4.9880357e+01	  -4.9248799e+01	  -1.3697754e+02	  -9.1266133e+01	
   4.8900000e+00	  -4.9078806e+01	  -4.9260118e+01	  -1.4315186e+02	  -9.4239795e+01	
   4.9000000e+00	  -4.8638931e+01	  -4.9240439e+01	  -1.4554688e+02	  -9.7293347e+01	
   4.9100000e+00	  -4.8687806e+01	  -4.9212138e+01	  -1.4835938e+02	  -1.0031949e+02	
   4.9200000e+00	  -4.9078806e+01	  -4.9196011e+01	  -1.5123779e+02	  -1.0333462e+02	
   4.9300000e+00	  -4.9049481e+01	  -4.9189544e+01	  -1.5433594e+02	  -1.0634812e+02	
   4.9400000e+00	  -4.9020156e+01	  -4.9181955e+01	  -1.5668701e+02	  -1.0934401e+02	
   4.9500000e+00	  -4.9743507e+01	  -4.9191758e+01	  -1.6246582e+02	  -1.1240505e+02	
   4.9600000e+00	  -4.9489357e+01	  -4.9212585e+01	  -1.6332275e+02	  -1.1548173e+02	
   4.9700000e+00	  -4.9675082e+01	  -4.9230713e+01	  -1.6824463e+02	  -1.1854701e+02	
   4.9800000e+00	  -4.9723957e+01	  -4.9253705e+01	  -1.6907959e+02	  -1.2160090e+02	
   4.9900000e+00	  -4.9323182e+01	  -4.9266940e+01	  -1.7510010e+02	  -1.2467757e+02	
   5.0000000e+00	  -4.8902856e+01	  -4.9259391e+01	  -1.7709961e+02	  -1.2781111e+02	
   5.0100000e+00	  -4.9098356e+01	  -4.9246700e+01	  -1.7951660e+02	  -1.3088827e+02	
   5.0200000e+00	  -4.7593005e+01	  -4.9202511e+01	  -1.8000000e+02	  -1.3386629e+02	
   5.0300000e+00	  -4.6556854e+01	  -4.9098167e+01	  -1.8000000e+02	  -1.3667756e+02	
   5.0400000e+00	  -4.4953752e+01	  -4.8934223e+01	  -1.8000000e+02	  -1.3931752e+02	
   5.0500000e+00	  -4.3956702e+01	  -4.8714558e+01	  -1.2041016e+01	  -1.3667911e+02	
   5.0600000e+00	  -4.2197200e+01	  -4.8438072e+01	  -1.1975098e+01	  -1.2908197e+02	
   5.0700000e+00	  -4.0613648e+01	  -4.8093168e+01	   1.7824219e+02	  -1.1615009e+02	
   5.0800000e+00	  -3.9127847e+01	  -4.7689914e+01	   1.7604492e+02	  -9.8277509e+01	
   5.0900000e+00	  -3.7172845e+01	  -4.7222063e+01	   1.7929688e+02	  -8.1461904e+01	
   5.1000000e+00	  -3.5296044e+01	  -4.6683195e+01	   1.7701172e+02	  -6.5641543e+01	
   5.1100000e+00	  -3.4748643e+01	  -4.6111309e+01	   1.7424316e+02	  -5.0939216e+01	
   5.1200000e+00	  -3.3165092e+01	  -4.5515216e+01	   1.7472656e+02	  -3.7202438e+01	
   5.1300000e+00	  -3.0359664e+01	  -4.4840733e+01	   1.7136475e+02	  -2.4390446e+01	
   5.1400000e+00	  -2.8424212e+01	  -4.4083074e+01	   1.7002441e+02	  -1.2502453e+01	
   5.1500000e+00	  -2.6586511e+01	  -4.3270050e+01	   1.7090332e+02	  -1.3529440e+00	
   5.1600000e+00	  -2.3165257e+01	  -4.2367941e+01	   1.6657471e+02	   9.0120337e+00	
   5.1700000e+00	  -2.2686282e+01	  -4.1414434e+01	   1.6494873e+02	   1.8563967e+01	
   5.1800000e+00	  -2.0056805e+01	  -4.0431466e+01	   1.6395996e+02	   2.7454161e+01	
   5.1900000e+00	  -1.8346178e+01	  -3.9390280e+01	   1.6428955e+02	   3.5782524e+01	
   5.2000000e+00	  -1.6928802e+01	  -3.8323453e+01	   1.6367432e+02	   4.3594675e+01	
   5.2100000e+00	  -1.6254326e+01	  -3.7257651e+01	   1.6237793e+02	   5.0872528e+01	
   5.2200000e+00	  -1.2627798e+01	  -3.6138652e+01	   1.5787354e+02	   5.7530145e+01	
   5.2300000e+00	  -1.0291571e+01	  -3.4928316e+01	   1.5587402e+02	   6.3583897e+01	
   5.2400000e+00	  -1.0066745e+01	  -3.3714538e+01	   1.6187256e+02	   6.9390594e+01	
   5.2500000e+00	  -8.0335435e+00	  -3.2504917e+01	   1.5947754e+02	   7.4953240e+01	
   5.2600000e+00	  -6.3717919e+00	  -3.1264013e+01	   1.6176270e+02	   8.0173565e+01	
   5.2700000e+00	  -4.7002654e+00	  -3.0002230e+01	   1.5875244e+02	   8.5053683e+01	
   5.2800000e+00	  -3.2535640e+00	  -2.8725865e+01	   1.6127930e+02	   8.9621691e+01	
   5.2900000e+00	  -2.0219129e+00	  -2.7446419e+01	   1.5859863e+02	   9.3906649e+01	
   5.3000000e+00	  -3.9926142e-01	  -2.6159729e+01	   1.5618164e+02	   9.7775174e+01	
   5.3100000e+00	   1.9701413e-01	  -2.4881731e+01	   1.5901611e+02	   1.0142068e+02	
   5.3200000e+00	   2.3611417e-01	  -2.3650830e+01	   1.5618164e+02	   1.0484404e+02	
   5.3300000e+00	   9.5946484e-01	  -2.2461600e+01	   1.6279541e+02	   1.0817394e+02	
   5.3400000e+00	   3.4618671e+00	  -2.1251592e+01	   1.5771973e+02	   1.1134778e+02	
   5.3500000e+00	   4.2829679e+00	  -2.0019430e+01	   1.6059814e+02	   1.1426127e+02	
   5.3600000e+00	   4.4295930e+00	  -1.8823967e+01	   1.6009277e+02	   1.1706953e+02	
   5.3700000e+00	   5.4657440e+00	  -1.7658129e+01	   1.6086182e+02	   1.1971469e+02	
   5.3800000e+00	   8.0952214e+00	  -1.6459581e+01	   1.5846680e+02	   1.2214912e+02	
   5.3900000e+00	   6.6876201e+00	  -1.5289851e+01	   1.6119141e+02	   1.2444524e+02	
   5.4000000e+00	   8.3493716e+00	  -1.4171257e+01	   1.6187256e+02	   1.2670522e+02	
   5.4100000e+00	   8.0267963e+00	  -1.3074682e+01	   1.6281738e+02	   1.2887701e+02	
   5.4200000e+00	   9.0531723e+00	  -1.2014630e+01	   1.6853027e+02	   1.3111932e+02	
   5.4300000e+00	   1.2005225e+01	  -1.0909008e+01	   1.6312500e+02	   1.3323436e+02	
   5.4400000e+00	   1.2503750e+01	  -9.7729954e+00	   1.6745361e+02	   1.3518771e+02	
   5.4500000e+00	   1.1360074e+01	  -8.7085169e+00	   1.6861816e+02	   1.3718939e+02	
   5.4600000e+00	   1.3930902e+01	  -7.6612477e+00	   1.6976074e+02	   1.3913939e+02	
   5.4700000e+00	   1.3970002e+01	  -6.6013404e+00	   1.6872803e+02	   1.4097392e+02	
   5.4800000e+00	   1.6188929e+01	  -5.5380439e+00	   1.6743164e+02	   1.4262568e+02	
   5.4900000e+00	   1.5094128e+01	  -4.4993295e+00	   1.7219971e+02	   1.4428257e+02	
   5.5000000e+00	   1.5895679e+01	  -3.5187480e+00	   1.7338623e+02	   1.4601993e+02	
   5.5100000e+00	   1.7049130e+01	  -2.5383176e+00	   1.7325439e+02	   1.4768354e+02	
   5.5200000e+00	   1.6452854e+01	  -1.5923077e+00	   1.7672607e+02	   1.4934754e+02	
   5.5300000e+00	   1.8075506e+01	  -6.6752490e-01	   1.7336426e+02	   1.5091349e+02	
   5.5400000e+00	   1.9356032e+01	   2.8309420e-01	   1.7837402e+02	   1.5243423e+02	
   5.5500000e+00	   2.0617008e+01	   1.2494136e+00	   1.7859375e+02	   1.5402163e+02	
   5.5600000e+00	   2.1291484e+01	   2.2158020e+00	   1.7795654e+02	   1.5549958e+02	
   5.5700000e+00	   2.3559286e+01	   3.2069450e+00	   1.7347412e+02	   1.5673147e+02	
   5.5800000e+00	   2.3305135e+01	   4.1988571e+00	   1.7683594e+02	   1.5785416e+02	
   5.5900000e+00	   2.3451761e+01	   5.1394860e+00	   1.7958252e+02	   1.5909455e+02	
   5.6000000e+00	   2.3598386e+01	   6.0411743e+00	  -1.0590820e+01	   1.5454869e+02	
   5.6100000e+00	   2.4566112e+01	   6.9259667e+00	  -1.5666504e+01	   1.4433085e+02	
   5.6200000e+00	   2.3588611e+01	   7.7671263e+00	  -1.2810059e+01	   1.3466805e+02	
   5.6300000e+00	   2.4986437e+01	   8.5773397e+00	  -1.8000000e+02	   1.2058703e+02	
   5.6400000e+00	   2.6921889e+01	   9.4295551e+00	  -1.8000000e+02	   1.0227001e+02	
   5.6500000e+00	   2.6853464e+01	   1.0285758e+01	  -1.8000000e+02	   8.5069184e+01	
   5.6600000e+00	   2.9512266e+01	   1.1163489e+01	  -1.8000000e+02	   6.8916532e+01	
   5.6700000e+00	   2.6442913e+01	   1.1988107e+01	  -1.8000000e+02	   5.3748183e+01	
   5.6800000e+00	   2.9248341e+01	   1.2765811e+01	  -1.8000000e+02	   3.9504154e+01	
   5.6900000e+00	   2.9756641e+01	   1.3586631e+01	  -1.7868164e+02	   2.6168290e+01	
   5.7000000e+00	   2.9385191e+01	   1.4370552e+01	  -1.7472656e+02	   1.3805755e+01	
   5.7100000e+00	   3.0714592e+01	   1.5139517e+01	  -1.7516602e+02	   2.3036780e+00	
   5.7200000e+00	   3.0919867e+01	   1.5908403e+01	  -1.7367188e+02	  -8.4653559e+00	
   5.7300000e+00	   3.1369518e+01	   1.6655640e+01	  -1.7171631e+02	  -1.8473044e+01	
   5.7400000e+00	   3.1506368e+01	   1.7380611e+01	  -1.6861816e+02	  -2.7716908e+01	
   5.7500000e+00	   3.2767344e+01	   1.8104305e+01	  -1.7055176e+02	  -3.6361991e+01	
   5.7600000e+00	   3.3011719e+01	   1.8829420e+01	  -1.6580566e+02	  -4.4394572e+01	
   5.7700000e+00	   3.2493644e+01	   1.9512262e+01	  -1.6053223e+02	  -5.1632384e+01	
   5.7800000e+00	   3.3588445e+01	   2.0175757e+01	  -1.5824707e+02	  -5.8198842e+01	
   5.7900000e+00	   3.3471145e+01	   2.0830682e+01	  -1.5785156e+02	  -6.4283480e+01	
   5.8000000e+00	   3.5445697e+01	   2.1499030e+01	  -1.5378662e+02	  -6.9861431e+01	
   5.8100000e+00	   3.5269746e+01	   2.2178705e+01	  -1.5391846e+02	  -7.4979638e+01	
   5.8200000e+00	   3.6980373e+01	   2.2862679e+01	  -1.5156738e+02	  -7.9718338e+01	
   5.8300000e+00	   3.4487746e+01	   2.3493933e+01	  -1.4871094e+02	  -8.4009606e+01	
   5.8400000e+00	   3.4693021e+01	   2.4038138e+01	  -1.4662354e+02	  -8.7888743e+01	
   5.8500000e+00	   3.5944222e+01	   2.4591370e+01	  -1.4376709e+02	  -9.1380862e+01	
   5.8600000e+00	   3.5709622e+01	   2.5142397e+01	  -1.4156982e+02	  -9.4506199e+01	
   5.8700000e+00	   3.6266797e+01	   2.5674311e+01	  -1.3983398e+02	  -9.7321250e+01	
   5.8800000e+00	   3.6276572e+01	   2.6194040e+01	  -1.3776855e+02	  -9.9848938e+01	
   5.8900000e+00	   3.8778975e+01	   2.6749883e+01	  -1.3504395e+02	  -1.0207665e+02	
   5.9000000e+00	   3.7752599e+01	   2.7314660e+01	  -1.3146240e+02	  -1.0397647e+02	
   5.9100000e+00	   3.8906050e+01	   2.7854855e+01	  -1.2963867e+02	  -1.0559583e+02	
   5.9200000e+00	   3.6335222e+01	   2.8333800e+01	  -1.2843018e+02	  -1.0702411e+02	
   5.9300000e+00	   3.6863073e+01	   2.8739159e+01	  -1.2572754e+02	  -1.0824620e+02	
   5.9400000e+00	   3.9169975e+01	   2.9194151e+01	  -1.2236572e+02	  -1.0920904e+02	
   5.9500000e+00	   4.0137701e+01	   2.9707128e+01	  -1.1955322e+02	  -1.0992508e+02	
   5.9600000e+00	   4.0851277e+01	   3.0236175e+01	  -1.1553223e+02	  -1.1038928e+02	
   5.9700000e+00	   4.0430951e+01	   3.0746466e+01	  -1.1599365e+02	  -1.1071674e+02	
   5.9800000e+00	   3.9277500e+01	   3.1193140e+01	  -1.1061035e+02	  -1.1087428e+02	
   5.9900000e+00	   3.9834676e+01	   3.1603286e+01	  -1.1006104e+02	  -1.1084146e+02	
   6.0000000e+00	   4.0821952e+01	   3.2031189e+01	  -1.0654541e+02	  -1.1068678e+02	
   6.0100000e+00	   4.2053603e+01	   3.2492519e+01	  -1.0340332e+02	  -1.1033868e+02	
   6.0200000e+00	   4.1731027e+01	   3.2953515e+01	  -1.0210693e+02	  -1.0987656e+02	
   6.0300000e+00	   4.2454378e+01	   3.3401730e+01	  -9.8811035e+01	  -1.0930268e+02	
   6.0400000e+00	   4.2464153e+01	   3.3845941e+01	  -9.6921387e+01	  -1.0860577e+02	
   6.0500000e+00	   4.1574627e+01	   3.4246793e+01	  -9.5009766e+01	  -1.0783551e+02	
   6.0600000e+00	   4.1291152e+01	   3.4599222e+01	  -9.3515625e+01	  -1.0700841e+02	
   6.0700000e+00	   4.1271602e+01	   3.4926937e+01	  -8.9758301e+01	  -1.0607172e+02	
   6.0800000e+00	   4.2170903e+01	   3.5260152e+01	  -8.7604980e+01	  -1.0501201e+02	
   6.0900000e+00	   4.1496427e+01	   3.5582538e+01	  -8.5539551e+01	  -1.0388834e+02	
   6.1000000e+00	   4.1867878e+01	   3.5881683e+01	  -8.0793457e+01	  -1.0262560e+02	
   6.1100000e+00	   4.3334129e+01	   3.6211220e+01	  -7.9541016e+01	  -1.0125704e+02	
   6.1200000e+00	   4.2825828e+01	   3.6548086e+01	  -7.6728516e+01	  -9.9848030e+01	
   6.1300000e+00	   4.2464153e+01	   3.6847098e+01	  -7.3828125e+01	  -9.8350813e+01	
   6.1400000e+00	   4.3226604e+01	   3.7141273e+01	  -7.1542969e+01	  -9.6786836e+01	
   6.1500000e+00	   4.2825828e+01	   3.7429889e+01	  -7.0290527e+01	  -9.5210378e+01	
   6.1600000e+00	   4.1398677e+01	   3.7659528e+01	  -6.6335449e+01	  -9.3571318e+01	
   6.1700000e+00	   4.1300927e+01	   3.7840511e+01	  -6.5148926e+01	  -9.1875481e+01	
   6.1800000e+00	   4.4624430e+01	   3.8091718e+01	  -6.1237793e+01	  -9.0127664e+01	
   6.1900000e+00	   4.3549179e+01	   3.8385736e+01	  -5.8513184e+01	  -8.8284172e+01	
   6.2000000e+00	   4.3969504e+01	   3.8649275e+01	  -5.6491699e+01	  -8.6408411e+01	
   6.2100000e+00	   4.4204105e+01	   3.8915949e+01	  -5.4228516e+01	  -8.4516405e+01	
   6.2200000e+00	   4.4194330e+01	   3.9175058e+01	  -4.9790039e+01	  -8.2535502e+01	
   6.2300000e+00	   4.4526680e+01	   3.9429369e+01	  -4.7482910e+01	  -8.0469780e+01	
   6.2400000e+00	   4.4888355e+01	   3.9688226e+01	  -4.5219727e+01	  -7.8390687e+01	
   6.2500000e+00	   4.4761280e+01	   3.9940141e+01	  -4.3286133e+01	  -7.6310417e+01	
   6.2600000e+00	   4.4487580e+01	   4.0169874e+01	  -3.7683105e+01	  -7.4127283e+01	
   6.2700000e+00	   4.4331180e+01	   4.0377793e+01	  -3.8232422e+01	  -7.1923203e+01	
   6.2800000e+00	   4.4917680e+01	   4.0586062e+01	  -3.5090332e+01	  -6.9774436e+01	
   6.2900000e+00	   4.4995880e+01	   4.0800416e+01	  -3.2937012e+01	  -6.7595264e+01	
   6.3000000e+00	   4.5543281e+01	   4.1019598e+01	  -2.7465820e+01	  -6.5316577e+01	
   6.3100000e+00	   4.7459183e+01	   4.1288435e+01	  -2.5136719e+01	  -6.2939082e+01	
   6.3200000e+00	   4.5162056e+01	   4.1534739e+01	  -2.5949707e+01	  -6.0660271e+01	
   6.3300000e+00	   4.5054530e+01	   4.1709998e+01	  -2.1159668e+01	  -5.8399150e+01	
   6.3400000e+00	   4.4428930e+01	   4.1858683e+01	  -1.9291992e+01	  -5.6072964e+01	
   6.3500000e+00	   4.6041806e+01	   4.2024287e+01	  -1.3996582e+01	  -5.3670279e+01	
   6.3600000e+00	   4.3989054e+01	   4.2170982e+01	  -1.1425781e+01	  -5.1174334e+01	
   6.3700000e+00	   4.5738781e+01	   4.2303052e+01	  -7.8662109e+00	  -4.8643701e+01	
   6.3800000e+00	   4.4800380e+01	   4.2448541e+01	  -7.2509766e+00	  -4.6140078e+01	
   6.3900000e+00	   4.7087732e+01	   4.2619972e+01	  -4.4165039e+00	  -4.3683911e+01	
   6.4000000e+00	   4.5807206e+01	   4.2807685e+01	  -2.5927734e+00	  -4.1235486e+01	
   6.4100000e+00	   4.4340955e+01	   4.2918836e+01	   2.4609375e+00	  -3.8726716e+01	
   6.4200000e+00	   4.7077957e+01	   4.3055697e+01	   2.5268555e+00	  -3.6214835e+01	
   6.4300000e+00	   4.6755382e+01	   4.3245052e+01	   8.6791992e+00	  -3.3666559e+01	
   6.4400000e+00	   4.4067255e+01	   4.3351292e+01	   1.1865234e+01	  -3.0989041e+01	
   6.4500000e+00	   4.4624430e+01	   4.3400068e+01	   1.3557129e+01	  -2.8326059e+01	
   6.4600000e+00	   4.6442582e+01	   4.3504699e+01	   1.5622559e+01	  -2.5710871e+01	
   6.4700000e+00	   4.6823807e+01	   4.3658130e+01	   1.9995117e+01	  -2.3058889e+01	
   6.4800000e+00	   4.7312558e+01	   4.3825370e+01	   2.1071777e+01	  -2.0402481e+01	
   6.4900000e+00	   4.6931332e+01	   4.3987045e+01	   2.5422363e+01	  -1.7742587e+01	
   6.5000000e+00	   4.5064305e+01	   4.4085660e+01	   2.7114258e+01	  -1.5060673e+01	
   6.5100000e+00	   4.5836531e+01	   4.4152592e+01	   3.0014648e+01	  -1.2402267e+01	
   6.5200000e+00	   4.6706507e+01	   4.4256511e+01	   3.6958008e+01	  -9.6059312e+00	
   6.5300000e+00	   4.6647857e+01	   4.4375228e+01	   3.8737793e+01	  -6.7142137e+00	
   6.5400000e+00	   4.7703558e+01	   4.4512573e+01	   3.9682617e+01	  -3.9156947e+00	
   6.5500000e+00	   4.7498283e+01	   4.4664035e+01	   4.4143066e+01	  -1.1230185e+00	
   6.5600000e+00	   4.5298906e+01	   4.4749104e+01	   4.5065918e+01	   1.6635014e+00	
   6.5700000e+00	   4.5670356e+01	   4.4785176e+01	   4.8383789e+01	   4.4094273e+00	
   6.5800000e+00	   4.6765157e+01	   4.4855435e+01	   4.8955078e+01	   7.1065212e+00	
   6.5900000e+00	   4.5621481e+01	   4.4921049e+01	   5.5371094e+01	   9.8521553e+00	
   6.6000000e+00	   4.6129781e+01	   4.4967865e+01	   5.6777344e+01	   1.2668812e+01	
   6.6100000e+00	   4.7625358e+01	   4.5061523e+01	   5.9963379e+01	   1.5453750e+01	
   6.6200000e+00	   4.6207982e+01	   4.5152505e+01	   6.4555664e+01	   1.8305976e+01	
   6.6300000e+00	   4.7605808e+01	   4.5238546e+01	   6.7741699e+01	   2.1221391e+01	
   6.6400000e+00	   4.7195257e+01	   4.5344577e+01	   6.8400879e+01	   2.4076306e+01	
   6.6500000e+00	   4.6413257e+01	   4.5416164e+01	   7.6289063e+01	   2.7017678e+01	
   6.6600000e+00	   4.6657632e+01	   4.5471057e+01	   7.8793945e+01	   3.0096473e+01	
   6.6700000e+00	   4.8358484e+01	   4.5570958e+01	   7.9650879e+01	   3.3090085e+01	
   6.6800000e+00	   4.7117057e+01	   4.5677226e+01	   8.5583496e+01	   3.6108142e+01	
   6.6900000e+00	   4.7214807e+01	   4.5750237e+01	   8.6000977e+01	   3.9135767e+01	
   6.7000000e+00	   4.7302783e+01	   4.5824221e+01	   8.8923340e+01	   4.2080656e+01	
   6.7100000e+00	   4.8045683e+01	   4.5914952e+01	   9.4548340e+01	   4.5106518e+01	
   6.7200000e+00	   4.6735832e+01	   4.5987330e+01	   9.4658203e+01	   4.8122726e+01	
   6.7300000e+00	   4.7126832e+01	   4.6033627e+01	   1.0070068e+02	   5.1142588e+01	
   6.7400000e+00	   4.7029082e+01	   4.6084844e+01	   1.0125000e+02	   5.4179272e+01	
   6.7500000e+00	   4.9306659e+01	   4.6187003e+01	   1.0604004e+02	   5.7193590e+01	
   6.7600000e+00	   4.8514884e+01	   4.6320585e+01	   1.0869873e+02	   6.0251178e+01	
   6.7700000e+00	   4.7811083e+01	   4.6410942e+01	   1.0698486e+02	   6.3151231e+01	
   6.7800000e+00	   4.6716282e+01	   4.6452763e+01	   1.1232422e+02	   6.5985026e+01	
   6.7900000e+00	   4.8035908e+01	   4.6498046e+01	   1.1542236e+02	   6.8903217e+01	
   6.8000000e+00	   4.9111159e+01	   4.6599835e+01	   1.2161865e+02	   7.1926770e+01	
   6.8100000e+00	   4.8006583e+01	   4.6695912e+01	   1.2504639e+02	   7.5059308e+01	
   6.8200000e+00	   4.7586258e+01	   4.6749885e+01	   1.2880371e+02	   7.8219876e+01	
   6.8300000e+00	   4.8602859e+01	   4.6815832e+01	   1.3007813e+02	   8.1341158e+01	
   6.8400000e+00	   4.8280283e+01	   4.6895564e+01	   1.3278076e+02	   8.4393412e+01	
   6.8500000e+00	   4.7977258e+01	   4.6956044e+01	   1.3842773e+02	   8.7514072e+01	
   6.8600000e+00	   4.8514884e+01	   4.7019311e+01	   1.3862549e+02	   9.0622649e+01	
   6.8700000e+00	   4.8534434e+01	   4.7093138e+01	   1.4306396e+02	   9.3683056e+01	
   6.8800000e+00	   4.7977258e+01	   4.7150161e+01	   1.4644775e+02	   9.6795305e+01	
   6.8900000e+00	   4.8407359e+01	   4.7201271e+01	   1.5367676e+02	   1.0004126e+02	
   6.9000000e+00	   4.7840408e+01	   4.7246519e+01	   1.5286377e+02	   1.0328490e+02	
   6.9100000e+00	   4.7967483e+01	   4.7278762e+01	   1.5987305e+02	   1.0651968e+02	
   6.9200000e+00	   4.9707435e+01	   4.7355205e+01	   1.5752197e+02	   1.0969926e+02	
   6.9300000e+00	   4.8182533e+01	   4.7433173e+01	   1.6508057e+02	   1.1284376e+02	
   6.9400000e+00	   4.7380983e+01	   4.7450269e+01	   1.6525635e+02	   1.1603230e+02	
   6.9500000e+00	   4.8006583e+01	   4.7462211e+01	   1.7167236e+02	   1.1922737e+02	
   6.9600000e+00	   4.8192308e+01	   4.7493463e+01	   1.7101318e+02	   1.2240316e+02	
   6.9700000e+00	   4.8466009e+01	   4.7534449e+01	   1.7195801e+02	   1.2539412e+02	
   6.9800000e+00	   4.8847234e+01	   4.7589484e+01	   1.7277100e+02	   1.2825638e+02	
   6.9900000e+00	   4.9736760e+01	   4.7672980e+01	   1.7837402e+02	   1.3113970e+02	
   7.0000000e+00	   4.7889283e+01	   4.7728892e+01	   1.7558350e+02	   1.3393302e+02	
   7.0100000e+00	   4.8348709e+01	   4.7748024e+01	  -1.3139648e+01	   1.3072094e+02	
   7.0200000e+00	   4.8553984e+01	   4.7782517e+01	  -1.8000000e+02	   1.1687041e+02	
   7.0300000e+00	   4.8632184e+01	   4.7822270e+01	  -1.8000000e+02	   9.8779869e+01	
   7.0400000e+00	   4.7977258e+01	   4.7845931e+01	  -1.8000000e+02	   8.1791722e+01	
   7.0500000e+00	   4.7850183e+01	   4.7849255e+01	  -1.7773682e+02	   6.5907747e+01	
   7.0600000e+00	   4.7664458e+01	   4.7844746e+01	  -1.7835205e+02	   5.1041912e+01	
   7.0700000e+00	   4.7156157e+01	   4.7823440e+01	  -1.7525391e+02	   3.7157616e+01	
   7.0800000e+00	   4.8250958e+01	   4.7817561e+01	  -1.6846436e+02	   2.4420659e+01	
   7.0900000e+00	   4.8681059e+01	   4.7849363e+01	  -1.6718994e+02	   1.2705559e+01	
   7.1000000e+00	   4.7938158e+01	   4.7871935e+01	  -1.6433350e+02	   1.8302106e+00	
   7.1100000e+00	   4.8299833e+01	   4.7884051e+01	  -1.6024658e+02	  -8.1708662e+00	
   7.1200000e+00	   4.8456234e+01	   4.7908278e+01	  -1.6185059e+02	  -1.7486851e+01	
   7.1300000e+00	   4.8896109e+01	   4.7945938e+01	  -1.5253418e+02	  -2.6000156e+01	
   7.1400000e+00	   4.8915659e+01	   4.7993017e+01	  -1.5183105e+02	  -3.3689399e+01	
   7.1500000e+00	   4.9570585e+01	   4.8054326e+01	  -1.4864502e+02	  -4.0791581e+01	
   7.1600000e+00	   4.6882457e+01	   4.8062771e+01	  -1.4499756e+02	  -4.7252766e+01	
   7.1700000e+00	   4.8935209e+01	   4.8055221e+01	  -1.4348145e+02	  -5.3162895e+01	
   7.1800000e+00	   4.7703558e+01	   4.8068177e+01	  -1.4018555e+02	  -5.8566259e+01	
   7.1900000e+00	   4.7488508e+01	   4.8045021e+01	  -1.3759277e+02	  -6.3460935e+01	
   7.2000000e+00	   4.8749484e+01	   4.8048649e+01	  -1.3297852e+02	  -6.7837753e+01	
   7.2100000e+00	   4.8651734e+01	   4.8080623e+01	  -1.3427490e+02	  -7.1846767e+01	
   7.2200000e+00	   4.8954759e+01	   4.8116063e+01	  -1.2656250e+02	  -7.5415994e+01	
   7.2300000e+00	   4.8759259e+01	   4.8152401e+01	  -1.2375000e+02	  -7.8447041e+01	
   7.2400000e+00	   4.8641959e+01	   4.8179287e+01	  -1.2078369e+02	  -8.1117310e+01	
   7.2500000e+00	   4.8280283e+01	   4.8193109e+01	  -1.1865234e+02	  -8.3469540e+01	
   7.2600000e+00	   4.9248009e+01	   4.8221115e+01	  -1.1531250e+02	  -8.5511731e+01	
   7.2700000e+00	   4.8671284e+01	   4.8257335e+01	  -1.1493896e+02	  -8.7316334e+01	
   7.2800000e+00	   4.8172758e+01	   4.8265412e+01	  -1.0918213e+02	  -8.8824184e+01	
   7.2900000e+00	   4.9453285e+01	   4.8292268e+01	  -1.0636963e+02	  -8.9979053e+01	
   7.3000000e+00	   4.9805185e+01	   4.8357837e+01	  -1.0382080e+02	  -9.0900194e+01	
   7.3100000e+00	   4.9003634e+01	   4.8409164e+01	  -9.9865723e+01	  -9.1567037e+01	
   7.3200000e+00	   4.7635133e+01	   4.8404761e+01	  -9.7141113e+01	  -9.1989723e+01	
   7.3300000e+00	   4.9042734e+01	   4.8401533e+01	  -9.4790039e+01	  -9.2232002e+01	
   7.3400000e+00	   4.9228459e+01	   4.8437534e+01	  -9.2109375e+01	  -9.2306205e+01	
   7.3500000e+00	   4.8162983e+01	   4.8450196e+01	  -9.0703125e+01	  -9.2251364e+01	
   7.3600000e+00	   4.6941107e+01	   4.8406148e+01	  -8.5957031e+01	  -9.2012411e+01	
   7.3700000e+00	   4.7987033e+01	   4.8359945e+01	  -8.2419434e+01	  -9.1535625e+01	
   7.3800000e+00	   4.7713333e+01	   4.8334945e+01	  -8.0881348e+01	  -9.0933244e+01	
   7.3900000e+00	   4.8309608e+01	   4.8319081e+01	  -7.7783203e+01	  -9.0226310e+01	
   7.4000000e+00	   4.7068182e+01	   4.8288174e+01	  -7.4509277e+01	  -8.9368306e+01	
   7.4100000e+00	   4.9111159e+01	   4.8278439e+01	  -7.1345215e+01	  -8.8366429e+01	
   7.4200000e+00	   4.7840408e+01	   4.8288118e+01	  -6.8312988e+01	  -8.7236810e+01	
   7.4300000e+00	   5.0030010e+01	   4.8319853e+01	  -6.5852051e+01	  -8.6008658e+01	
   7.4400000e+00	   4.8954759e+01	   4.8377358e+01	  -6.2314453e+01	  -8.4672579e+01	
   7.4500000e+00	   4.8358484e+01	   4.8391054e+01	  -5.9216309e+01	  -8.3215734e+01	
   7.4600000e+00	   4.7459183e+01	   4.8367404e+01	  -5.6096191e+01	  -8.1658203e+01	
   7.4700000e+00	   4.7723108e+01	   4.8329334e+01	  -5.3525391e+01	  -8.0022189e+01	
   7.4800000e+00	   4.6931332e+01	   4.8280187e+01	  -5.1196289e+01	  -7.8336576e+01	
   7.4900000e+00	   4.8202083e+01	   4.8245196e+01	  -4.9108887e+01	  -7.6619114e+01	
   7.5000000e+00	   4.8358484e+01	   4.8246916e+01	  -4.6186523e+01	  -7.4853669e+01	
   7.5100000e+00	   4.8759259e+01	   4.8262216e+01	  -4.1989746e+01	  -7.2978895e+01	
   7.5200000e+00	   4.7869733e+01	   4.8264780e+01	  -3.8540039e+01	  -7.0985385e+01	
   7.5300000e+00	   4.8710384e+01	   4.8266019e+01	  -3.6738281e+01	  -6.8953350e+01	
   7.5400000e+00	   4.8065233e+01	   4.8271992e+01	  -3.2497559e+01	  -6.6861035e+01	
   7.5500000e+00	   4.7293008e+01	   4.8242916e+01	  -3.0102539e+01	  -6.4694038e+01	
   7.5600000e+00	   4.8935209e+01	   4.8236599e+01	  -2.5773926e+01	  -6.2454231e+01	
   7.5700000e+00	   4.8035908e+01	   4.8248809e+01	  -2.5400391e+01	  -6.0207644e+01	
   7.5800000e+00	   4.9101384e+01	   4.8264495e+01	  -2.0917969e+01	  -5.7950003e+01	
   7.5900000e+00	   4.7987033e+01	   4.8278213e+01	  -2.0258789e+01	  -5.5673280e+01	
   7.6000000e+00	   4.8671284e+01	   4.8280711e+01	  -1.6369629e+01	  -5.3396711e+01	
   7.6100000e+00	   4.7908833e+01	   4.8281170e+01	  -1.2788086e+01	  -5.1031249e+01	
   7.6200000e+00	   4.8094558e+01	   4.8267463e+01	  -9.7778320e+00	  -4.8609087e+01	
   7.6300000e+00	   4.8769034e+01	   4.8275523e+01	  -5.9106445e+00	  -4.6124980e+01	
   7.6400000e+00	   4.9189359e+01	   4.8310033e+01	  -3.3178711e+00	  -4.3595420e+01	
   7.6500000e+00	   4.8378034e+01	   4.8333263e+01	  -1.3403320e+00	  -4.1080754e+01	
   7.6600000e+00	   4.8407359e+01	   4.8336178e+01	   1.0546875e+00	  -3.8586099e+01	
   7.6700000e+00	   4.8817909e+01	   4.8349736e+01	   1.8237305e+00	  -3.6147057e+01	
   7.6800000e+00	   4.9335984e+01	   4.8385401e+01	   7.2509766e+00	  -3.3667851e+01	
   7.6900000e+00	   4.6950882e+01	   4.8373534e+01	   1.1206055e+01	  -3.1053854e+01	
   7.7000000e+00	   4.8319383e+01	   4.8337320e+01	   1.3842773e+01	  -2.8398304e+01	
   7.7100000e+00	   4.7205032e+01	   4.8309115e+01	   1.7182617e+01	  -2.5722477e+01	
   7.7200000e+00	   4.8798359e+01	   4.8294038e+01	   2.4169922e+01	  -2.2895054e+01	
   7.7300000e+00	   4.8896109e+01	   4.8321169e+01	   2.3422852e+01	  -2.0049795e+01	
   7.7400000e+00	   4.7840408e+01	   4.8323478e+01	   2.4521484e+01	  -1.7367207e+01	
   7.7500000e+00	   4.9394634e+01	   4.8337899e+01	   3.1970215e+01	  -1.4587661e+01	
   7.7600000e+00	   4.8837459e+01	   4.8376062e+01	   3.3530273e+01	  -1.1703008e+01	
   7.7700000e+00	   4.9668335e+01	   4.8419065e+01	   3.6870117e+01	  -8.8448442e+00	
   7.7800000e+00	   4.7175707e+01	   4.8419210e+01	   3.8034668e+01	  -6.0236066e+00	
   7.7900000e+00	   4.9169809e+01	   4.8407123e+01	   4.2802734e+01	  -3.1935288e+00	
   7.8000000e+00	   4.7742658e+01	   4.8409531e+01	   4.4538574e+01	  -3.3774288e-01	
   7.8100000e+00	   4.8407359e+01	   4.8393125e+01	   4.5505371e+01	   2.4263645e+00	
   7.8200000e+00	   4.7400533e+01	   4.8369134e+01	   5.3173828e+01	   5.2851395e+00	
   7.8300000e+00	   4.8544209e+01	   4.8349676e+01	   5.4755859e+01	   8.2515587e+00	
   7.8400000e+00	   4.8514884e+01	   4.8358497e+01	   5.8425293e+01	   1.1197217e+01	
   7.8500000e+00	   4.9032959e+01	   4.8378871e+01	   6.1699219e+01	   1.4174930e+01	
   7.8600000e+00	   4.8681059e+01	   4.8402320e+01	   6.2885742e+01	   1.7107093e+01	
   7.8700000e+00	   4.8925434e+01	   4.8421983e+01	   6.7565918e+01	   2.0039328e+01	
   7.8800000e+00	   4.8710384e+01	   4.8441401e+01	   7.1345215e+01	   2.3050630e+01	
   7.8900000e+00	   4.8749484e+01	   4.8455551e+01	   7.4091797e+01	   2.6077266e+01	
   7.9000000e+00	   4.9296884e+01	   4.8483390e+01	   7.7497559e+01	   2.9106921e+01	
   7.9100000e+00	   4.6902007e+01	   4.8464560e+01	   7.9079590e+01	   3.2103927e+01	
   7.9200000e+00	   4.6667407e+01	   4.8382175e+01	   8.3100586e+01	   3.5089021e+01	
   7.9300000e+00	   4.8084783e+01	   4.8332833e+01	   8.5231934e+01	   3.8079665e+01	
   7.9400000e+00	   4.8035908e+01	   4.8319469e+01	   9.2329102e+01	   4.1169248e+01	
   7.9500000e+00	   4.7429858e+01	   4.8290701e+01	   9.1845703e+01	   4.4272073e+01	
   7.9600000e+00	   4.9805185e+01	   4.8306730e+01	   9.8525391e+01	   4.7374612e+01	
   7.9700000e+00	   4.9404409e+01	   4.8370391e+01	   9.5646973e+01	   5.0403911e+01	
   7.9800000e+00	   4.9726985e+01	   4.8429013e+01	   1.0056885e+02	   5.3310873e+01	
   7.9900000e+00	   4.6735832e+01	   4.8419322e+01	   1.0423828e+02	   5.6302459e+01	
   8.0000000e+00	   4.8710384e+01	   4.8385177e+01	   1.0933594e+02	   5.9378867e+01	
   8.0100000e+00	   4.9472835e+01	   4.8419823e+01	   1.1030273e+02	   6.2452582e+01	
   8.0200000e+00	   4.8739709e+01	   4.8453488e+01	   1.1247803e+02	   6.5434729e+01	
   8.0300000e+00	   4.8035908e+01	   4.8450267e+01	   1.2038818e+02	   6.8542443e+01	
   8.0400000e+00	   4.8084783e+01	   4.8431144e+01	   1.1680664e+02	   7.1592667e+01	
   8.0500000e+00	   4.9326209e+01	   4.8444599e+01	   1.2423340e+02	   7.4574177e+01	
   8.0600000e+00	   4.7684008e+01	   4.8447567e+01	   1.2656250e+02	   7.7671251e+01	
   8.0700000e+00	   4.8407359e+01	   4.8427857e+01	   1.2779297e+02	   8.0688052e+01	
   8.0800000e+00	   4.8045683e+01	   4.8417983e+01	   1.3502197e+02	   8.3778766e+01	
   8.0900000e+00	   4.7684008e+01	   4.8390855e+01	   1.3708740e+02	   8.6964330e+01	
   8.1000000e+00	   4.7723108e+01	   4.8357148e+01	   1.4189941e+02	   9.0165320e+01	
   8.1100000e+00	   4.8290058e+01	   4.8339955e+01	   1.4277832e+02	   9.3344645e+01	
   8.1200000e+00	   4.9531485e+01	   4.8367950e+01	   1.4627197e+02	   9.6463457e+01	
   8.1300000e+00	   4.8974309e+01	   4.8411351e+01	   1.4882080e+02	   9.9576322e+01	
   8.1400000e+00	   4.8632184e+01	   4.8430570e+01	   1.5231445e+02	   1.0268360e+02	
   8.1500000e+00	   4.8397584e+01	   4.8434705e+01	   1.5323730e+02	   1.0573610e+02	
   8.1600000e+00	   4.9179584e+01	   4.8452061e+01	   1.6233398e+02	   1.0890787e+02	
   8.1700000e+00	   4.8387809e+01	   4.8468325e+01	   1.6402588e+02	   1.1221507e+02	
   8.1800000e+00	   4.8514884e+01	   4.8467493e+01	   1.6371826e+02	   1.1536292e+02	
   8.1900000e+00	   4.8016358e+01	   4.8457592e+01	   1.6987061e+02	   1.1849703e+02	
   8.2000000e+00	   4.7771983e+01	   4.8429960e+01	   1.7226563e+02	   1.2170058e+02	
   8.2100000e+00	   4.7644908e+01	   4.8394575e+01	   1.7488037e+02	   1.2486156e+02	
   8.2200000e+00	   4.8612634e+01	   4.8381539e+01	   1.7230957e+02	   1.2783125e+02	
   8.2300000e+00	   4.8544209e+01	   4.8391195e+01	   1.7386963e+02	   1.3058918e+02	
   8.2400000e+00	   4.9668335e+01	   4.8426264e+01	  -1.2919922e+01	   1.2753534e+02	
   8.2500000e+00	   5.0215735e+01	   4.8500603e+01	  -1.1228027e+01	   1.1902790e+02	
   8.2600000e+00	   4.8788584e+01	   4.8549722e+01	  -1.8000000e+02	   1.0594815e+02	
   8.2700000e+00	   4.8035908e+01	   4.8542980e+01	  -1.8000000e+02	   8.8523191e+01	
   8.2800000e+00	   4.8104333e+01	   4.8519789e+01	  -1.8000000e+02	   7.2160061e+01	
   8.2900000e+00	   4.1994953e+01	   4.8349602e+01	  -1.8000000e+02	   5.6794058e+01	
   8.3000000e+00	   4.8602859e+01	   4.8199986e+01	  -1.7694580e+02	   4.2457479e+01	
   8.3100000e+00	   4.8984084e+01	   4.8229093e+01	  -1.7494629e+02	   2.9148516e+01	
   8.3200000e+00	   4.8847234e+01	   4.8262764e+01	  -1.6784912e+02	   1.6927732e+01	
   8.3300000e+00	   4.7068182e+01	   4.8247803e+01	  -1.6637695e+02	   5.7127485e+00	
   8.3400000e+00	   5.0577411e+01	   4.8276003e+01	  -1.6242188e+02	  -4.6534605e+00	
   8.3500000e+00	   4.9355534e+01	   4.8358909e+01	  -1.6127930e+02	  -1.4232659e+01	
   8.3600000e+00	   5.0020235e+01	   4.8424086e+01	  -1.5822510e+02	  -2.3100255e+01	
   8.3700000e+00	   4.8866784e+01	   4.8474082e+01	  -1.5567627e+02	  -3.1256765e+01	
   8.3800000e+00	   4.8563759e+01	   4.8485911e+01	  -1.4934814e+02	  -3.8645768e+01	
   8.3900000e+00	   5.1163911e+01	   4.8553488e+01	  -1.5292969e+02	  -4.5500818e+01	
   8.4000000e+00	   4.7811083e+01	   4.8599295e+01	  -1.4291016e+02	  -5.1741982e+01	
   8.4100000e+00	   4.9541260e+01	   4.8603065e+01	  -1.4677734e+02	  -5.7415370e+01	
   8.4200000e+00	   4.8817909e+01	   4.8631340e+01	  -1.3829590e+02	  -6.2602446e+01	
   8.4300000e+00	   4.8563759e+01	   4.8634258e+01	  -1.3524170e+02	  -6.7121958e+01	
   8.4400000e+00	   4.9228459e+01	   4.8647100e+01	  -1.3315430e+02	  -7.1209404e+01	
   8.4500000e+00	   4.8739709e+01	   4.8663626e+01	  -1.2922119e+02	  -7.4864333e+01	
   8.4600000e+00	   4.7605808e+01	   4.8639553e+01	  -1.2755127e+02	  -7.8125824e+01	
   8.4700000e+00	   5.0117985e+01	   4.8650457e+01	  -1.2346436e+02	  -8.1013163e+01	
   8.4800000e+00	   4.7918608e+01	   4.8668497e+01	  -1.2073975e+02	  -8.3517017e+01	
   8.4900000e+00	   4.8993859e+01	   4.8658087e+01	  -1.1564209e+02	  -8.5629958e+01	
   8.5000000e+00	   4.9502160e+01	   4.8687019e+01	  -1.1359863e+02	  -8.7396560e+01	
   8.5100000e+00	   4.8759259e+01	   4.8708779e+01	  -1.2245361e+02	  -8.9263049e+01	
   8.5200000e+00	   4.9394634e+01	   4.8726835e+01	  -1.1063232e+02	  -9.0925419e+01	
   8.5300000e+00	   4.8612634e+01	   4.8740410e+01	  -1.1293945e+02	  -9.2196604e+01	
   8.5400000e+00	   4.9658560e+01	   4.8759791e+01	  -1.0215088e+02	  -9.3131907e+01	
   8.5500000e+00	   4.9267559e+01	   4.8794282e+01	  -1.0032715e+02	  -9.3625934e+01	
   8.5600000e+00	   5.0137535e+01	   4.8838826e+01	  -9.6284180e+01	  -9.3911105e+01	
   8.5700000e+00	   4.8778809e+01	   4.8869201e+01	  -9.8020020e+01	  -9.4108603e+01	
   8.5800000e+00	   4.8925434e+01	   4.8868363e+01	  -9.0241699e+01	  -9.4109959e+01	
   8.5900000e+00	   4.8172758e+01	   4.8852705e+01	  -9.5756836e+01	  -9.4042276e+01	
   8.6000000e+00	   5.0577411e+01	   4.8878324e+01	  -8.4265137e+01	  -9.3796620e+01	
   8.6100000e+00	   5.0225510e+01	   4.8953024e+01	  -8.3254395e+01	  -9.3184999e+01	
   8.6200000e+00	   5.0469885e+01	   4.9021423e+01	  -7.8947754e+01	  -9.2448635e+01	
   8.6300000e+00	   4.9814960e+01	   4.9076401e+01	  -7.7453613e+01	  -9.1580400e+01	
   8.6400000e+00	   4.9228459e+01	   4.9098240e+01	  -7.2795410e+01	  -9.0577620e+01	
   8.6500000e+00	   4.9404409e+01	   4.9108941e+01	  -7.0773926e+01	  -8.9432424e+01	
   8.6600000e+00	   4.9717210e+01	   4.9131102e+01	  -6.7785645e+01	  -8.8204373e+01	
   8.6700000e+00	   4.8485559e+01	   4.9129645e+01	  -6.4160156e+01	  -8.6849643e+01	
   8.6800000e+00	   4.8035908e+01	   4.9087030e+01	  -6.0073242e+01	  -8.5342479e+01	
   8.6900000e+00	   5.0030010e+01	   4.9084379e+01	  -5.8139648e+01	  -8.3743721e+01	
   8.7000000e+00	   4.7723108e+01	   4.9074186e+01	  -5.6096191e+01	  -8.2121211e+01	
   8.7100000e+00	   4.9130709e+01	   4.9042442e+01	  -5.2009277e+01	  -8.0410789e+01	
   8.7200000e+00	   4.8172758e+01	   4.9023280e+01	  -4.9921875e+01	  -7.8616471e+01	
   8.7300000e+00	   4.7879508e+01	   4.8974377e+01	  -4.6098633e+01	  -7.6751405e+01	
   8.7400000e+00	   4.9375084e+01	   4.8957355e+01	  -4.2539063e+01	  -7.4775046e+01	
   8.7500000e+00	   4.9169809e+01	   4.8972808e+01	  -4.1791992e+01	  -7.2787904e+01	
   8.7600000e+00	   4.9003634e+01	   4.8978395e+01	  -3.6979980e+01	  -7.0752475e+01	
   8.7700000e+00	   4.9218684e+01	   4.8984906e+01	  -3.2080078e+01	  -6.8545170e+01	
   8.7800000e+00	   4.7987033e+01	   4.8966169e+01	  -3.2255859e+01	  -6.6328434e+01	
   8.7900000e+00	   4.7664458e+01	   4.8910239e+01	  -3.1333008e+01	  -6.4224019e+01	
   8.8000000e+00	   5.0733811e+01	   4.8924407e+01	  -2.4433594e+01	  -6.2009506e+01	
   8.8100000e+00	   3.9991076e+01	   4.8749717e+01	  -2.0720215e+01	  -5.9606582e+01	
   8.8200000e+00	   4.7390758e+01	   4.8501617e+01	  -2.1269531e+01	  -5.7253682e+01	
   8.8300000e+00	   4.8123883e+01	   4.8465115e+01	  -1.8457031e+01	  -5.4975204e+01	
   8.8400000e+00	   4.8534434e+01	   4.8458447e+01	  -1.3029785e+01	  -5.2584517e+01	
   8.8500000e+00	   4.8886334e+01	   4.8470803e+01	  -6.6577148e+00	  -4.9980002e+01	
   8.8600000e+00	   4.9961585e+01	   4.8517549e+01	  -6.5478516e+00	  -4.7336703e+01	
   8.8700000e+00	   4.9639010e+01	   4.8580459e+01	  -4.0649414e+00	  -4.4775481e+01	
   8.8800000e+00	   4.8974309e+01	   4.8616074e+01	  -1.6040039e+00	  -4.2219701e+01	
   8.8900000e+00	   4.8436684e+01	   4.8620460e+01	   3.7353516e-01	  -3.9684429e+01	
   8.9000000e+00	   4.7947933e+01	   4.8599462e+01	   4.1088867e+00	  -3.7129586e+01	
   8.9100000e+00	   4.8641959e+01	   4.8584527e+01	   6.8554688e+00	  -3.4532932e+01	
   8.9200000e+00	   4.8172758e+01	   4.8575838e+01	   1.0129395e+01	  -3.1911074e+01	
   8.9300000e+00	   4.8915659e+01	   4.8574287e+01	   1.0107422e+01	  -2.9349903e+01	
   8.9400000e+00	   4.9873610e+01	   4.8614520e+01	   1.7578125e+01	  -2.6717849e+01	
   8.9500000e+00	   4.6364382e+01	   4.8590217e+01	   1.9050293e+01	  -2.3973708e+01	
   8.9600000e+00	   4.8378034e+01	   4.8530433e+01	   2.1115723e+01	  -2.1289002e+01	
   8.9700000e+00	   4.7801308e+01	   4.8508817e+01	   2.5444336e+01	  -1.8573077e+01	
   8.9800000e+00	   4.7322333e+01	   4.8462373e+01	   3.0739746e+01	  -1.5729422e+01	
   8.9900000e+00	   4.5484631e+01	   4.8361398e+01	   3.1508789e+01	  -1.2874276e+01	
   9.0000000e+00	   4.8563759e+01	   4.8295818e+01	   3.4980469e+01	  -1.0063905e+01	
   9.0100000e+00	   4.1242277e+01	   4.8129424e+01	   3.8913574e+01	  -7.1991770e+00	
   9.0200000e+00	   4.7175707e+01	   4.7937153e+01	   4.4274902e+01	  -4.2258286e+00	
   9.0300000e+00	   4.8084783e+01	   4.7922102e+01	   4.0231934e+01	  -1.3934997e+00	
   9.0400000e+00	   4.7234357e+01	   4.7909226e+01	   4.7790527e+01	   1.3733507e+00	
   9.0500000e+00	   4.5034980e+01	   4.7822196e+01	   4.8273926e+01	   4.2166257e+00	
   9.0600000e+00	   4.8016358e+01	   4.7758610e+01	   5.2910156e+01	   7.0426273e+00	
   9.0700000e+00	   4.7850183e+01	   4.7767176e+01	   5.6271973e+01	   9.9401099e+00	
   9.0800000e+00	   4.9072059e+01	   4.7801210e+01	   5.8381348e+01	   1.2827728e+01	
   9.0900000e+00	   4.9687885e+01	   4.7878637e+01	   6.3303223e+01	   1.5753614e+01	
   9.1000000e+00	   4.9287109e+01	   4.7957541e+01	   6.1677246e+01	   1.8601627e+01	
   9.1100000e+00	   4.7771983e+01	   4.7985594e+01	   6.9060059e+01	   2.1451492e+01	
   9.1200000e+00	   4.7654683e+01	   4.7972241e+01	   6.9785156e+01	   2.4374732e+01	
   9.1300000e+00	   4.6325282e+01	   4.7924068e+01	   7.5234375e+01	   2.7307960e+01	
   9.1400000e+00	   4.7566708e+01	   4.7876100e+01	   7.6750488e+01	   3.0274670e+01	
   9.1500000e+00	   4.6804257e+01	   4.7842230e+01	   8.2463379e+01	   3.3280854e+01	
   9.1600000e+00	   4.8436684e+01	   4.7831354e+01	   8.5627441e+01	   3.6374319e+01	
   9.1700000e+00	   4.7224582e+01	   4.7831319e+01	   8.8571777e+01	   3.9465391e+01	
   9.1800000e+00	   4.8622409e+01	   4.7835840e+01	   9.0900879e+01	   4.2528776e+01	
   9.1900000e+00	   4.9228459e+01	   4.7889277e+01	   9.5229492e+01	   4.5608338e+01	
   9.2000000e+00	   4.8407359e+01	   4.7934820e+01	   9.7624512e+01	   4.8705100e+01	
   9.2100000e+00	   4.8143433e+01	   4.7951523e+01	   1.0116211e+02	   5.1793913e+01	
   9.2200000e+00	   4.8407359e+01	   4.7967407e+01	   1.0801758e+02	   5.5011165e+01	
   9.2300000e+00	   4.9551035e+01	   4.8017028e+01	   1.0500732e+02	   5.8149524e+01	
   9.2400000e+00	   4.9052509e+01	   4.8080036e+01	   1.0981934e+02	   6.1151537e+01	
   9.2500000e+00	   4.9072059e+01	   4.8128209e+01	   1.1276367e+02	   6.4206941e+01	
   9.2600000e+00	   4.8681059e+01	   4.8164910e+01	   1.1511475e+02	   6.7237501e+01	
   9.2700000e+00	   4.8788584e+01	   4.8192860e+01	   1.1841064e+02	   7.0255442e+01	
   9.2800000e+00	   4.8231408e+01	   4.8208414e+01	   1.2309082e+02	   7.3332498e+01	
   9.2900000e+00	   4.8368259e+01	   4.8212897e+01	   1.2552979e+02	   7.6438958e+01	
   9.3000000e+00	   4.7801308e+01	   4.8206614e+01	   1.2961670e+02	   7.9554953e+01	
   9.3100000e+00	   4.7586258e+01	   4.8181463e+01	   1.3407715e+02	   8.2741495e+01	
   9.3200000e+00	   4.8866784e+01	   4.8183673e+01	   1.3554932e+02	   8.5914616e+01	
   9.3300000e+00	   4.8622409e+01	   4.8211183e+01	   1.3904297e+02	   8.9045677e+01	
   9.3400000e+00	   4.9433735e+01	   4.8251245e+01	   1.4161377e+02	   9.2170716e+01	
   9.3500000e+00	   4.9335984e+01	   4.8306841e+01	   1.4497559e+02	   9.5286082e+01	
   9.3600000e+00	   4.8045683e+01	   4.8325674e+01	   1.4961182e+02	   9.8455296e+01	
   9.3700000e+00	   4.7410308e+01	   4.8296362e+01	   1.5088623e+02	   1.0161148e+02	
   9.3800000e+00	   4.8250958e+01	   4.8273521e+01	   1.5554443e+02	   1.0475609e+02	
   9.3900000e+00	   5.0205960e+01	   4.8320354e+01	   1.5853271e+02	   1.0794205e+02	
   9.4000000e+00	   4.6950882e+01	   4.8333011e+01	   1.6163086e+02	   1.1111931e+02	
   9.4100000e+00	   4.8749484e+01	   4.8309331e+01	   1.6538818e+02	   1.1431184e+02	
   9.4200000e+00	   4.8104333e+01	   4.8315097e+01	   1.6732178e+02	   1.1748322e+02	
   9.4300000e+00	   4.8192308e+01	   4.8306918e+01	   1.7009033e+02	   1.2060461e+02	
   9.4400000e+00	   4.8133658e+01	   4.8299859e+01	   1.7424316e+02	   1.2374668e+02	
   9.4500000e+00	   4.7468958e+01	   4.8275409e+01	   1.7811035e+02	   1.2694164e+02	
   9.4600000e+00	   4.7556933e+01	   4.8238015e+01	   1.7661621e+02	   1.3001421e+02	
   9.4700000e+00	   4.8368259e+01	   4.8224508e+01	   1.7512207e+02	   1.3280849e+02	
   9.4800000e+00	   4.8886334e+01	   4.8244262e+01	  -1.2084961e+01	   1.2968301e+02	
   9.4900000e+00	   4.8729934e+01	   4.8271916e+01	  -1.8000000e+02	   1.1592786e+02	
   9.5000000e+00	   4.8749484e+01	   4.8294858e+01	  -1.8000000e+02	   9.7894762e+01	
   9.5100000e+00	   4.8817909e+01	   4.8318832e+01	  -1.8000000e+02	   8.0960552e+01	
   9.5200000e+00	   4.9414184e+01	   4.8357930e+01	  -1.7993408e+02	   6.5060278e+01	
   9.5300000e+00	   4.9003634e+01	   4.8399665e+01	  -1.7520996e+02	   5.0274874e+01	
   9.5400000e+00	   4.7957708e+01	   4.8403638e+01	  -1.7707764e+02	   3.6477487e+01	
   9.5500000e+00	   4.7146382e+01	   4.8361873e+01	  -1.7296875e+02	   2.3589166e+01	
   9.5600000e+00	   4.8133658e+01	   4.8326471e+01	  -1.6813477e+02	   1.1758704e+01	
   9.5700000e+00	   4.8397584e+01	   4.8323486e+01	  -1.6499268e+02	   8.9218249e-01	
   9.5800000e+00	   4.7048632e+01	   4.8294042e+01	  -1.6090576e+02	  -9.0919019e+00	
   9.5900000e+00	   4.8436684e+01	   4.8267000e+01	  -1.5881836e+02	  -1.8279458e+01	
   9.6000000e+00	   4.9179584e+01	   4.8293539e+01	  -1.5699463e+02	  -2.6787979e+01	
   9.6100000e+00	   4.7723108e+01	   4.8301279e+01	  -1.5345703e+02	  -3.4614660e+01	
   9.6200000e+00	   4.7596033e+01	   4.8269807e+01	  -1.4910645e+02	  -4.1724060e+01	
   9.6300000e+00	   4.9296884e+01	   4.8278471e+01	  -1.4598633e+02	  -4.8172607e+01	
   9.6400000e+00	   4.8798359e+01	   4.8316192e+01	  -1.4323975e+02	  -5.4049445e+01	
   9.6500000e+00	   4.8602859e+01	   4.8335045e+01	  -1.4192139e+02	  -5.9444310e+01	
   9.6600000e+00	   4.8886334e+01	   4.8355131e+01	  -1.3702148e+02	  -6.4320962e+01	
   9.6700000e+00	   5.0342810e+01	   4.8416898e+01	  -1.3308838e+02	  -6.8631313e+01	
   9.6800000e+00	   4.9199134e+01	   4.8483306e+01	  -1.2974854e+02	  -7.2457404e+01	
   9.6900000e+00	   4.8133658e+01	   4.8492286e+01	  -1.2755127e+02	  -7.5881634e+01	
   9.7000000e+00	   4.8896109e+01	   4.8493394e+01	  -1.2410156e+02	  -7.8925144e+01	
   9.7100000e+00	   4.7977258e+01	   4.8490613e+01	  -1.2194824e+02	  -8.1612473e+01	
   9.7200000e+00	   4.8788584e+01	   4.8485331e+01	  -1.1913574e+02	  -8.3984740e+01	
   9.7300000e+00	   4.9365309e+01	   4.8514346e+01	  -1.1511475e+02	  -8.6004240e+01	
   9.7400000e+00	   4.8690834e+01	   4.8539541e+01	  -1.1504883e+02	  -8.7776152e+01	
   9.7500000e+00	   5.0157085e+01	   4.8582915e+01	  -1.0920410e+02	  -8.9259999e+01	
   9.7600000e+00	   4.8847234e+01	   4.8627998e+01	  -1.0606201e+02	  -9.0379608e+01	
   9.7700000e+00	   4.7156157e+01	   4.8597282e+01	  -1.0342529e+02	  -9.1254916e+01	
   9.7800000e+00	   4.9893160e+01	   4.8593720e+01	  -1.0092041e+02	  -9.1920228e+01	
   9.7900000e+00	   4.9101384e+01	   4.8638034e+01	  -9.8173828e+01	  -9.2384992e+01	
   9.8000000e+00	   4.8436684e+01	   4.8644458e+01	  -9.4855957e+01	  -9.2636658e+01	
   9.8100000e+00	   5.0372135e+01	   4.8681729e+01	  -9.1186523e+01	  -9.2660093e+01	
   9.8200000e+00	   4.9023184e+01	   4.8731553e+01	  -9.0417480e+01	  -9.2546866e+01	
   9.8300000e+00	   4.7664458e+01	   4.8712538e+01	  -8.6286621e+01	  -9.2291244e+01	
   9.8400000e+00	   4.8641959e+01	   4.8685106e+01	  -8.3540039e+01	  -9.1841652e+01	
   9.8500000e+00	   4.9453285e+01	   4.8702885e+01	  -7.9760742e+01	  -9.1220623e+01	
   9.8600000e+00	   4.8514884e+01	   4.8716676e+01	  -7.6376953e+01	  -9.0419186e+01	
   9.8700000e+00	   4.7869733e+01	   4.8690959e+01	  -7.3125000e+01	  -8.9464405e+01	
   9.8800000e+00	   4.9531485e+01	   4.8691433e+01	  -7.0686035e+01	  -8.8394410e+01	
   9.8900000e+00	   4.8876559e+01	   4.8716572e+01	  -6.8950195e+01	  -8.7262417e+01	
   9.9000000e+00	   5.0186410e+01	   4.8756538e+01	  -6.5500488e+01	  -8.6041408e+01	
   9.9100000e+00	   4.9150259e+01	   4.8801255e+01	  -6.2380371e+01	  -8.4694630e+01	
   9.9200000e+00	   4.9472835e+01	   4.8826281e+01	  -5.9655762e+01	  -8.3251840e+01	
   9.9300000e+00	   4.8720159e+01	   4.8839534e+01	  -5.7656250e+01	  -8.1753031e+01	
   9.9400000e+00	   4.7283233e+01	   4.8798443e+01	  -5.4382324e+01	  -8.0184881e+01	
   9.9500000e+00	   4.7713333e+01	   4.8734679e+01	  -5.0163574e+01	  -7.8483998e+01	
   9.9600000e+00	   4.7205032e+01	   4.8672125e+01	  -4.8999023e+01	  -7.6722740e+01	
   9.9700000e+00	   4.7175707e+01	   4.8599455e+01	  -4.6604004e+01	  -7.4960353e+01	
   9.9800000e+00	   5.0684936e+01	   4.8615682e+01	  -4.1418457e+01	  -7.3074391e+01	
   9.9900000e+00	   4.8329158e+01	   4.8659397e+01	  -4.0429688e+01	  -7.1115231e+01	
   1.0000000e+01	   5.0675161e+01	   4.8700729e+01	  -3.4848633e+01	  -6.9075283e+01	
