   0.0000000e+00	  -2.8196131e-01	  -8.8303634e-04	   1.6193848e+01	   5.0715313e-02	
   1.0000000e-02	  -2.3308626e-01	  -2.4905130e-03	   1.4611816e+01	   1.4687373e-01	
   2.0000000e-02	  -8.9778688e-01	  -6.0165416e-03	   1.7841797e+01	   2.4759085e-01	
   3.0000000e-02	  -1.7873127e+00	  -1.4387956e-02	   1.9467773e+01	   3.6288484e-01	
   4.0000000e-02	  -2.7648136e+00	  -2.8554023e-02	   1.5710449e+01	   4.7078180e-01	
   5.0000000e-02	  -4.5145402e+00	  -5.1172393e-02	   1.6853027e+01	   5.6981417e-01	
   6.0000000e-02	  -2.8625637e+00	  -7.3955224e-02	   1.4414063e+01	   6.6416628e-01	
   7.0000000e-02	  -5.6093412e+00	  -1.0002401e-01	   1.4633789e+01	   7.5097728e-01	
   8.0000000e-02	  -5.8243914e+00	  -1.3520526e-01	   1.6589355e+01	   8.4405704e-01	
   9.0000000e-02	  -7.3004178e+00	  -1.7546221e-01	   1.4809570e+01	   9.3710429e-01	
   1.0000000e-01	  -6.7921173e+00	  -2.1849769e-01	   1.4677734e+01	   1.0235820e+00	
   1.1000000e-01	  -8.6591440e+00	  -2.6551884e-01	   1.5512695e+01	   1.1117201e+00	
   1.2000000e-01	  -9.6073199e+00	  -3.2106201e-01	   1.2766113e+01	   1.1933193e+00	
   1.3000000e-01	  -9.3629447e+00	  -3.7846142e-01	   1.1777344e+01	   1.2627093e+00	
   1.4000000e-01	  -9.7832701e+00	  -4.3605235e-01	   1.1645508e+01	   1.3281551e+00	
   1.5000000e-01	  -1.0428421e+01	  -4.9661937e-01	   1.2019043e+01	   1.3939480e+00	
   1.6000000e-01	  -1.1620972e+01	  -5.6256228e-01	   1.2634277e+01	   1.4624253e+00	
   1.7000000e-01	  -1.2011972e+01	  -6.3305147e-01	   9.6240234e+00	   1.5229731e+00	
   1.8000000e-01	  -1.2197697e+01	  -7.0490531e-01	   7.3828125e+00	   1.5666953e+00	
   1.9000000e-01	  -1.3624849e+01	  -7.8136024e-01	   7.9541016e+00	   1.6049139e+00	
   2.0000000e-01	  -1.5853551e+01	  -8.6878556e-01	   6.6357422e+00	   1.6405534e+00	
   2.1000000e-01	  -1.5012900e+01	  -9.6001034e-01	   4.4604492e+00	   1.6650284e+00	
   2.2000000e-01	  -1.5853551e+01	  -1.0506637e+00	   2.9003906e+00	   1.6776519e+00	
   2.3000000e-01	  -1.7525077e+01	  -1.1486169e+00	   4.2187500e+00	   1.6894393e+00	
   2.4000000e-01	  -1.7094977e+01	  -1.2498443e+00	   1.6479492e+00	   1.6972306e+00	
   2.5000000e-01	  -1.9098854e+01	  -1.3553664e+00	   2.3510742e+00	   1.6991240e+00	
   2.6000000e-01	  -1.7182952e+01	  -1.4605031e+00	   1.8457031e+00	   1.7016248e+00	
   2.7000000e-01	  -1.9822204e+01	  -1.5672466e+00	  -1.9116211e+00	   1.6907601e+00	
   2.8000000e-01	  -2.1073405e+01	  -1.6855055e+00	  -1.4501953e+00	   1.6696416e+00	
   2.9000000e-01	  -2.0232755e+01	  -1.8043095e+00	  -1.6699219e+00	   1.6494123e+00	
   3.0000000e-01	  -2.1894506e+01	  -1.9249408e+00	  -5.1855469e+00	   1.6176114e+00	
   3.1000000e-01	  -2.2744932e+01	  -2.0526841e+00	  -5.4711914e+00	   1.5741051e+00	
   3.2000000e-01	  -2.2950207e+01	  -2.1829334e+00	  -6.3940430e+00	   1.5270865e+00	
   3.3000000e-01	  -2.2999082e+01	  -2.3131629e+00	  -1.1733398e+01	   1.4607507e+00	
   3.4000000e-01	  -2.4113433e+01	  -2.4462196e+00	  -1.1425781e+01	   1.3790721e+00	
   3.5000000e-01	  -2.4856334e+01	  -2.5842594e+00	  -1.0700684e+01	   1.3011394e+00	
   3.6000000e-01	  -2.5061609e+01	  -2.7244041e+00	  -1.5710449e+01	   1.2102763e+00	
   3.7000000e-01	  -2.5716535e+01	  -2.8663649e+00	  -1.2963867e+01	   1.1128945e+00	
   3.8000000e-01	  -2.6048885e+01	  -3.0105284e+00	  -1.6149902e+01	   1.0147463e+00	
   3.9000000e-01	  -2.7231661e+01	  -3.1585340e+00	  -1.8764648e+01	   8.9904632e-01	
   4.0000000e-01	  -2.6615836e+01	  -3.3073881e+00	  -2.2719727e+01	   7.6349583e-01	
   4.1000000e-01	  -2.8580612e+01	  -3.4595344e+00	  -2.2412109e+01	   6.1737138e-01	
   4.2000000e-01	  -2.8424212e+01	  -3.6163912e+00	  -2.6191406e+01	   4.6128971e-01	
   4.3000000e-01	  -2.9147563e+01	  -3.7740411e+00	  -2.2543945e+01	   3.0577278e-01	
   4.4000000e-01	  -3.0291239e+01	  -3.9365506e+00	  -2.7905273e+01	   1.4586250e-01	
   4.5000000e-01	  -3.0359664e+01	  -4.1018382e+00	  -2.8696289e+01	  -3.2313860e-02	
   4.6000000e-01	  -3.0379214e+01	  -4.2663661e+00	  -3.1794434e+01	  -2.2155414e-01	
   4.7000000e-01	  -3.0946165e+01	  -4.4317002e+00	  -3.3837891e+01	  -4.2571140e-01	
   4.8000000e-01	  -3.1307840e+01	  -4.5989070e+00	  -3.6496582e+01	  -6.4331593e-01	
   4.9000000e-01	  -3.1610865e+01	  -4.7671481e+00	  -3.7705078e+01	  -8.7166860e-01	
   5.0000000e-01	  -3.2461291e+01	  -4.9379478e+00	  -3.6826172e+01	  -1.0996232e+00	
   5.1000000e-01	  -3.2871841e+01	  -5.1116268e+00	  -4.2868652e+01	  -1.3423211e+00	
   5.2000000e-01	  -3.3546317e+01	  -5.2876160e+00	  -4.4230957e+01	  -1.6066888e+00	
   5.3000000e-01	  -3.4367418e+01	  -5.4671867e+00	  -4.4824219e+01	  -1.8755251e+00	
   5.4000000e-01	  -3.3820017e+01	  -5.6464898e+00	  -4.6076660e+01	  -2.1484578e+00	
   5.5000000e-01	  -3.4670443e+01	  -5.8256188e+00	  -5.0207520e+01	  -2.4365403e+00	
   5.6000000e-01	  -3.4523818e+01	  -6.0058300e+00	  -5.1943359e+01	  -2.7411914e+00	
   5.7000000e-01	  -3.4944143e+01	  -6.1857696e+00	  -5.4470215e+01	  -3.0572841e+00	
   5.8000000e-01	  -3.5002793e+01	  -6.3660822e+00	  -5.5129395e+01	  -3.3813748e+00	
   5.9000000e-01	  -3.6283319e+01	  -6.5494593e+00	  -5.9414063e+01	  -3.7189186e+00	
   6.0000000e-01	  -3.6586345e+01	  -6.7366472e+00	  -6.0314941e+01	  -4.0705880e+00	
   6.1000000e-01	  -3.7280370e+01	  -6.9257852e+00	  -6.2731934e+01	  -4.4304456e+00	
   6.2000000e-01	  -3.7348795e+01	  -7.1161263e+00	  -6.4973145e+01	  -4.8026376e+00	
   6.3000000e-01	  -3.7221720e+01	  -7.3050915e+00	  -6.7456055e+01	  -5.1872932e+00	
   6.4000000e-01	  -3.7055545e+01	  -7.4919547e+00	  -7.0092773e+01	  -5.5855729e+00	
   6.5000000e-01	  -3.8111246e+01	  -7.6804333e+00	  -7.1674805e+01	  -5.9945701e+00	
   6.6000000e-01	  -3.8775947e+01	  -7.8731192e+00	  -7.4267578e+01	  -6.4140801e+00	
   6.7000000e-01	  -3.8512022e+01	  -8.0658534e+00	  -7.4377441e+01	  -6.8394265e+00	
   6.8000000e-01	  -3.8248096e+01	  -8.2557273e+00	  -7.8574219e+01	  -7.2755961e+00	
   6.9000000e-01	  -3.8903022e+01	  -8.4456365e+00	  -8.1298828e+01	  -7.7307099e+00	
   7.0000000e-01	  -3.9264697e+01	  -8.6375398e+00	  -8.3276367e+01	  -8.1976991e+00	
   7.1000000e-01	  -3.9724123e+01	  -8.8308127e+00	  -8.5056152e+01	  -8.6735303e+00	
   7.2000000e-01	  -4.0506123e+01	  -9.0267629e+00	  -8.8220215e+01	  -9.1618641e+00	
   7.3000000e-01	  -3.9557948e+01	  -9.2209653e+00	  -9.0791016e+01	  -9.6650995e+00	
   7.4000000e-01	  -4.0447473e+01	  -9.4137676e+00	  -9.2285156e+01	  -1.0177913e+01	
   7.5000000e-01	  -4.1063299e+01	  -9.6100767e+00	  -9.5229492e+01	  -1.0701415e+01	
   7.6000000e-01	  -4.0955774e+01	  -9.8067482e+00	  -9.7734375e+01	  -1.1238704e+01	
   7.7000000e-01	  -4.1258799e+01	  -1.0002800e+01	  -1.0043701e+02	  -1.1788936e+01	
   7.8000000e-01	  -4.0740724e+01	  -1.0196950e+01	  -1.0129395e+02	  -1.2346870e+01	
   7.9000000e-01	  -4.0994874e+01	  -1.0389058e+01	  -1.0461182e+02	  -1.2914383e+01	
   8.0000000e-01	  -4.2500225e+01	  -1.0585473e+01	  -1.0814941e+02	  -1.3499811e+01	
   8.1000000e-01	  -4.2773925e+01	  -1.0786229e+01	  -1.0979736e+02	  -1.4097813e+01	
   8.2000000e-01	  -4.2138550e+01	  -1.0984595e+01	  -1.1245605e+02	  -1.4705556e+01	
   8.3000000e-01	  -4.2226525e+01	  -1.1180004e+01	  -1.1619141e+02	  -1.5329517e+01	
   8.4000000e-01	  -4.1991925e+01	  -1.1373730e+01	  -1.1898193e+02	  -1.5970008e+01	
   8.5000000e-01	  -4.3282226e+01	  -1.1569549e+01	  -1.2131104e+02	  -1.6622520e+01	
   8.6000000e-01	  -4.3497276e+01	  -1.1768856e+01	  -1.2656250e+02	  -1.7294686e+01	
   8.7000000e-01	  -4.2402475e+01	  -1.1964159e+01	  -1.2509033e+02	  -1.7974478e+01	
   8.8000000e-01	  -4.3683001e+01	  -1.2158821e+01	  -1.2926514e+02	  -1.8658475e+01	
   8.9000000e-01	  -4.2695725e+01	  -1.2353181e+01	  -1.3396729e+02	  -1.9365989e+01	
   9.0000000e-01	  -4.3546151e+01	  -1.2545896e+01	  -1.3489014e+02	  -2.0086688e+01	
   9.1000000e-01	  -4.4386802e+01	  -1.2742700e+01	  -1.3897705e+02	  -2.0818562e+01	
   9.2000000e-01	  -4.4582302e+01	  -1.2941516e+01	  -1.4009766e+02	  -2.1562160e+01	
   9.3000000e-01	  -4.3624351e+01	  -1.3136699e+01	  -1.4269043e+02	  -2.2312731e+01	
   9.4000000e-01	  -4.4308602e+01	  -1.3329802e+01	  -1.4436035e+02	  -2.3071950e+01	
   9.5000000e-01	  -4.3868726e+01	  -1.3522461e+01	  -1.4844727e+02	  -2.3844442e+01	
   9.6000000e-01	  -4.4494327e+01	  -1.3714495e+01	  -1.5088623e+02	  -2.4632534e+01	
   9.7000000e-01	  -4.4777802e+01	  -1.3908173e+01	  -1.5343506e+02	  -2.5431310e+01	
   9.8000000e-01	  -4.5139478e+01	  -1.4102658e+01	  -1.5895020e+02	  -2.6250337e+01	
   9.9000000e-01	  -4.5383853e+01	  -1.4297824e+01	  -1.6209229e+02	  -2.7091347e+01	
   1.0000000e+00	  -4.5383853e+01	  -1.4492532e+01	  -1.6479492e+02	  -2.7945393e+01	
   1.0100000e+00	  -4.5364303e+01	  -1.4685959e+01	  -1.6593750e+02	  -2.8806132e+01	
   1.0200000e+00	  -4.5706428e+01	  -1.4879185e+01	  -1.6795898e+02	  -2.9671389e+01	
   1.0300000e+00	  -4.5266553e+01	  -1.5070895e+01	  -1.7404541e+02	  -3.0556619e+01	
   1.0400000e+00	  -4.5432728e+01	  -1.5260547e+01	  -1.7200195e+02	  -3.1448965e+01	
   1.0500000e+00	  -4.5598903e+01	  -1.5450052e+01	  -1.7674805e+02	  -3.2344187e+01	
   1.0600000e+00	  -4.5716203e+01	  -1.5639257e+01	  -1.8000000e+02	  -3.3258849e+01	
   1.0700000e+00	  -4.5598903e+01	  -1.5827278e+01	  -1.8000000e+02	  -3.4177966e+01	
   1.0800000e+00	  -4.5677103e+01	  -1.6013998e+01	  -1.8000000e+02	  -3.5091326e+01	
   1.0900000e+00	  -4.5882378e+01	  -1.6200437e+01	  -1.8000000e+02	  -3.5998966e+01	
   1.1000000e+00	  -4.6195179e+01	  -1.6387330e+01	  -1.0832520e+01	  -3.6371128e+01	
   1.1100000e+00	  -4.6087654e+01	  -1.6573695e+01	  -1.2788086e+01	  -3.6217291e+01	
   1.1200000e+00	  -4.6400454e+01	  -1.6759537e+01	   1.7617676e+02	  -3.5478748e+01	
   1.1300000e+00	  -4.6527529e+01	  -1.6945591e+01	   1.7859375e+02	  -3.4145468e+01	
   1.1400000e+00	  -4.6302704e+01	  -1.7130175e+01	   1.7380371e+02	  -3.2827971e+01	
   1.1500000e+00	  -4.6644829e+01	  -1.7313969e+01	   1.7430908e+02	  -3.1532145e+01	
   1.1600000e+00	  -4.6781679e+01	  -1.7498112e+01	   1.6831055e+02	  -3.0261639e+01	
   1.1700000e+00	  -4.6820779e+01	  -1.7681653e+01	   1.6642090e+02	  -2.9023794e+01	
   1.1800000e+00	  -4.7153130e+01	  -1.7865208e+01	   1.6404785e+02	  -2.7807052e+01	
   1.1900000e+00	  -4.7035829e+01	  -1.8048286e+01	   1.6220215e+02	  -2.6611144e+01	
   1.2000000e+00	  -4.7133579e+01	  -1.8230157e+01	   1.5470947e+02	  -2.5451972e+01	
   1.2100000e+00	  -4.7065154e+01	  -1.8410980e+01	   1.5545654e+02	  -2.4321186e+01	
   1.2200000e+00	  -4.7407280e+01	  -1.8591527e+01	   1.5306152e+02	  -2.3202644e+01	
   1.2300000e+00	  -4.7338855e+01	  -1.8771801e+01	   1.4853516e+02	  -2.2112784e+01	
   1.2400000e+00	  -4.7485480e+01	  -1.8951191e+01	   1.4392090e+02	  -2.1058376e+01	
   1.2500000e+00	  -4.7407280e+01	  -1.9129671e+01	   1.4304199e+02	  -2.0027776e+01	
   1.2600000e+00	  -4.7446380e+01	  -1.9306912e+01	   1.4016357e+02	  -1.9015399e+01	
   1.2700000e+00	  -4.8013330e+01	  -1.9484939e+01	   1.3772461e+02	  -1.8026015e+01	
   1.2800000e+00	  -4.7661430e+01	  -1.9662526e+01	   1.3337402e+02	  -1.7064091e+01	
   1.2900000e+00	  -4.7641880e+01	  -1.9837836e+01	   1.2902344e+02	  -1.6135443e+01	
   1.3000000e+00	  -4.7759180e+01	  -2.0012355e+01	   1.2544189e+02	  -1.5237453e+01	
   1.3100000e+00	  -4.7847155e+01	  -2.0186424e+01	   1.2566162e+02	  -1.4355616e+01	
   1.3200000e+00	  -4.8169730e+01	  -2.0360688e+01	   1.2355225e+02	  -1.3485220e+01	
   1.3300000e+00	  -4.8345681e+01	  -2.0535422e+01	   1.1641113e+02	  -1.2649246e+01	
   1.3400000e+00	  -4.8169730e+01	  -2.0709061e+01	   1.1313721e+02	  -1.1851126e+01	
   1.3500000e+00	  -4.7720080e+01	  -2.0879653e+01	   1.0905029e+02	  -1.1081057e+01	
   1.3600000e+00	  -4.7935130e+01	  -2.1048443e+01	   1.0768799e+02	  -1.0332877e+01	
   1.3700000e+00	  -4.7876480e+01	  -2.1216664e+01	   1.0245850e+02	  -9.6100278e+00	
   1.3800000e+00	  -4.8443431e+01	  -2.1385425e+01	   1.0226074e+02	  -8.9087027e+00	
   1.3900000e+00	  -4.8560731e+01	  -2.1555271e+01	   9.8569336e+01	  -8.2239503e+00	
   1.4000000e+00	  -4.8120855e+01	  -2.1723042e+01	   9.3229980e+01	  -7.5717691e+00	
   1.4100000e+00	  -4.8502081e+01	  -2.1889580e+01	   9.2263184e+01	  -6.9434223e+00	
   1.4200000e+00	  -4.8091530e+01	  -2.2054982e+01	   9.0021973e+01	  -6.3290578e+00	
   1.4300000e+00	  -4.8550956e+01	  -2.2219502e+01	   8.8659668e+01	  -5.7298268e+00	
   1.4400000e+00	  -4.8140405e+01	  -2.2383144e+01	   8.6835938e+01	  -5.1443270e+00	
   1.4500000e+00	  -4.8228380e+01	  -2.2544751e+01	   8.3210449e+01	  -4.5795602e+00	
   1.4600000e+00	  -4.8433656e+01	  -2.2706264e+01	   7.5366211e+01	  -4.0542513e+00	
   1.4700000e+00	  -4.9000606e+01	  -2.2869183e+01	   7.5541992e+01	  -3.5562485e+00	
   1.4800000e+00	  -4.8355456e+01	  -2.3030838e+01	   7.1784668e+01	  -3.0725814e+00	
   1.4900000e+00	  -4.8502081e+01	  -2.3189919e+01	   7.0773926e+01	  -2.6068763e+00	
   1.5000000e+00	  -4.8404331e+01	  -2.3348156e+01	   6.4577637e+01	  -2.1666589e+00	
   1.5100000e+00	  -4.8521631e+01	  -2.3505463e+01	   6.3193359e+01	  -1.7529393e+00	
   1.5200000e+00	  -4.8453206e+01	  -2.3661938e+01	   5.7019043e+01	  -1.3654828e+00	
   1.5300000e+00	  -4.8560731e+01	  -2.3817556e+01	   5.5700684e+01	  -1.0039185e+00	
   1.5400000e+00	  -4.8902856e+01	  -2.3973607e+01	   5.3261719e+01	  -6.5638587e-01	
   1.5500000e+00	  -4.8228380e+01	  -2.4127640e+01	   4.7109375e+01	  -3.3793597e-01	
   1.5600000e+00	  -4.8531406e+01	  -2.4279544e+01	   5.0756836e+01	  -2.9325404e-02	
   1.5700000e+00	  -4.8375006e+01	  -2.4430957e+01	   4.4736328e+01	   2.6992035e-01	
   1.5800000e+00	  -4.8521631e+01	  -2.4581390e+01	   4.0100098e+01	   5.3391738e-01	
   1.5900000e+00	  -4.8443431e+01	  -2.4731096e+01	   3.8320313e+01	   7.7616741e-01	
   1.6000000e+00	  -4.9293856e+01	  -2.4882282e+01	   3.4848633e+01	   1.0004537e+00	
   1.6100000e+00	  -4.8580281e+01	  -2.5032950e+01	   3.1267090e+01	   1.2012462e+00	
   1.6200000e+00	  -4.8834431e+01	  -2.5181235e+01	   2.8322754e+01	   1.3803435e+00	
   1.6300000e+00	  -4.8932181e+01	  -2.5329694e+01	   2.2741699e+01	   1.5316195e+00	
   1.6400000e+00	  -4.9645757e+01	  -2.5479763e+01	   2.3796387e+01	   1.6677725e+00	
   1.6500000e+00	  -4.8707356e+01	  -2.5628189e+01	   1.9863281e+01	   1.7940582e+00	
   1.6600000e+00	  -4.8638931e+01	  -2.5772532e+01	   1.5205078e+01	   1.8926469e+00	
   1.6700000e+00	  -4.8648706e+01	  -2.5915787e+01	   1.3227539e+01	   1.9698365e+00	
   1.6800000e+00	  -4.9196106e+01	  -2.6059889e+01	   8.8330078e+00	   2.0265868e+00	
   1.6900000e+00	  -4.8599831e+01	  -2.6202936e+01	   7.6904297e+00	   2.0656407e+00	
   1.7000000e+00	  -4.8443431e+01	  -2.6342730e+01	   4.0649414e+00	   2.0895175e+00	
   1.7100000e+00	  -4.8335906e+01	  -2.6480822e+01	   1.2084961e+00	   2.0929450e+00	
   1.7200000e+00	  -4.8453206e+01	  -2.6618079e+01	  -6.8115234e-01	   2.0814873e+00	
   1.7300000e+00	  -4.8678031e+01	  -2.6755548e+01	  -5.1416016e+00	   2.0502143e+00	
   1.7400000e+00	  -4.8521631e+01	  -2.6892370e+01	  -4.7460938e+00	   2.0064068e+00	
   1.7500000e+00	  -4.8189280e+01	  -2.7026805e+01	  -8.3496094e+00	   1.9528270e+00	
   1.7600000e+00	  -4.8981056e+01	  -2.7161836e+01	  -1.2370605e+01	   1.8757045e+00	
   1.7700000e+00	  -4.9313406e+01	  -2.7299542e+01	  -1.6083984e+01	   1.7748429e+00	
   1.7800000e+00	  -4.8599831e+01	  -2.7435192e+01	  -2.1313477e+01	   1.6466061e+00	
   1.7900000e+00	  -4.9684857e+01	  -2.7571155e+01	  -2.2192383e+01	   1.5000425e+00	
   1.8000000e+00	  -4.8951731e+01	  -2.7707369e+01	  -2.6982422e+01	   1.3366430e+00	
   1.8100000e+00	  -4.8687806e+01	  -2.7839607e+01	  -2.8278809e+01	   1.1552058e+00	
   1.8200000e+00	  -4.9587107e+01	  -2.7973007e+01	  -3.2629395e+01	   9.5721998e-01	
   1.8300000e+00	  -4.9166781e+01	  -2.8107071e+01	  -3.2980957e+01	   7.4574826e-01	
   1.8400000e+00	  -4.9147231e+01	  -2.8238918e+01	  -3.7397461e+01	   5.2066863e-01	
   1.8500000e+00	  -4.8893081e+01	  -2.8369082e+01	  -3.9001465e+01	   2.7814398e-01	
   1.8600000e+00	  -4.9293856e+01	  -2.8498890e+01	  -4.3703613e+01	   1.7389016e-02	
   1.8700000e+00	  -4.9460032e+01	  -2.8629660e+01	  -4.6032715e+01	  -2.6375292e-01	
   1.8800000e+00	  -4.8678031e+01	  -2.8757683e+01	  -4.7636719e+01	  -5.5545148e-01	
   1.8900000e+00	  -4.9010381e+01	  -2.8883495e+01	  -5.1174316e+01	  -8.6142526e-01	
   1.9000000e+00	  -4.9489357e+01	  -2.9011061e+01	  -5.5920410e+01	  -1.1914251e+00	
   1.9100000e+00	  -4.9078806e+01	  -2.9138041e+01	  -5.7590332e+01	  -1.5394515e+00	
   1.9200000e+00	  -4.9909682e+01	  -2.9265543e+01	  -6.1677246e+01	  -1.9033270e+00	
   1.9300000e+00	  -4.8912631e+01	  -2.9391725e+01	  -6.3303223e+01	  -2.2828148e+00	
   1.9400000e+00	  -5.0056307e+01	  -2.9517577e+01	  -6.6511230e+01	  -2.6750646e+00	
   1.9500000e+00	  -4.9782607e+01	  -2.9645365e+01	  -7.0642090e+01	  -3.0878411e+00	
   1.9600000e+00	  -4.9176556e+01	  -2.9769597e+01	  -7.2443848e+01	  -3.5166118e+00	
   1.9700000e+00	  -4.9342732e+01	  -2.9891673e+01	  -7.4311523e+01	  -3.9541886e+00	
   1.9800000e+00	  -4.9098356e+01	  -3.0012740e+01	  -7.7827148e+01	  -4.4058839e+00	
   1.9900000e+00	  -4.9342732e+01	  -3.0133049e+01	  -8.0991211e+01	  -4.8756692e+00	
   2.0000000e+00	  -4.9166781e+01	  -3.0252818e+01	  -8.3430176e+01	  -5.3600593e+00	
   2.0100000e+00	  -4.9450257e+01	  -3.0372174e+01	  -8.7583008e+01	  -5.8620594e+00	
   2.0200000e+00	  -4.9782607e+01	  -3.0492711e+01	  -8.9956055e+01	  -6.3813527e+00	
   2.0300000e+00	  -4.9196106e+01	  -3.0611697e+01	  -9.3317871e+01	  -6.9153536e+00	
   2.0400000e+00	  -4.9088581e+01	  -3.0727764e+01	  -9.6042480e+01	  -7.4650711e+00	
   2.0500000e+00	  -4.9303631e+01	  -3.0843441e+01	  -9.7954102e+01	  -8.0258650e+00	
   2.0600000e+00	  -4.9196106e+01	  -3.0958731e+01	  -1.0228271e+02	  -8.6026892e+00	
   2.0700000e+00	  -4.9215656e+01	  -3.1073022e+01	  -1.0507324e+02	  -9.1981960e+00	
   2.0800000e+00	  -4.8941956e+01	  -3.1185802e+01	  -1.0722656e+02	  -9.8054558e+00	
   2.0900000e+00	  -4.9831482e+01	  -3.1299804e+01	  -1.1122559e+02	  -1.0428180e+01	
   2.1000000e+00	  -4.9811932e+01	  -3.1415816e+01	  -1.1335693e+02	  -1.1066202e+01	
   2.1100000e+00	  -4.9088581e+01	  -3.1528776e+01	  -1.1735596e+02	  -1.1719427e+01	
   2.1200000e+00	  -4.9059256e+01	  -3.1638670e+01	  -1.2034424e+02	  -1.2390443e+01	
   2.1300000e+00	  -4.9362282e+01	  -3.1748733e+01	  -1.2361816e+02	  -1.3076868e+01	
   2.1400000e+00	  -4.9528457e+01	  -3.1859577e+01	  -1.2678223e+02	  -1.3779155e+01	
   2.1500000e+00	  -5.0163832e+01	  -3.1972236e+01	  -1.2937500e+02	  -1.4495073e+01	
   2.1600000e+00	  -5.0310457e+01	  -3.2086639e+01	  -1.3115479e+02	  -1.5220201e+01	
   2.1700000e+00	  -4.9792382e+01	  -3.2199162e+01	  -1.3530762e+02	  -1.5959366e+01	
   2.1800000e+00	  -4.9372057e+01	  -3.2308041e+01	  -1.3822998e+02	  -1.6716059e+01	
   2.1900000e+00	  -4.9714182e+01	  -3.2415993e+01	  -1.4330566e+02	  -1.7493061e+01	
   2.2000000e+00	  -4.9831482e+01	  -3.2524709e+01	  -1.4299805e+02	  -1.8280129e+01	
   2.2100000e+00	  -4.9000606e+01	  -3.2630508e+01	  -1.4688721e+02	  -1.9073483e+01	
   2.2200000e+00	  -4.9665307e+01	  -3.2735124e+01	  -1.5202881e+02	  -1.9890150e+01	
   2.2300000e+00	  -4.9274306e+01	  -3.2839942e+01	  -1.5262207e+02	  -2.0719662e+01	
   2.2400000e+00	  -4.9811932e+01	  -3.2944563e+01	  -1.5602783e+02	  -2.1556503e+01	
   2.2500000e+00	  -4.9587107e+01	  -3.3049508e+01	  -1.6158691e+02	  -2.2416177e+01	
   2.2600000e+00	  -4.9372057e+01	  -3.3152419e+01	  -1.6367432e+02	  -2.3294415e+01	
   2.2700000e+00	  -4.9391607e+01	  -3.3254072e+01	  -1.6894775e+02	  -2.4190203e+01	
   2.2800000e+00	  -4.9391607e+01	  -3.3355150e+01	  -1.7015625e+02	  -2.5100681e+01	
   2.2900000e+00	  -4.9078806e+01	  -3.3454615e+01	  -1.7433105e+02	  -2.6022315e+01	
   2.3000000e+00	  -4.9166781e+01	  -3.3552753e+01	  -1.7701172e+02	  -2.6959646e+01	
   2.3100000e+00	  -4.9166781e+01	  -3.3650552e+01	  -1.7881348e+02	  -2.7905144e+01	
   2.3200000e+00	  -4.9626207e+01	  -3.3749177e+01	  -1.8000000e+02	  -2.8854079e+01	
   2.3300000e+00	  -4.9274306e+01	  -3.3847521e+01	  -1.8000000e+02	  -2.9800786e+01	
   2.3400000e+00	  -4.9000606e+01	  -3.3943290e+01	  -1.8000000e+02	  -3.0741563e+01	
   2.3500000e+00	  -4.9284081e+01	  -3.4038490e+01	  -1.5666504e+01	  -3.1161794e+01	
   2.3600000e+00	  -4.9616432e+01	  -3.4135022e+01	  -1.3227539e+01	  -3.1057100e+01	
   2.3700000e+00	  -4.9108131e+01	  -3.4230398e+01	   1.7771484e+02	  -3.0347438e+01	
   2.3800000e+00	  -4.8785556e+01	  -3.4322575e+01	   1.7389160e+02	  -2.9056207e+01	
   2.3900000e+00	  -4.9069031e+01	  -3.4414052e+01	   1.7496826e+02	  -2.7781666e+01	
   2.4000000e+00	  -4.9362282e+01	  -3.4506763e+01	   1.7226563e+02	  -2.6520200e+01	
   2.4100000e+00	  -4.9215656e+01	  -3.4599351e+01	   1.7143066e+02	  -2.5277714e+01	
   2.4200000e+00	  -4.9362282e+01	  -3.4691360e+01	   1.6637695e+02	  -2.4061453e+01	
   2.4300000e+00	  -4.9557782e+01	  -3.4783864e+01	   1.6639893e+02	  -2.2868567e+01	
   2.4400000e+00	  -4.9616432e+01	  -3.4876585e+01	   1.5910400e+02	  -2.1705931e+01	
   2.4500000e+00	  -4.9792382e+01	  -3.4969459e+01	   1.5916992e+02	  -2.0573217e+01	
   2.4600000e+00	  -4.9763057e+01	  -3.5062211e+01	   1.4958984e+02	  -1.9477393e+01	
   2.4700000e+00	  -4.9616432e+01	  -3.5153831e+01	   1.5066650e+02	  -1.8415064e+01	
   2.4800000e+00	  -4.9254756e+01	  -3.5243285e+01	   1.4668945e+02	  -1.7368471e+01	
   2.4900000e+00	  -4.9088581e+01	  -3.5330526e+01	   1.4365723e+02	  -1.6350386e+01	
   2.5000000e+00	  -4.9176556e+01	  -3.5416976e+01	   1.4145996e+02	  -1.5355055e+01	
   2.5100000e+00	  -4.9381832e+01	  -3.5503802e+01	   1.3642822e+02	  -1.4388598e+01	
   2.5200000e+00	  -4.8932181e+01	  -3.5589319e+01	   1.3486816e+02	  -1.3448838e+01	
   2.5300000e+00	  -4.8883306e+01	  -3.5672740e+01	   1.3489014e+02	  -1.2519782e+01	
   2.5400000e+00	  -4.9909682e+01	  -3.5758699e+01	   1.2599121e+02	  -1.1624345e+01	
   2.5500000e+00	  -4.9411157e+01	  -3.5845773e+01	   1.2295898e+02	  -1.0771882e+01	
   2.5600000e+00	  -4.9430707e+01	  -3.5930801e+01	   1.2205811e+02	  -9.9370765e+00	
   2.5700000e+00	  -4.9860807e+01	  -3.6016705e+01	   1.1845459e+02	  -9.1216063e+00	
   2.5800000e+00	  -4.9557782e+01	  -3.6102469e+01	   1.1406006e+02	  -8.3362918e+00	
   2.5900000e+00	  -4.9196106e+01	  -3.6185614e+01	   1.1104980e+02	  -7.5790862e+00	
   2.6000000e+00	  -4.9557782e+01	  -3.6268238e+01	   1.1311523e+02	  -6.8295823e+00	
   2.6100000e+00	  -4.8912631e+01	  -3.6349457e+01	   1.0516113e+02	  -6.1032149e+00	
   2.6200000e+00	  -4.9704407e+01	  -3.6430627e+01	   1.0239258e+02	  -5.4149780e+00	
   2.6300000e+00	  -4.9166781e+01	  -3.6512084e+01	   9.8920898e+01	  -4.7505948e+00	
   2.6400000e+00	  -4.9538232e+01	  -3.6592510e+01	   9.5668945e+01	  -4.1114298e+00	
   2.6500000e+00	  -4.9254756e+01	  -3.6672708e+01	   9.1538086e+01	  -3.4993894e+00	
   2.6600000e+00	  -4.9020156e+01	  -3.6750781e+01	   9.1560059e+01	  -2.9040507e+00	
   2.6700000e+00	  -4.9372057e+01	  -3.6828733e+01	   8.5166016e+01	  -2.3323967e+00	
   2.6800000e+00	  -4.9557782e+01	  -3.6907880e+01	   8.5561523e+01	  -1.7831093e+00	
   2.6900000e+00	  -4.9870582e+01	  -3.6988093e+01	   8.0925293e+01	  -1.2505432e+00	
   2.7000000e+00	  -4.9078806e+01	  -3.7066303e+01	   7.6860352e+01	  -7.4856299e-01	
   2.7100000e+00	  -4.9274306e+01	  -3.7142156e+01	   7.3037109e+01	  -2.7443084e-01	
   2.7200000e+00	  -5.0486408e+01	  -3.7221942e+01	   7.1103516e+01	   1.7870252e-01	
   2.7300000e+00	  -4.9948782e+01	  -3.7303341e+01	   6.8005371e+01	   6.1323944e-01	
   2.7400000e+00	  -4.9499132e+01	  -3.7381138e+01	   6.3808594e+01	   1.0222087e+00	
   2.7500000e+00	  -4.9039706e+01	  -3.7455600e+01	   6.2402344e+01	   1.4110689e+00	
   2.7600000e+00	  -4.9655532e+01	  -3.7530086e+01	   5.9677734e+01	   1.7845567e+00	
   2.7700000e+00	  -4.9596882e+01	  -3.7605851e+01	   5.4470215e+01	   2.1308635e+00	
   2.7800000e+00	  -4.9274306e+01	  -3.7679946e+01	   5.3085938e+01	   2.4543573e+00	
   2.7900000e+00	  -4.8981056e+01	  -3.7751650e+01	   5.3063965e+01	   2.7714208e+00	
   2.8000000e+00	  -4.9811932e+01	  -3.7824587e+01	   4.3330078e+01	   3.0559454e+00	
   2.8100000e+00	  -4.9059256e+01	  -3.7897313e+01	   4.2319336e+01	   3.3050382e+00	
   2.8200000e+00	  -4.8961506e+01	  -3.7966920e+01	   4.1440430e+01	   3.5466528e+00	
   2.8300000e+00	  -4.9039706e+01	  -3.8036030e+01	   3.9902344e+01	   3.7791846e+00	
   2.8400000e+00	  -4.9372057e+01	  -3.8105993e+01	   3.4431152e+01	   3.9883086e+00	
   2.8500000e+00	  -4.9733732e+01	  -3.8177691e+01	   3.1201172e+01	   4.1688727e+00	
   2.8600000e+00	  -4.9792382e+01	  -3.8250256e+01	   2.7839355e+01	   4.3276618e+00	
   2.8700000e+00	  -4.9264531e+01	  -3.8320897e+01	   2.1335449e+01	   4.4545593e+00	
   2.8800000e+00	  -4.9254756e+01	  -3.8389413e+01	   2.0939941e+01	   4.5590546e+00	
   2.8900000e+00	  -4.9147231e+01	  -3.8457131e+01	   1.7622070e+01	   4.6512659e+00	
   2.9000000e+00	  -4.8805106e+01	  -3.8523018e+01	   1.6611328e+01	   4.7293435e+00	
   2.9100000e+00	  -4.8658481e+01	  -3.8586960e+01	   9.8437500e+00	   4.7825722e+00	
   2.9200000e+00	  -4.8746456e+01	  -3.8650319e+01	   9.2065430e+00	   4.8122775e+00	
   2.9300000e+00	  -4.9235206e+01	  -3.8715087e+01	   5.8007813e+00	   4.8291350e+00	
   2.9400000e+00	  -4.8853981e+01	  -3.8779787e+01	   3.8012695e+00	   4.8289590e+00	
   2.9500000e+00	  -4.9323182e+01	  -3.8844356e+01	  -6.5917969e-02	   4.8104109e+00	
   2.9600000e+00	  -4.8726906e+01	  -3.8908123e+01	  -3.9550781e-01	   4.7788357e+00	
   2.9700000e+00	  -4.9469807e+01	  -3.8971950e+01	  -4.5043945e+00	   4.7335579e+00	
   2.9800000e+00	  -4.8844206e+01	  -3.9035744e+01	  -9.6899414e+00	   4.6594559e+00	
   2.9900000e+00	  -4.9411157e+01	  -3.9098955e+01	  -1.4545898e+01	   4.5543703e+00	
   3.0000000e+00	  -4.9147231e+01	  -3.9162720e+01	  -1.6369629e+01	   4.4290237e+00	
   3.0100000e+00	  -4.9059256e+01	  -3.9224982e+01	  -1.5051270e+01	   4.3028796e+00	
   3.0200000e+00	  -4.8844206e+01	  -3.9285906e+01	  -2.1774902e+01	   4.1605975e+00	
   3.0300000e+00	  -4.9186331e+01	  -3.9346846e+01	  -2.2214355e+01	   3.9967735e+00	
   3.0400000e+00	  -4.8746456e+01	  -3.9407098e+01	  -2.6608887e+01	   3.8188367e+00	
   3.0500000e+00	  -4.8824656e+01	  -3.9465841e+01	  -3.1354980e+01	   3.6133881e+00	
   3.0600000e+00	  -4.9049481e+01	  -3.9525164e+01	  -3.3354492e+01	   3.3881007e+00	
   3.0700000e+00	  -4.9274306e+01	  -3.9585524e+01	  -3.6210938e+01	   3.1490167e+00	
   3.0800000e+00	  -4.8990831e+01	  -3.9645322e+01	  -3.8715820e+01	   2.8946399e+00	
   3.0900000e+00	  -4.8609606e+01	  -3.9702664e+01	  -4.0847168e+01	   2.6273367e+00	
   3.1000000e+00	  -4.9293856e+01	  -3.9760596e+01	  -4.4011230e+01	   2.3451238e+00	
   3.1100000e+00	  -4.9196106e+01	  -3.9820002e+01	  -4.7329102e+01	   2.0443786e+00	
   3.1200000e+00	  -4.8853981e+01	  -3.9877658e+01	  -5.0361328e+01	   1.7256302e+00	
   3.1300000e+00	  -4.9792382e+01	  -3.9936820e+01	  -5.3635254e+01	   1.3891289e+00	
   3.1400000e+00	  -4.9792382e+01	  -3.9998551e+01	  -5.5612793e+01	   1.0382889e+00	
   3.1500000e+00	  -4.9469807e+01	  -4.0058884e+01	  -6.0161133e+01	   6.6920895e-01	
   3.1600000e+00	  -4.9352507e+01	  -4.0117463e+01	  -6.3347168e+01	   2.7821846e-01	
   3.1700000e+00	  -4.9147231e+01	  -4.0174664e+01	  -6.2797852e+01	  -1.1858063e-01	
   3.1800000e+00	  -4.9743507e+01	  -4.0232731e+01	  -6.8840332e+01	  -5.3009765e-01	
   3.1900000e+00	  -4.9460032e+01	  -4.0291414e+01	  -7.1696777e+01	  -9.6690646e-01	
   3.2000000e+00	  -4.8853981e+01	  -4.0346944e+01	  -7.3256836e+01	  -1.4148108e+00	
   3.2100000e+00	  -4.8433656e+01	  -4.0398912e+01	  -7.6574707e+01	  -1.8751861e+00	
   3.2200000e+00	  -4.9029931e+01	  -4.0451105e+01	  -7.9804688e+01	  -2.3531842e+00	
   3.2300000e+00	  -4.9616432e+01	  -4.0506676e+01	  -8.2990723e+01	  -2.8482818e+00	
   3.2400000e+00	  -4.9284081e+01	  -4.0562694e+01	  -8.6176758e+01	  -3.3602342e+00	
   3.2500000e+00	  -4.9215656e+01	  -4.0617106e+01	  -8.8483887e+01	  -3.8861832e+00	
   3.2600000e+00	  -4.9274306e+01	  -4.0671147e+01	  -9.1801758e+01	  -4.4264541e+00	
   3.2700000e+00	  -4.8902856e+01	  -4.0723870e+01	  -9.4680176e+01	  -4.9827464e+00	
   3.2800000e+00	  -4.8853981e+01	  -4.0774946e+01	  -9.8964844e+01	  -5.5579873e+00	
   3.2900000e+00	  -4.9616432e+01	  -4.0827937e+01	  -9.9448242e+01	  -6.1445577e+00	
   3.3000000e+00	  -4.9303631e+01	  -4.0882005e+01	  -1.0294189e+02	  -6.7399093e+00	
   3.3100000e+00	  -4.9029931e+01	  -4.0933897e+01	  -1.0702881e+02	  -7.3552724e+00	
   3.3200000e+00	  -4.9303631e+01	  -4.0985464e+01	  -1.0959961e+02	  -7.9876316e+00	
   3.3300000e+00	  -4.8981056e+01	  -4.1036554e+01	  -1.1190674e+02	  -8.6313065e+00	
   3.3400000e+00	  -4.9010381e+01	  -4.1086407e+01	  -1.1612549e+02	  -9.2913872e+00	
   3.3500000e+00	  -4.8668256e+01	  -4.1134967e+01	  -1.1739990e+02	  -9.9645368e+00	
   3.3600000e+00	  -4.8912631e+01	  -4.1182918e+01	  -1.2161865e+02	  -1.0650673e+01	
   3.3700000e+00	  -4.9704407e+01	  -4.1233813e+01	  -1.2568359e+02	  -1.1358455e+01	
   3.3800000e+00	  -4.9616432e+01	  -4.1286593e+01	  -1.2748535e+02	  -1.2080176e+01	
   3.3900000e+00	  -4.8971281e+01	  -4.1336747e+01	  -1.3414307e+02	  -1.2823870e+01	
   3.4000000e+00	  -4.9528457e+01	  -4.1386311e+01	  -1.3532959e+02	  -1.3587473e+01	
   3.4100000e+00	  -4.9401382e+01	  -4.1436911e+01	  -1.3818604e+02	  -1.4358953e+01	
   3.4200000e+00	  -4.9411157e+01	  -4.1486828e+01	  -1.4055908e+02	  -1.5141980e+01	
   3.4300000e+00	  -4.8902856e+01	  -4.1534870e+01	  -1.4200928e+02	  -1.5932075e+01	
   3.4400000e+00	  -4.9166781e+01	  -4.1581846e+01	  -1.4726074e+02	  -1.6738210e+01	
   3.4500000e+00	  -4.9293856e+01	  -4.1629753e+01	  -1.4969971e+02	  -1.7563379e+01	
   3.4600000e+00	  -4.9039706e+01	  -4.1676961e+01	  -1.5286377e+02	  -1.8400928e+01	
   3.4700000e+00	  -4.8981056e+01	  -4.1722894e+01	  -1.5769775e+02	  -1.9258279e+01	
   3.4800000e+00	  -4.8981056e+01	  -4.1768356e+01	  -1.6092773e+02	  -2.0135514e+01	
   3.4900000e+00	  -4.9274306e+01	  -4.1814451e+01	  -1.6233398e+02	  -2.1021774e+01	
   3.5000000e+00	  -4.8981056e+01	  -4.1860258e+01	  -1.6611328e+02	  -2.1918723e+01	
   3.5100000e+00	  -4.8775781e+01	  -4.1904216e+01	  -1.6991455e+02	  -2.2833794e+01	
   3.5200000e+00	  -4.9518682e+01	  -4.1949583e+01	  -1.7132080e+02	  -2.3759443e+01	
   3.5300000e+00	  -4.9205881e+01	  -4.1996013e+01	  -1.7562744e+02	  -2.4697185e+01	
   3.5400000e+00	  -4.9244981e+01	  -4.2041294e+01	  -1.7925293e+02	  -2.5653895e+01	
   3.5500000e+00	  -4.9577332e+01	  -4.2087456e+01	  -1.8000000e+02	  -2.6618307e+01	
   3.5600000e+00	  -4.9264531e+01	  -4.2133389e+01	  -1.8000000e+02	  -2.7579017e+01	
   3.5700000e+00	  -4.9039706e+01	  -4.2177351e+01	  -1.8000000e+02	  -2.8533711e+01	
   3.5800000e+00	  -4.8697581e+01	  -4.2219262e+01	  -1.8000000e+02	  -2.9482424e+01	
   3.5900000e+00	  -5.0154057e+01	  -4.2264401e+01	  -1.1887207e+01	  -2.9898705e+01	
   3.6000000e+00	  -4.8736681e+01	  -4.2309379e+01	   1.7369385e+02	  -2.9204694e+01	
   3.6100000e+00	  -4.8824656e+01	  -4.2349912e+01	   1.7817627e+02	  -2.7919795e+01	
   3.6200000e+00	  -4.9098356e+01	  -4.2391324e+01	   1.7736328e+02	  -2.6631453e+01	
   3.6300000e+00	  -4.9772832e+01	  -4.2435446e+01	   1.7380371e+02	  -2.5364874e+01	
   3.6400000e+00	  -4.9323182e+01	  -4.2479996e+01	   1.7211182e+02	  -2.4122674e+01	
   3.6500000e+00	  -4.9098356e+01	  -4.2522154e+01	   1.6784912e+02	  -2.2906904e+01	
   3.6600000e+00	  -4.9235206e+01	  -4.2563773e+01	   1.6771729e+02	  -2.1712511e+01	
   3.6700000e+00	  -4.8805106e+01	  -4.2604213e+01	   1.6479492e+02	  -2.0535164e+01	
   3.6800000e+00	  -4.9401382e+01	  -4.2644919e+01	   1.5556641e+02	  -1.9403245e+01	
   3.6900000e+00	  -4.9284081e+01	  -4.2686871e+01	   1.5339111e+02	  -1.8314130e+01	
   3.7000000e+00	  -5.0095407e+01	  -4.2730734e+01	   1.5117188e+02	  -1.7245600e+01	
   3.7100000e+00	  -4.9538232e+01	  -4.2775118e+01	   1.4743652e+02	  -1.6202410e+01	
   3.7200000e+00	  -4.9196106e+01	  -4.2816407e+01	   1.4447021e+02	  -1.5186743e+01	
   3.7300000e+00	  -4.8893081e+01	  -4.2855418e+01	   1.4236084e+02	  -1.4193333e+01	
   3.7400000e+00	  -4.9557782e+01	  -4.2895317e+01	   1.4222900e+02	  -1.3213165e+01	
   3.7500000e+00	  -4.9313406e+01	  -4.2936282e+01	   1.3735107e+02	  -1.2254825e+01	
   3.7600000e+00	  -4.9127681e+01	  -4.2975644e+01	   1.3007813e+02	  -1.1340541e+01	
   3.7700000e+00	  -4.9323182e+01	  -4.3014789e+01	   1.3284668e+02	  -1.0446091e+01	
   3.7800000e+00	  -4.9372057e+01	  -4.3054455e+01	   1.2526611e+02	  -9.5723128e+00	
   3.7900000e+00	  -4.9352507e+01	  -4.3093964e+01	   1.2236572e+02	  -8.7368319e+00	
   3.8000000e+00	  -4.9323182e+01	  -4.3133073e+01	   1.1783936e+02	  -7.9298428e+00	
   3.8100000e+00	  -4.9430707e+01	  -4.3172182e+01	   1.1599365e+02	  -7.1478642e+00	
   3.8200000e+00	  -4.9635982e+01	  -4.3212025e+01	   1.1291748e+02	  -6.3861976e+00	
   3.8300000e+00	  -4.9508907e+01	  -4.3251864e+01	   1.0680908e+02	  -5.6580657e+00	
   3.8400000e+00	  -4.9411157e+01	  -4.3290749e+01	   1.1008301e+02	  -4.9433713e+00	
   3.8500000e+00	  -4.9772832e+01	  -4.3330217e+01	   1.0344727e+02	  -4.2436819e+00	
   3.8600000e+00	  -4.9939007e+01	  -4.3371091e+01	   9.9558105e+01	  -3.5813365e+00	
   3.8700000e+00	  -4.9303631e+01	  -4.3410239e+01	   9.8459473e+01	  -2.9387604e+00	
   3.8800000e+00	  -4.9039706e+01	  -4.3446326e+01	   9.8129883e+01	  -2.3046818e+00	
   3.8900000e+00	  -4.9567557e+01	  -4.3483013e+01	   9.0307617e+01	  -1.7001046e+00	
   3.9000000e+00	  -4.9127681e+01	  -4.3519747e+01	   8.4792480e+01	  -1.1410837e+00	
   3.9100000e+00	  -4.8678031e+01	  -4.3553464e+01	   8.2441406e+01	  -6.1019939e-01	
   3.9200000e+00	  -4.9548007e+01	  -4.3588286e+01	   8.3254395e+01	  -8.7457210e-02	
   3.9300000e+00	  -4.9029931e+01	  -4.3623993e+01	   7.9782715e+01	   4.2368437e-01	
   3.9400000e+00	  -4.9323182e+01	  -4.3658771e+01	   7.6047363e+01	   9.0905367e-01	
   3.9500000e+00	  -4.9381832e+01	  -4.3694434e+01	   7.2421875e+01	   1.3683304e+00	
   3.9600000e+00	  -4.9645757e+01	  -4.3730884e+01	   7.0708008e+01	   1.8080089e+00	
   3.9700000e+00	  -4.9460032e+01	  -4.3767350e+01	   6.5544434e+01	   2.2233949e+00	
   3.9800000e+00	  -4.9108131e+01	  -4.3801904e+01	   5.9326172e+01	   2.6005339e+00	
   3.9900000e+00	  -4.9469807e+01	  -4.3836273e+01	   6.0776367e+01	   2.9603782e+00	
   4.0000000e+00	  -4.9909682e+01	  -4.3872936e+01	   5.7524414e+01	   3.3123260e+00	
   4.0100000e+00	  -5.0007432e+01	  -4.3911054e+01	   5.2668457e+01	   3.6366772e+00	
   4.0200000e+00	  -4.9391607e+01	  -4.3947310e+01	   5.5437012e+01	   3.9524596e+00	
   4.0300000e+00	  -4.9596882e+01	  -4.3982053e+01	   4.6032715e+01	   4.2454825e+00	
   4.0400000e+00	  -4.9332957e+01	  -4.4016395e+01	   4.3725586e+01	   4.4999927e+00	
   4.0500000e+00	  -4.9284081e+01	  -4.4049543e+01	   4.0166016e+01	   4.7345356e+00	
   4.0600000e+00	  -4.8570506e+01	  -4.4080095e+01	   4.2363281e+01	   4.9633430e+00	
   4.0700000e+00	  -4.8873531e+01	  -4.4109169e+01	   3.3134766e+01	   5.1686970e+00	
   4.0800000e+00	  -4.9069031e+01	  -4.4139623e+01	   3.3596191e+01	   5.3453084e+00	
   4.0900000e+00	  -4.9381832e+01	  -4.4171479e+01	   2.8388672e+01	   5.5059498e+00	
   4.1000000e+00	  -4.8766006e+01	  -4.4202185e+01	   2.6674805e+01	   5.6439090e+00	
   4.1100000e+00	  -4.9821707e+01	  -4.4234077e+01	   2.3862305e+01	   5.7668285e+00	
   4.1200000e+00	  -4.9616432e+01	  -4.4268432e+01	   1.9929199e+01	   5.8678525e+00	
   4.1300000e+00	  -4.9186331e+01	  -4.4300583e+01	   1.5930176e+01	   5.9434021e+00	
   4.1400000e+00	  -4.9069031e+01	  -4.4330817e+01	   1.3952637e+01	   5.9997614e+00	
   4.1500000e+00	  -4.9587107e+01	  -4.4362118e+01	   1.1491699e+01	   6.0418674e+00	
   4.1600000e+00	  -4.9176556e+01	  -4.4393559e+01	   5.3613281e+00	   6.0568037e+00	
   4.1700000e+00	  -4.8766006e+01	  -4.4422232e+01	   7.3608398e+00	   6.0587095e+00	
   4.1800000e+00	  -4.9020156e+01	  -4.4450235e+01	   2.8564453e-01	   6.0447076e+00	
   4.1900000e+00	  -4.9088581e+01	  -4.4479073e+01	   1.8457031e+00	   6.0135213e+00	
   4.2000000e+00	  -4.8746456e+01	  -4.4506873e+01	  -2.8564453e+00	   5.9726900e+00	
   4.2100000e+00	  -4.8355456e+01	  -4.4532204e+01	  -8.2397461e+00	   5.9005293e+00	
   4.2200000e+00	  -4.8052430e+01	  -4.4555202e+01	  -1.0612793e+01	   5.8045294e+00	
   4.2300000e+00	  -4.8981056e+01	  -4.4580015e+01	  -1.4106445e+01	   5.6907578e+00	
   4.2400000e+00	  -4.8853981e+01	  -4.4607183e+01	  -1.6303711e+01	   5.5598761e+00	
   4.2500000e+00	  -4.8511856e+01	  -4.4632711e+01	  -2.0632324e+01	   5.4093767e+00	
   4.2600000e+00	  -4.8560731e+01	  -4.4657162e+01	  -2.3247070e+01	   5.2380750e+00	
   4.2700000e+00	  -4.8746456e+01	  -4.4682193e+01	  -2.5488281e+01	   5.0526385e+00	
   4.2800000e+00	  -4.8893081e+01	  -4.4708109e+01	  -2.6894531e+01	   4.8569406e+00	
   4.2900000e+00	  -4.8726906e+01	  -4.4733802e+01	  -3.0322266e+01	   4.6473295e+00	
   4.3000000e+00	  -4.9117906e+01	  -4.4760037e+01	  -3.2453613e+01	   4.4216215e+00	
   4.3100000e+00	  -4.9088581e+01	  -4.4787241e+01	  -3.7397461e+01	   4.1751695e+00	
   4.3200000e+00	  -4.8961506e+01	  -4.4813784e+01	  -3.7485352e+01	   3.9145029e+00	
   4.3300000e+00	  -4.8375006e+01	  -4.4837927e+01	  -4.2165527e+01	   3.6405365e+00	
   4.3400000e+00	  -4.8941956e+01	  -4.4861857e+01	  -4.5285645e+01	   3.3438575e+00	
   4.3500000e+00	  -4.8805106e+01	  -4.4886984e+01	  -4.6867676e+01	   3.0343106e+00	
   4.3600000e+00	  -4.8580281e+01	  -4.4910822e+01	  -4.9724121e+01	   2.7128024e+00	
   4.3700000e+00	  -4.8785556e+01	  -4.4934448e+01	  -5.3481445e+01	   2.3725952e+00	
   4.3800000e+00	  -4.8609606e+01	  -4.4958019e+01	  -5.7019043e+01	   2.0116729e+00	
   4.3900000e+00	  -4.8912631e+01	  -4.4981839e+01	  -5.8776855e+01	   1.6364273e+00	
   4.4000000e+00	  -4.8981056e+01	  -4.5006674e+01	  -6.2600098e+01	   1.2460535e+00	
   4.4100000e+00	  -4.9606657e+01	  -4.5033527e+01	  -6.6774902e+01	   8.3307679e-01	
   4.4200000e+00	  -4.9753282e+01	  -4.5062630e+01	  -6.9323730e+01	   4.0162996e-01	
   4.4300000e+00	  -4.9567557e+01	  -4.5091429e+01	  -7.2355957e+01	  -4.4593041e-02	
   4.4400000e+00	  -4.8707356e+01	  -4.5116771e+01	  -7.3586426e+01	  -5.0137087e-01	
   4.4500000e+00	  -4.9489357e+01	  -4.5141710e+01	  -7.7343750e+01	  -9.7090824e-01	
   4.4600000e+00	  -4.9244981e+01	  -4.5168176e+01	  -8.0178223e+01	  -1.4581486e+00	
   4.4700000e+00	  -4.9108131e+01	  -4.5193283e+01	  -8.2990723e+01	  -1.9600221e+00	
   4.4800000e+00	  -4.9157006e+01	  -4.5217957e+01	  -8.6638184e+01	  -2.4789832e+00	
   4.4900000e+00	  -4.9254756e+01	  -4.5242935e+01	  -8.9296875e+01	  -3.0144431e+00	
   4.5000000e+00	  -4.8717131e+01	  -4.5266380e+01	  -9.1713867e+01	  -3.5624451e+00	
   4.5100000e+00	  -4.9225431e+01	  -4.5289585e+01	  -9.4108887e+01	  -4.1220846e+00	
   4.5200000e+00	  -4.8394556e+01	  -4.5311636e+01	  -9.7119141e+01	  -4.6951469e+00	
   4.5300000e+00	  -4.8795331e+01	  -4.5332201e+01	  -1.0206299e+02	  -5.2895302e+00	
   4.5400000e+00	  -4.8492306e+01	  -4.5352943e+01	  -1.0454590e+02	  -5.9034494e+00	
   4.5500000e+00	  -4.9108131e+01	  -4.5374535e+01	  -1.0738037e+02	  -6.5301761e+00	
   4.5600000e+00	  -4.8981056e+01	  -4.5397523e+01	  -1.1208252e+02	  -7.1765802e+00	
   4.5700000e+00	  -4.9430707e+01	  -4.5421376e+01	  -1.1395020e+02	  -7.8395107e+00	
   4.5800000e+00	  -4.8912631e+01	  -4.5444866e+01	  -1.1625732e+02	  -8.5113633e+00	
   4.5900000e+00	  -4.9039706e+01	  -4.5466985e+01	  -1.2071777e+02	  -9.2002023e+00	
   4.6000000e+00	  -4.9782607e+01	  -4.5491689e+01	  -1.2205811e+02	  -9.9028934e+00	
   4.6100000e+00	  -4.9323182e+01	  -4.5517127e+01	  -1.2414551e+02	  -1.0611918e+01	
   4.6200000e+00	  -4.9763057e+01	  -4.5542344e+01	  -1.2779297e+02	  -1.1334462e+01	
   4.6300000e+00	  -4.8775781e+01	  -4.5565688e+01	  -1.3209961e+02	  -1.2077390e+01	
   4.6400000e+00	  -4.9489357e+01	  -4.5588030e+01	  -1.3414307e+02	  -1.2835553e+01	
   4.6500000e+00	  -4.9420932e+01	  -4.5612251e+01	  -1.3886719e+02	  -1.3610161e+01	
   4.6600000e+00	  -4.8795331e+01	  -4.5634148e+01	  -1.4271240e+02	  -1.4406754e+01	
   4.6700000e+00	  -4.8834431e+01	  -4.5654071e+01	  -1.4381104e+02	  -1.5213841e+01	
   4.6800000e+00	  -4.9137456e+01	  -4.5674940e+01	  -1.4833740e+02	  -1.6033488e+01	
   4.6900000e+00	  -4.9010381e+01	  -4.5696229e+01	  -1.5064453e+02	  -1.6869403e+01	
   4.7000000e+00	  -4.8951731e+01	  -4.5716804e+01	  -1.5341309e+02	  -1.7715978e+01	
   4.7100000e+00	  -4.9704407e+01	  -4.5739423e+01	  -1.5547852e+02	  -1.8572389e+01	
   4.7200000e+00	  -4.9469807e+01	  -4.5763523e+01	  -1.6103760e+02	  -1.9447314e+01	
   4.7300000e+00	  -4.9811932e+01	  -4.5787809e+01	  -1.6547607e+02	  -2.0348069e+01	
   4.7400000e+00	  -4.9362282e+01	  -4.5811606e+01	  -1.6312500e+02	  -2.1249719e+01	
   4.7500000e+00	  -4.8785556e+01	  -4.5832040e+01	  -1.6912354e+02	  -2.2157145e+01	
   4.7600000e+00	  -4.9411157e+01	  -4.5852498e+01	  -1.7244141e+02	  -2.3088064e+01	
   4.7700000e+00	  -4.8766006e+01	  -4.5872768e+01	  -1.7797852e+02	  -2.4040884e+01	
   4.7800000e+00	  -4.8990831e+01	  -4.5891594e+01	  -1.8000000e+02	  -2.5011408e+01	
   4.7900000e+00	  -4.9362282e+01	  -4.5912169e+01	  -1.8000000e+02	  -2.5982183e+01	
   4.8000000e+00	  -4.8922406e+01	  -4.5932402e+01	  -1.8000000e+02	  -2.6946878e+01	
   4.8100000e+00	  -4.8990831e+01	  -4.5951344e+01	  -1.8000000e+02	  -2.7905531e+01	
   4.8200000e+00	  -4.9655532e+01	  -4.5972463e+01	  -1.5974121e+01	  -2.8344488e+01	
   4.8300000e+00	  -4.9518682e+01	  -4.5995104e+01	  -1.3161621e+01	  -2.8258198e+01	
   4.8400000e+00	  -4.9117906e+01	  -4.6015919e+01	   1.7527588e+02	  -2.7573498e+01	
   4.8500000e+00	  -4.9098356e+01	  -4.6035287e+01	   1.7305664e+02	  -2.6309896e+01	
   4.8600000e+00	  -4.9860807e+01	  -4.6056860e+01	   1.7863770e+02	  -2.5043679e+01	
   4.8700000e+00	  -4.9147231e+01	  -4.6078452e+01	   1.7208984e+02	  -2.3788421e+01	
   4.8800000e+00	  -4.9332957e+01	  -4.6098255e+01	   1.7158447e+02	  -2.2563115e+01	
   4.8900000e+00	  -4.9147231e+01	  -4.6117934e+01	   1.6459717e+02	  -2.1368949e+01	
   4.9000000e+00	  -4.9606657e+01	  -4.6138347e+01	   1.6341064e+02	  -2.0207861e+01	
   4.9100000e+00	  -4.9381832e+01	  -4.6159366e+01	   1.6163086e+02	  -1.9063335e+01	
   4.9200000e+00	  -4.9303631e+01	  -4.6179305e+01	   1.5486328e+02	  -1.7952746e+01	
   4.9300000e+00	  -4.9069031e+01	  -4.6198140e+01	   1.5345703e+02	  -1.6874712e+01	
   4.9400000e+00	  -4.9587107e+01	  -4.6217744e+01	   1.5077637e+02	  -1.5816229e+01	
   4.9500000e+00	  -4.9166781e+01	  -4.6237532e+01	   1.4835938e+02	  -1.4780341e+01	
   4.9600000e+00	  -4.9401382e+01	  -4.6256614e+01	   1.3965820e+02	  -1.3785761e+01	
   4.9700000e+00	  -4.9293856e+01	  -4.6275975e+01	   1.4534912e+02	  -1.2806838e+01	
   4.9800000e+00	  -4.9929232e+01	  -4.6296867e+01	   1.3829590e+02	  -1.1838312e+01	
   4.9900000e+00	  -4.9626207e+01	  -4.6318670e+01	   1.3269287e+02	  -1.0915490e+01	
   5.0000000e+00	  -4.9391607e+01	  -4.6338652e+01	   1.3383545e+02	  -1.0012417e+01	
   5.0100000e+00	  -4.9020156e+01	  -4.6356611e+01	   1.2603516e+02	  -9.1358501e+00	
   5.0200000e+00	  -4.8873531e+01	  -4.6372835e+01	   1.2381592e+02	  -8.2961528e+00	
   5.0300000e+00	  -4.7114029e+01	  -4.6382988e+01	   1.1970703e+02	  -7.4815331e+00	
   5.0400000e+00	  -4.5716203e+01	  -4.6383189e+01	   1.1779541e+02	  -6.6908707e+00	
   5.0500000e+00	  -4.4318377e+01	  -4.6374634e+01	   1.1311523e+02	  -5.9258045e+00	
   5.0600000e+00	  -4.2031025e+01	  -4.6354591e+01	   1.1142334e+02	  -5.1854862e+00	
   5.0700000e+00	  -4.0965549e+01	  -4.6324173e+01	   1.0911621e+02	  -4.4623289e+00	
   5.0800000e+00	  -3.8492472e+01	  -4.6282864e+01	   1.1047852e+02	  -3.7466600e+00	
   5.0900000e+00	  -3.8316521e+01	  -4.6233518e+01	   1.0434814e+02	  -3.0504063e+00	
   5.1000000e+00	  -3.6009619e+01	  -4.6176705e+01	   1.0472168e+02	  -2.3765426e+00	
   5.1100000e+00	  -3.5071218e+01	  -4.6110084e+01	   1.0199707e+02	  -1.7142626e+00	
   5.1200000e+00	  -3.2910941e+01	  -4.6034176e+01	   1.0239258e+02	  -1.0634251e+00	
   5.1300000e+00	  -3.0965715e+01	  -4.5945887e+01	   1.0026123e+02	  -4.2210038e-01	
   5.1400000e+00	  -2.8326462e+01	  -4.5843792e+01	   9.5998535e+01	   1.9518277e-01	
   5.1500000e+00	  -2.6909086e+01	  -4.5729633e+01	   9.4218750e+01	   7.8967592e-01	
   5.1600000e+00	  -2.4162308e+01	  -4.5603148e+01	   9.4702148e+01	   1.3763855e+00	
   5.1700000e+00	  -2.1288456e+01	  -4.5459852e+01	   9.2526855e+01	   1.9541215e+00	
   5.1800000e+00	  -2.1200481e+01	  -4.5308179e+01	   9.0351563e+01	   2.5146139e+00	
   5.1900000e+00	  -1.8463478e+01	  -4.5148608e+01	   8.7912598e+01	   3.0571449e+00	
   5.2000000e+00	  -1.7075427e+01	  -4.4977118e+01	   8.8066406e+01	   3.5891211e+00	
   5.2100000e+00	  -1.6352076e+01	  -4.4800089e+01	   9.1076660e+01	   4.1276744e+00	
   5.2200000e+00	  -1.3409798e+01	  -4.4612690e+01	   8.5759277e+01	   4.6556291e+00	
   5.2300000e+00	  -1.2471398e+01	  -4.4414311e+01	   8.8725586e+01	   5.1729139e+00	
   5.2400000e+00	  -9.3922697e+00	  -4.4204592e+01	   8.5473633e+01	   5.6860641e+00	
   5.2500000e+00	  -7.4568179e+00	  -4.3980483e+01	   8.8439941e+01	   6.1951055e+00	
   5.2600000e+00	  -6.2544918e+00	  -4.3747950e+01	   8.7824707e+01	   6.7083216e+00	
   5.2700000e+00	  -5.2867659e+00	  -4.3510078e+01	   8.8352051e+01	   7.2180479e+00	
   5.2800000e+00	  -2.2858382e+00	  -4.3261267e+01	   8.7648926e+01	   7.7240311e+00	
   5.2900000e+00	  -2.3933633e+00	  -4.3004953e+01	   8.4616699e+01	   8.2151467e+00	
   5.3000000e+00	  -1.1910371e+00	  -4.2746816e+01	   8.9428711e+01	   8.7087601e+00	
   5.3100000e+00	   9.9856487e-01	  -4.2479673e+01	   8.6176758e+01	   9.2041674e+00	
   5.3200000e+00	   2.0640409e+00	  -4.2204009e+01	   8.6110840e+01	   9.6860810e+00	
   5.3300000e+00	   1.9369657e+00	  -4.1927133e+01	   8.5627441e+01	   1.0163256e+01	
   5.3400000e+00	   1.7219155e+00	  -4.1653062e+01	   8.7736816e+01	   1.0642534e+01	
   5.3500000e+00	   3.8235425e+00	  -4.1374800e+01	   9.1560059e+01	   1.1137390e+01	
   5.3600000e+00	   3.4520921e+00	  -4.1092862e+01	   8.6989746e+01	   1.1626806e+01	
   5.3700000e+00	   4.5566682e+00	  -4.0810394e+01	   8.7868652e+01	   1.2101597e+01	
   5.3800000e+00	   7.2936707e+00	  -4.0517665e+01	   8.7714844e+01	   1.2575684e+01	
   5.3900000e+00	   8.2027465e+00	  -4.0215350e+01	   8.8286133e+01	   1.3048109e+01	
   5.4000000e+00	   7.4696208e+00	  -3.9914378e+01	   9.2153320e+01	   1.3531476e+01	
   5.4100000e+00	   8.8283471e+00	  -3.9613332e+01	   8.9011230e+01	   1.4014086e+01	
   5.4200000e+00	   9.4148476e+00	  -3.9308079e+01	   8.9362793e+01	   1.4484934e+01	
   5.4300000e+00	   1.2132300e+01	  -3.8994391e+01	   9.1450195e+01	   1.4960471e+01	
   5.4400000e+00	   1.2718801e+01	  -3.8672321e+01	   9.3383789e+01	   1.5445622e+01	
   5.4500000e+00	   1.3168451e+01	  -3.8349023e+01	   9.3779297e+01	   1.5935028e+01	
   5.4600000e+00	   1.2757901e+01	  -3.8027628e+01	   9.1933594e+01	   1.6416828e+01	
   5.4700000e+00	   1.5348278e+01	  -3.7701419e+01	   9.9382324e+01	   1.6913157e+01	
   5.4800000e+00	   1.6335554e+01	  -3.7366048e+01	   9.7514648e+01	   1.7423856e+01	
   5.4900000e+00	   1.5915229e+01	  -3.7031003e+01	   1.0149170e+02	   1.7937962e+01	
   5.5000000e+00	   1.5641528e+01	  -3.6700230e+01	   1.0056885e+02	   1.8458413e+01	
   5.5100000e+00	   1.7919105e+01	  -3.6365253e+01	   9.9404297e+01	   1.8969067e+01	
   5.5200000e+00	   1.8476281e+01	  -3.6023497e+01	   1.0491943e+02	   1.9490147e+01	
   5.5300000e+00	   1.9805682e+01	  -3.5677972e+01	   1.0302979e+02	   2.0019318e+01	
   5.5400000e+00	   1.9600407e+01	  -3.5331092e+01	   1.0454590e+02	   2.0544005e+01	
   5.5500000e+00	   2.0577908e+01	  -3.4983966e+01	   1.0760010e+02	   2.1079718e+01	
   5.5600000e+00	   2.2024609e+01	  -3.4631421e+01	   1.0513916e+02	   2.1613934e+01	
   5.5700000e+00	   2.2210334e+01	  -3.4275973e+01	   1.1241211e+02	   2.2159874e+01	
   5.5800000e+00	   2.3119410e+01	  -3.3919323e+01	   1.0999512e+02	   2.2717602e+01	
   5.5900000e+00	   2.3559286e+01	  -3.3560681e+01	   1.1137939e+02	   2.3268602e+01	
   5.6000000e+00	   2.5309012e+01	  -3.3197429e+01	   1.1553223e+02	   2.3833492e+01	
   5.6100000e+00	   2.3109635e+01	  -3.2837860e+01	   1.1553223e+02	   2.4407850e+01	
   5.6200000e+00	   2.5748888e+01	  -3.2479166e+01	   1.1603760e+02	   2.4980193e+01	
   5.6300000e+00	   2.6423363e+01	  -3.2112341e+01	   1.1577393e+02	   2.5549707e+01	
   5.6400000e+00	   2.5944388e+01	  -3.1747201e+01	   1.1983887e+02	   2.6127560e+01	
   5.6500000e+00	   2.7449739e+01	  -3.1381133e+01	   1.1856445e+02	   2.6710532e+01	
   5.6600000e+00	   2.6540663e+01	  -3.1015491e+01	   1.2293701e+02	   2.7299556e+01	
   5.6700000e+00	   2.7557264e+01	  -3.0651803e+01	   1.2355225e+02	   2.7900510e+01	
   5.6800000e+00	   3.0978518e+01	  -3.0276494e+01	   1.2823242e+02	   2.8514285e+01	
   5.6900000e+00	   2.7889615e+01	  -2.9902495e+01	   1.2983643e+02	   2.9143896e+01	
   5.7000000e+00	   2.9023516e+01	  -2.9536962e+01	   1.3423096e+02	   2.9788349e+01	
   5.7100000e+00	   3.0929642e+01	  -2.9164197e+01	   1.3293457e+02	   3.0438468e+01	
   5.7200000e+00	   3.2014668e+01	  -2.8784400e+01	   1.3908691e+02	   3.1099723e+01	
   5.7300000e+00	   3.0655942e+01	  -2.8407838e+01	   1.3853760e+02	   3.1774384e+01	
   5.7400000e+00	   3.1965793e+01	  -2.8033788e+01	   1.3926270e+02	   3.2445369e+01	
   5.7500000e+00	   3.3549345e+01	  -2.7653020e+01	   1.4264648e+02	   3.3125019e+01	
   5.7600000e+00	   3.2982394e+01	  -2.7271453e+01	   1.4743652e+02	   3.3826011e+01	
   5.7700000e+00	   3.3207220e+01	  -2.6893347e+01	   1.4908447e+02	   3.4542775e+01	
   5.7800000e+00	   3.3246320e+01	  -2.6516783e+01	   1.4884277e+02	   3.5259453e+01	
   5.7900000e+00	   3.4204270e+01	  -2.6139455e+01	   1.5299561e+02	   3.5983891e+01	
   5.8000000e+00	   3.3774170e+01	  -2.5762837e+01	   1.5106201e+02	   3.6710742e+01	
   5.8100000e+00	   3.4517071e+01	  -2.5387599e+01	   1.5910400e+02	   3.7452170e+01	
   5.8200000e+00	   3.5054696e+01	  -2.5010701e+01	   1.6176270e+02	   3.8222466e+01	
   5.8300000e+00	   3.5602097e+01	  -2.4632765e+01	   1.6154297e+02	   3.8995576e+01	
   5.8400000e+00	   3.7166098e+01	  -2.4250584e+01	   1.6571777e+02	   3.9776229e+01	
   5.8500000e+00	   3.6217922e+01	  -2.3868868e+01	   1.6734375e+02	   4.0570160e+01	
   5.8600000e+00	   3.7214973e+01	  -2.3489391e+01	   1.6980469e+02	   4.1371917e+01	
   5.8700000e+00	   3.7801474e+01	  -2.3107330e+01	   1.6987061e+02	   4.2176566e+01	
   5.8800000e+00	   3.7400698e+01	  -2.2727081e+01	   1.7586914e+02	   4.2995167e+01	
   5.8900000e+00	   3.7967649e+01	  -2.2348694e+01	   1.7692383e+02	   4.3830730e+01	
   5.9000000e+00	   3.9531650e+01	  -2.1966003e+01	   1.7479248e+02	   4.4657688e+01	
   5.9100000e+00	   3.9951976e+01	  -2.1579494e+01	   1.7648438e+02	   4.5478089e+01	
   5.9200000e+00	   3.8661675e+01	  -2.1198131e+01	   1.7395752e+02	   4.6290737e+01	
   5.9300000e+00	   3.9560975e+01	  -2.0820381e+01	  -1.4128418e+01	   4.6501341e+01	
   5.9400000e+00	   3.8935375e+01	  -2.0444140e+01	  -1.2502441e+01	   4.6126677e+01	
   5.9500000e+00	   3.9160200e+01	  -2.0071510e+01	  -1.8000000e+02	   4.5234889e+01	
   5.9600000e+00	   3.9424125e+01	  -1.9699684e+01	  -1.8000000e+02	   4.3824124e+01	
   5.9700000e+00	   4.0841502e+01	  -1.9324922e+01	  -1.8000000e+02	   4.2422195e+01	
   5.9800000e+00	   4.0000851e+01	  -1.8950700e+01	  -1.8000000e+02	   4.1029047e+01	
   5.9900000e+00	   4.0421176e+01	  -1.8580139e+01	  -1.8000000e+02	   3.9644626e+01	
   6.0000000e+00	   4.1037002e+01	  -1.8208654e+01	  -1.7608887e+02	   3.8281124e+01	
   6.0100000e+00	   4.0978352e+01	  -1.7837751e+01	  -1.7622070e+02	   3.6937998e+01	
   6.0200000e+00	   3.9502325e+01	  -1.7473977e+01	  -1.7083740e+02	   3.5619732e+01	
   6.0300000e+00	   4.1555077e+01	  -1.7110676e+01	  -1.6811279e+02	   3.4335115e+01	
   6.0400000e+00	   4.1115202e+01	  -1.6744599e+01	  -1.6600342e+02	   3.3073683e+01	
   6.0500000e+00	   4.0773077e+01	  -1.6383264e+01	  -1.6207031e+02	   3.1839075e+01	
   6.0600000e+00	   4.1369352e+01	  -1.6023396e+01	  -1.5888428e+02	   3.0634496e+01	
   6.0700000e+00	   4.0274551e+01	  -1.5667343e+01	  -1.5899414e+02	   2.9447096e+01	
   6.0800000e+00	   4.2601003e+01	  -1.5309664e+01	  -1.5664307e+02	   2.8274152e+01	
   6.0900000e+00	   4.2923579e+01	  -1.4945929e+01	  -1.5407227e+02	   2.7123969e+01	
   6.1000000e+00	   4.3480754e+01	  -1.4581716e+01	  -1.5002930e+02	   2.6001702e+01	
   6.1100000e+00	   4.3363454e+01	  -1.4218408e+01	  -1.4750244e+02	   2.4907041e+01	
   6.1200000e+00	   4.4194330e+01	  -1.3855140e+01	  -1.4589844e+02	   2.3832172e+01	
   6.1300000e+00	   4.1173852e+01	  -1.3501005e+01	  -1.4229492e+02	   2.2780345e+01	
   6.1400000e+00	   4.2982229e+01	  -1.3152884e+01	  -1.4009766e+02	   2.1753273e+01	
   6.1500000e+00	   4.3138629e+01	  -1.2800790e+01	  -1.3968018e+02	   2.0740823e+01	
   6.1600000e+00	   4.4184555e+01	  -1.2447137e+01	  -1.3300049e+02	   1.9756940e+01	
   6.1700000e+00	   4.4399605e+01	  -1.2091749e+01	  -1.3071533e+02	   1.8807296e+01	
   6.1800000e+00	   4.5474856e+01	  -1.1734546e+01	  -1.2728760e+02	   1.7881492e+01	
   6.1900000e+00	   4.3813104e+01	  -1.1381418e+01	  -1.2590332e+02	   1.6976556e+01	
   6.2000000e+00	   4.5015430e+01	  -1.1031940e+01	  -1.2278320e+02	   1.6091396e+01	
   6.2100000e+00	   4.2874703e+01	  -1.0687590e+01	  -1.1917969e+02	   1.5232836e+01	
   6.2200000e+00	   4.4213880e+01	  -1.0347907e+01	  -1.1928955e+02	   1.4390595e+01	
   6.2300000e+00	   4.4986105e+01	  -1.0003739e+01	  -1.1434570e+02	   1.3568769e+01	
   6.2400000e+00	   4.5504181e+01	  -9.6576862e+00	  -1.1144531e+02	   1.2776656e+01	
   6.2500000e+00	   4.4966555e+01	  -9.3138620e+00	  -1.0801758e+02	   1.2009323e+01	
   6.2600000e+00	   4.2952904e+01	  -8.9801813e+00	  -1.0538086e+02	   1.1265789e+01	
   6.2700000e+00	   4.4556005e+01	  -8.6498764e+00	  -1.0254639e+02	   1.0544046e+01	
   6.2800000e+00	   4.5279356e+01	  -8.3143545e+00	  -1.0017334e+02	   9.8431330e+00	
   6.2900000e+00	   4.5132731e+01	  -7.9791280e+00	  -9.8569336e+01	   9.1590651e+00	
   6.3000000e+00	   4.5445531e+01	  -7.6454807e+00	  -9.6481934e+01	   8.4908424e+00	
   6.3100000e+00	   4.5259806e+01	  -7.3135253e+00	  -9.2768555e+01	   7.8449719e+00	
   6.3200000e+00	   4.5865856e+01	  -6.9823328e+00	  -9.0219727e+01	   7.2227585e+00	
   6.3300000e+00	   4.5210931e+01	  -6.6533677e+00	  -8.7824707e+01	   6.6199254e+00	
   6.3400000e+00	   4.5220706e+01	  -6.3284836e+00	  -8.3913574e+01	   6.0406175e+00	
   6.3500000e+00	   4.4673305e+01	  -6.0073181e+00	  -8.0903320e+01	   5.4866143e+00	
   6.3600000e+00	   4.6931332e+01	  -5.6828070e+00	  -7.9497070e+01	   4.9499125e+00	
   6.3700000e+00	   4.5670356e+01	  -5.3572059e+00	  -7.5014648e+01	   4.4350143e+00	
   6.3800000e+00	   4.5846306e+01	  -5.0370423e+00	  -7.0686035e+01	   3.9509353e+00	
   6.3900000e+00	   4.6051581e+01	  -4.7176901e+00	  -7.0488281e+01	   3.4840638e+00	
   6.4000000e+00	   4.5816981e+01	  -4.4004300e+00	  -6.8203125e+01	   3.0278925e+00	
   6.4100000e+00	   4.5992931e+01	  -4.0853408e+00	  -6.4665527e+01	   2.5928139e+00	
   6.4200000e+00	   4.7771983e+01	  -3.7661025e+00	  -6.3479004e+01	   2.1752553e+00	
   6.4300000e+00	   4.6726057e+01	  -3.4465679e+00	  -5.9392090e+01	   1.7768272e+00	
   6.4400000e+00	   4.5944056e+01	  -3.1347592e+00	  -5.6469727e+01	   1.4028461e+00	
   6.4500000e+00	   4.5572606e+01	  -2.8285160e+00	  -5.4184570e+01	   1.0475162e+00	
   6.4600000e+00	   4.6931332e+01	  -2.5210990e+00	  -4.9482422e+01	   7.1629445e-01	
   6.4700000e+00	   4.6696732e+01	  -2.2120870e+00	  -4.9438477e+01	   4.0201098e-01	
   6.4800000e+00	   4.5054530e+01	  -1.9108882e+00	  -4.5153809e+01	   1.0325224e-01	
   6.4900000e+00	   4.4790605e+01	  -1.6175455e+00	  -4.2780762e+01	  -1.7278482e-01	
   6.5000000e+00	   4.6481682e+01	  -1.3215707e+00	  -3.8540039e+01	  -4.2638016e-01	
   6.5100000e+00	   4.6364382e+01	  -1.0225210e+00	  -3.7111816e+01	  -6.6063329e-01	
   6.5200000e+00	   4.7351658e+01	  -7.2261987e-01	  -3.2915039e+01	  -8.7580299e-01	
   6.5300000e+00	   4.6051581e+01	  -4.2557679e-01	  -3.0146484e+01	  -1.0678112e+00	
   6.5400000e+00	   4.5914731e+01	  -1.3489437e-01	  -2.5400391e+01	  -1.2350826e+00	
   6.5500000e+00	   4.5719231e+01	   1.5292651e-01	  -2.4082031e+01	  -1.3823140e+00	
   6.5600000e+00	   4.7019307e+01	   4.4240389e-01	  -2.1379395e+01	  -1.5160303e+00	
   6.5700000e+00	   4.6745607e+01	   7.3328248e-01	  -2.0742188e+01	  -1.6384494e+00	
   6.5800000e+00	   4.6862907e+01	   1.0218493e+00	  -1.5644531e+01	  -1.7421416e+00	
   6.5900000e+00	   4.6403482e+01	   1.3075373e+00	  -1.4172363e+01	  -1.8246091e+00	
   6.6000000e+00	   4.7732883e+01	   1.5941604e+00	  -9.2285156e+00	  -1.8864666e+00	
   6.6100000e+00	   4.7820858e+01	   1.8834271e+00	  -6.5478516e+00	  -1.9240586e+00	
   6.6200000e+00	   4.6677182e+01	   2.1675758e+00	  -4.1967773e+00	  -1.9456568e+00	
   6.6300000e+00	   4.7498283e+01	   2.4489345e+00	  -1.4062500e+00	  -1.9510175e+00	
   6.6400000e+00	   4.7058407e+01	   2.7297248e+00	   8.1298828e-01	  -1.9406552e+00	
   6.6500000e+00	   4.7038857e+01	   3.0073175e+00	   3.6254883e+00	  -1.9145996e+00	
   6.6600000e+00	   4.7791533e+01	   3.2854675e+00	   6.1303711e+00	  -1.8720544e+00	
   6.6700000e+00	   4.7058407e+01	   3.5619365e+00	   1.0766602e+01	  -1.8074114e+00	
   6.6800000e+00	   4.6804257e+01	   3.8335820e+00	   1.3381348e+01	  -1.7204649e+00	
   6.6900000e+00	   4.6100456e+01	   4.1005259e+00	   1.8303223e+01	  -1.6104602e+00	
   6.7000000e+00	   4.7410308e+01	   4.3676958e+00	   2.1774902e+01	  -1.4748578e+00	
   6.7100000e+00	   4.7038857e+01	   4.6361311e+00	   2.2873535e+01	  -1.3257916e+00	
   6.7200000e+00	   4.6706507e+01	   4.9006810e+00	   2.4082031e+01	  -1.1704337e+00	
   6.7300000e+00	   4.6256857e+01	   5.1611248e+00	   2.7399902e+01	  -1.0018733e+00	
   6.7400000e+00	   4.8358484e+01	   5.4251108e+00	   3.1113281e+01	  -8.1234858e-01	
   6.7500000e+00	   4.8368259e+01	   5.6940559e+00	   3.4277344e+01	  -6.0247239e-01	
   6.7600000e+00	   4.8192308e+01	   5.9607959e+00	   3.6958008e+01	  -3.7560646e-01	
   6.7700000e+00	   4.7908833e+01	   6.2244264e+00	   4.3132324e+01	  -1.2242981e-01	
   6.7800000e+00	   4.9502160e+01	   6.4905078e+00	   4.4230957e+01	   1.5193824e-01	
   6.7900000e+00	   4.5171831e+01	   6.7463509e+00	   4.4780273e+01	   4.2974875e-01	
   6.8000000e+00	   4.7693783e+01	   6.9949282e+00	   4.9020996e+01	   7.2082047e-01	
   6.8100000e+00	   4.5377106e+01	   7.2425913e+00	   5.0449219e+01	   1.0278229e+00	
   6.8200000e+00	   4.7410308e+01	   7.4878154e+00	   5.4667969e+01	   1.3505873e+00	
   6.8300000e+00	   4.7205032e+01	   7.7372282e+00	   5.6799316e+01	   1.6912171e+00	
   6.8400000e+00	   4.8378034e+01	   7.9881095e+00	   5.9150391e+01	   2.0437513e+00	
   6.8500000e+00	   4.5914731e+01	   8.2333785e+00	   6.5610352e+01	   2.4216714e+00	
   6.8600000e+00	   4.8026133e+01	   8.4760091e+00	   6.7214355e+01	   2.8224789e+00	
   6.8700000e+00	   4.7781758e+01	   8.7229671e+00	   7.0532227e+01	   3.2361900e+00	
   6.8800000e+00	   4.8759259e+01	   8.9706743e+00	   7.6267090e+01	   3.6756609e+00	
   6.8900000e+00	   4.6794482e+01	   9.2137380e+00	   7.6201172e+01	   4.1301329e+00	
   6.9000000e+00	   4.8035908e+01	   9.4530139e+00	   8.1738281e+01	   4.5988929e+00	
   6.9100000e+00	   4.7498283e+01	   9.6929952e+00	   8.6638184e+01	   5.0974029e+00	
   6.9200000e+00	   4.8299833e+01	   9.9323000e+00	   8.7780762e+01	   5.6117142e+00	
   6.9300000e+00	   4.8466009e+01	   1.0173137e+01	   9.1208496e+01	   6.1371173e+00	
   6.9400000e+00	   4.9482610e+01	   1.0416169e+01	   9.3142090e+01	   6.6760198e+00	
   6.9500000e+00	   4.9228459e+01	   1.0660067e+01	   9.8964844e+01	   7.2358380e+00	
   6.9600000e+00	   4.7205032e+01	   1.0895304e+01	   9.9140625e+01	   7.8109357e+00	
   6.9700000e+00	   4.8896109e+01	   1.1128027e+01	   1.0357910e+02	   8.3968821e+00	
   6.9800000e+00	   4.8749484e+01	   1.1364129e+01	   1.0654541e+02	   9.0023484e+00	
   6.9900000e+00	   4.8436684e+01	   1.1597314e+01	   1.1274170e+02	   9.6327175e+00	
   7.0000000e+00	   4.8358484e+01	   1.1827813e+01	   1.1408203e+02	   1.0282741e+01	
   7.0100000e+00	   4.8231408e+01	   1.2056226e+01	   1.1783936e+02	   1.0944658e+01	
   7.0200000e+00	   4.8241183e+01	   1.2282841e+01	   1.1663086e+02	   1.1610411e+01	
   7.0300000e+00	   4.9120934e+01	   1.2510823e+01	   1.2093750e+02	   1.2281697e+01	
   7.0400000e+00	   4.6491457e+01	   1.2731896e+01	   1.2137695e+02	   1.2963642e+01	
   7.0500000e+00	   4.7058407e+01	   1.2945126e+01	   1.2737549e+02	   1.3661478e+01	
   7.0600000e+00	   4.8808134e+01	   1.3164275e+01	   1.3093506e+02	   1.4384877e+01	
   7.0700000e+00	   4.8553984e+01	   1.3386735e+01	   1.3513184e+02	   1.5128035e+01	
   7.0800000e+00	   4.7117057e+01	   1.3602506e+01	   1.4055908e+02	   1.5896679e+01	
   7.0900000e+00	   4.7224582e+01	   1.3812762e+01	   1.4150391e+02	   1.6680465e+01	
   7.1000000e+00	   4.8309608e+01	   1.4025436e+01	   1.4598633e+02	   1.7476338e+01	
   7.1100000e+00	   4.8397584e+01	   1.4240452e+01	   1.4835938e+02	   1.8288696e+01	
   7.1200000e+00	   4.9990910e+01	   1.4459386e+01	   1.4871094e+02	   1.9104498e+01	
   7.1300000e+00	   4.9414184e+01	   1.4680132e+01	   1.5473145e+02	   1.9935147e+01	
   7.1400000e+00	   4.8661509e+01	   1.4895333e+01	   1.5978516e+02	   2.0795274e+01	
   7.1500000e+00	   4.8915659e+01	   1.5107624e+01	   1.6275146e+02	   2.1675131e+01	
   7.1600000e+00	   4.7351658e+01	   1.5314484e+01	   1.6277344e+02	   2.2558835e+01	
   7.1700000e+00	   4.7165932e+01	   1.5514568e+01	   1.6738770e+02	   2.3451524e+01	
   7.1800000e+00	   4.9179584e+01	   1.5719123e+01	   1.7415527e+02	   2.4374267e+01	
   7.1900000e+00	   4.8798359e+01	   1.5927510e+01	   1.7024414e+02	   2.5300176e+01	
   7.2000000e+00	   4.6999757e+01	   1.6127765e+01	   1.7463867e+02	   2.6221799e+01	
   7.2100000e+00	   4.7263683e+01	   1.6321959e+01	   1.7611084e+02	   2.7156023e+01	
   7.2200000e+00	   4.9003634e+01	   1.6521212e+01	   1.7661621e+02	   2.8090588e+01	
   7.2300000e+00	   4.7703558e+01	   1.6720595e+01	  -1.4941406e+01	   2.8420970e+01	
   7.2400000e+00	   4.8857009e+01	   1.6918270e+01	  -1.1865234e+01	   2.8159002e+01	
   7.2500000e+00	   4.9208909e+01	   1.7119422e+01	  -1.8000000e+02	   2.7381751e+01	
   7.2600000e+00	   4.8426909e+01	   1.7317966e+01	  -1.8000000e+02	   2.6082809e+01	
   7.2700000e+00	   4.8573534e+01	   1.7513277e+01	  -1.8000000e+02	   2.4792004e+01	
   7.2800000e+00	   4.7478733e+01	   1.7704395e+01	  -1.8000000e+02	   2.3509283e+01	
   7.2900000e+00	   4.7899058e+01	   1.7892204e+01	  -1.7793457e+02	   2.2241065e+01	
   7.3000000e+00	   4.8446459e+01	   1.8081867e+01	  -1.7184814e+02	   2.1006321e+01	
   7.3100000e+00	   4.8827684e+01	   1.8273250e+01	  -1.6879395e+02	   1.9807936e+01	
   7.3200000e+00	   4.8944984e+01	   1.8464996e+01	  -1.6954102e+02	   1.8624283e+01	
   7.3300000e+00	   4.9335984e+01	   1.8657133e+01	  -1.6400391e+02	   1.7463046e+01	
   7.3400000e+00	   4.6999757e+01	   1.8841974e+01	  -1.6081787e+02	   1.6336400e+01	
   7.3500000e+00	   4.8720159e+01	   1.9023729e+01	  -1.5760986e+02	   1.5236836e+01	
   7.3600000e+00	   4.8397584e+01	   1.9208724e+01	  -1.5299561e+02	   1.4168657e+01	
   7.3700000e+00	   4.7987033e+01	   1.9390263e+01	  -1.5066650e+02	   1.3128913e+01	
   7.3800000e+00	   4.9062284e+01	   1.9572747e+01	  -1.5027100e+02	   1.2104214e+01	
   7.3900000e+00	   4.7234357e+01	   1.9751731e+01	  -1.4603027e+02	   1.1100453e+01	
   7.4000000e+00	   4.8280283e+01	   1.9927145e+01	  -1.4273438e+02	   1.0126582e+01	
   7.4100000e+00	   4.8387809e+01	   2.0105072e+01	  -1.3781250e+02	   9.1845477e+00	
   7.4200000e+00	   4.7351658e+01	   2.0278977e+01	  -1.3790039e+02	   8.2635522e+00	
   7.4300000e+00	   4.8378034e+01	   2.0451762e+01	  -1.3302246e+02	   7.3633268e+00	
   7.4400000e+00	   4.8123883e+01	   2.0625883e+01	  -1.3146240e+02	   6.4889021e+00	
   7.4500000e+00	   4.8886334e+01	   2.0800505e+01	  -1.2695801e+02	   5.6389469e+00	
   7.4600000e+00	   4.9404409e+01	   2.0978044e+01	  -1.2465088e+02	   4.8156475e+00	
   7.4700000e+00	   4.8925434e+01	   2.1154593e+01	  -1.2302490e+02	   4.0098224e+00	
   7.4800000e+00	   4.8876559e+01	   2.1328384e+01	  -1.1698242e+02	   3.2330604e+00	
   7.4900000e+00	   4.9120934e+01	   2.1501698e+01	  -1.1542236e+02	   2.4849730e+00	
   7.5000000e+00	   4.8583309e+01	   2.1673008e+01	  -1.1291748e+02	   1.7543018e+00	
   7.5100000e+00	   4.7146382e+01	   2.1837061e+01	  -1.0966553e+02	   1.0462362e+00	
   7.5200000e+00	   4.8886334e+01	   2.2001036e+01	  -1.0595215e+02	   3.6441931e-01	
   7.5300000e+00	   4.6765157e+01	   2.2162790e+01	  -1.0340332e+02	  -2.9351521e-01	
   7.5400000e+00	   4.8153208e+01	   2.2321235e+01	  -1.0151367e+02	  -9.3342848e-01	
   7.5500000e+00	   4.7146382e+01	   2.2479881e+01	  -9.6437988e+01	  -1.5475198e+00	
   7.5600000e+00	   4.6823807e+01	   2.2633370e+01	  -9.5009766e+01	  -2.1373961e+00	
   7.5700000e+00	   5.0733811e+01	   2.2797133e+01	  -9.1296387e+01	  -2.7074754e+00	
   7.5800000e+00	   4.6774932e+01	   2.2959717e+01	  -8.9846191e+01	  -3.2578129e+00	
   7.5900000e+00	   4.7302783e+01	   2.3110537e+01	  -8.6857910e+01	  -3.7908031e+00	
   7.6000000e+00	   4.8593084e+01	   2.3266107e+01	  -8.4199219e+01	  -4.3027699e+00	
   7.6100000e+00	   4.9032959e+01	   2.3426121e+01	  -8.0046387e+01	  -4.7901979e+00	
   7.6200000e+00	   4.8084783e+01	   2.3583540e+01	  -7.7431641e+01	  -5.2533784e+00	
   7.6300000e+00	   4.7302783e+01	   2.3734555e+01	  -7.5212402e+01	  -5.6985189e+00	
   7.6400000e+00	   4.8798359e+01	   2.3886859e+01	  -7.1477051e+01	  -6.1222228e+00	
   7.6500000e+00	   4.8338934e+01	   2.4041455e+01	  -6.8159180e+01	  -6.5211839e+00	
   7.6600000e+00	   4.7420083e+01	   2.4190765e+01	  -6.6203613e+01	  -6.9011308e+00	
   7.6700000e+00	   4.7371208e+01	   2.4336109e+01	  -6.3127441e+01	  -7.2629398e+00	
   7.6800000e+00	   4.8192308e+01	   2.4482962e+01	  -5.8908691e+01	  -7.5996365e+00	
   7.6900000e+00	   4.8788584e+01	   2.4633333e+01	  -5.7260742e+01	  -7.9158513e+00	
   7.7000000e+00	   4.9785635e+01	   2.4787753e+01	  -5.3173828e+01	  -8.2121252e+00	
   7.7100000e+00	   4.8270508e+01	   2.4939583e+01	  -5.1459961e+01	  -8.4883766e+00	
   7.7200000e+00	   4.6853132e+01	   2.5081278e+01	  -4.7856445e+01	  -8.7462450e+00	
   7.7300000e+00	   4.8319383e+01	   2.5222239e+01	  -4.6823730e+01	  -8.9879786e+00	
   7.7400000e+00	   4.7723108e+01	   2.5365041e+01	  -4.3989258e+01	  -9.2160871e+00	
   7.7500000e+00	   4.7077957e+01	   2.5503061e+01	  -4.0341797e+01	  -9.4224668e+00	
   7.7600000e+00	   4.7732883e+01	   2.5640247e+01	  -3.8649902e+01	  -9.6108323e+00	
   7.7700000e+00	   4.8250958e+01	   2.5780247e+01	  -3.4584961e+01	  -9.7799889e+00	
   7.7800000e+00	   4.8417134e+01	   2.5921513e+01	  -3.0476074e+01	  -9.9224875e+00	
   7.7900000e+00	   4.8309608e+01	   2.6062079e+01	  -2.6938477e+01	  -1.0040147e+01	
   7.8000000e+00	   4.9932260e+01	   2.6206508e+01	  -2.5004883e+01	  -1.0139934e+01	
   7.8100000e+00	   4.8671284e+01	   2.6351166e+01	  -2.1555176e+01	  -1.0222238e+01	
   7.8200000e+00	   4.7449408e+01	   2.6487142e+01	  -1.9863281e+01	  -1.0287923e+01	
   7.8300000e+00	   4.9404409e+01	   2.6624563e+01	  -1.8039551e+01	  -1.0342187e+01	
   7.8400000e+00	   4.8192308e+01	   2.6763449e+01	  -1.3601074e+01	  -1.0376500e+01	
   7.8500000e+00	   4.8387809e+01	   2.6898281e+01	  -1.1513672e+01	  -1.0390159e+01	
   7.8600000e+00	   4.7987033e+01	   2.7031627e+01	  -5.5810547e+00	  -1.0378617e+01	
   7.8700000e+00	   4.7635133e+01	   2.7161779e+01	  -2.1752930e+00	  -1.0337901e+01	
   7.8800000e+00	   4.9111159e+01	   2.7294637e+01	  -1.8237305e+00	  -1.0285674e+01	
   7.8900000e+00	   4.8466009e+01	   2.7429265e+01	   5.0537109e+00	  -1.0211133e+01	
   7.9000000e+00	   4.8182533e+01	   2.7560142e+01	   5.0537109e+00	  -1.0115522e+01	
   7.9100000e+00	   4.7576483e+01	   2.7687413e+01	   8.1738281e+00	  -1.0010737e+01	
   7.9200000e+00	   4.8641959e+01	   2.7815325e+01	   8.6132813e+00	  -9.8954615e+00	
   7.9300000e+00	   4.9629235e+01	   2.7948865e+01	   1.3139648e+01	  -9.7653559e+00	
   7.9400000e+00	   4.6540332e+01	   2.8074987e+01	   1.7907715e+01	  -9.6069573e+00	
   7.9500000e+00	   4.7644908e+01	   2.8194105e+01	   2.0214844e+01	  -9.4273930e+00	
   7.9600000e+00	   4.6843357e+01	   2.8313425e+01	   2.1313477e+01	  -9.2382874e+00	
   7.9700000e+00	   4.7224582e+01	   2.8430682e+01	   2.5795898e+01	  -9.0328876e+00	
   7.9800000e+00	   4.7488508e+01	   2.8549224e+01	   3.0168457e+01	  -8.8010427e+00	
   7.9900000e+00	   4.8446459e+01	   2.8670851e+01	   3.0893555e+01	  -8.5546853e+00	
   8.0000000e+00	   4.8847234e+01	   2.8795971e+01	   4.1198730e+01	  -8.2753267e+00	
   8.0100000e+00	   4.8084783e+01	   2.8919175e+01	   3.8979492e+01	  -7.9723947e+00	
   8.0200000e+00	   4.7029082e+01	   2.9035913e+01	   4.0166016e+01	  -7.6745943e+00	
   8.0300000e+00	   4.9932260e+01	   2.9157706e+01	   4.3967285e+01	  -7.3630386e+00	
   8.0400000e+00	   4.9042734e+01	   2.9285042e+01	   4.8229980e+01	  -7.0281799e+00	
   8.0500000e+00	   4.8593084e+01	   2.9407387e+01	   5.0756836e+01	  -6.6741553e+00	
   8.0600000e+00	   4.8055458e+01	   2.9525874e+01	   5.3283691e+01	  -6.3065212e+00	
   8.0700000e+00	   4.8954759e+01	   2.9644751e+01	   5.7502441e+01	  -5.9200641e+00	
   8.0800000e+00	   4.8172758e+01	   2.9763250e+01	   6.0688477e+01	  -5.5128375e+00	
   8.0900000e+00	   4.8710384e+01	   2.9880242e+01	   6.4533691e+01	  -5.0861414e+00	
   8.1000000e+00	   4.9531485e+01	   3.0000757e+01	   6.7258301e+01	  -4.6415427e+00	
   8.1100000e+00	   4.6686957e+01	   3.0114180e+01	   7.0642090e+01	  -4.1805988e+00	
   8.1200000e+00	   4.8563759e+01	   3.0223862e+01	   7.2685547e+01	  -3.7055451e+00	
   8.1300000e+00	   4.7918608e+01	   3.0336714e+01	   7.4663086e+01	  -3.2208741e+00	
   8.1400000e+00	   4.9726985e+01	   3.0452502e+01	   8.0969238e+01	  -2.7132964e+00	
   8.1500000e+00	   4.7771983e+01	   3.0567106e+01	   8.3232422e+01	  -2.1820607e+00	
   8.1600000e+00	   4.7732883e+01	   3.0674746e+01	   8.5759277e+01	  -1.6391511e+00	
   8.1700000e+00	   4.9834510e+01	   3.0788172e+01	   8.8571777e+01	  -1.0829205e+00	
   8.1800000e+00	   4.9736760e+01	   3.0907163e+01	   9.0307617e+01	  -5.1592949e-01	
   8.1900000e+00	   4.8896109e+01	   3.1022470e+01	   9.6284180e+01	   7.1663567e-02	
   8.2000000e+00	   4.8505109e+01	   3.1133198e+01	   1.0204102e+02	   6.9232245e-01	
   8.2100000e+00	   4.8075008e+01	   3.1240660e+01	   1.0135986e+02	   1.3249897e+00	
   8.2200000e+00	   4.8348709e+01	   3.1346960e+01	   1.0472168e+02	   1.9620894e+00	
   8.2300000e+00	   4.8505109e+01	   3.1453941e+01	   1.1236816e+02	   2.6296740e+00	
   8.2400000e+00	   4.9072059e+01	   3.1562517e+01	   1.0707275e+02	   3.3004401e+00	
   8.2500000e+00	   4.7566708e+01	   3.1667474e+01	   1.1351074e+02	   3.9705832e+00	
   8.2600000e+00	   4.7723108e+01	   3.1767549e+01	   1.1790527e+02	   4.6704538e+00	
   8.2700000e+00	   4.8984084e+01	   3.1871436e+01	   1.1981689e+02	   5.3856900e+00	
   8.2800000e+00	   4.8475784e+01	   3.1977030e+01	   1.2691406e+02	   6.1246598e+00	
   8.2900000e+00	   4.9384859e+01	   3.2083217e+01	   1.2832031e+02	   6.8856317e+00	
   8.3000000e+00	   4.9414184e+01	   3.2191678e+01	   1.3075928e+02	   7.6538796e+00	
   8.3100000e+00	   4.9834510e+01	   3.2300868e+01	   1.3308838e+02	   8.4322479e+00	
   8.3200000e+00	   4.7371208e+01	   3.2402976e+01	   1.3550537e+02	   9.2206046e+00	
   8.3300000e+00	   4.8788584e+01	   3.2501169e+01	   1.3836182e+02	   1.0020539e+01	
   8.3400000e+00	   4.8319383e+01	   3.2601716e+01	   1.4620605e+02	   1.0848974e+01	
   8.3500000e+00	   4.9423960e+01	   3.2703624e+01	   1.4651367e+02	   1.1697750e+01	
   8.3600000e+00	   4.7498283e+01	   3.2802321e+01	   1.5002930e+02	   1.2553184e+01	
   8.3700000e+00	   4.8348709e+01	   3.2897033e+01	   1.5240234e+02	   1.3421701e+01	
   8.3800000e+00	   4.7996808e+01	   3.2992713e+01	   1.5150146e+02	   1.4289389e+01	
   8.3900000e+00	   4.8475784e+01	   3.3088192e+01	   1.5765381e+02	   1.5168089e+01	
   8.4000000e+00	   4.9042734e+01	   3.3186348e+01	   1.6334473e+02	   1.6078375e+01	
   8.4100000e+00	   4.7596033e+01	   3.3281134e+01	   1.6729980e+02	   1.7013168e+01	
   8.4200000e+00	   4.7586258e+01	   3.3370765e+01	   1.7222168e+02	   1.7969907e+01	
   8.4300000e+00	   4.8065233e+01	   3.3461305e+01	   1.7446289e+02	   1.8943086e+01	
   8.4400000e+00	   4.8749484e+01	   3.3554920e+01	   1.7619873e+02	   1.9922625e+01	
   8.4500000e+00	   4.8661509e+01	   3.3649816e+01	   1.7540771e+02	   2.0898987e+01	
   8.4600000e+00	   5.0303710e+01	   3.3748985e+01	   1.7525391e+02	   2.1866276e+01	
   8.4700000e+00	   5.0059335e+01	   3.3851910e+01	   1.7397949e+02	   2.2823032e+01	
   8.4800000e+00	   4.8710384e+01	   3.3949202e+01	  -1.2766113e+01	   2.3184962e+01	
   8.4900000e+00	   4.8749484e+01	   3.4041781e+01	  -1.8000000e+02	   2.2436044e+01	
   8.5000000e+00	   4.9238234e+01	   3.4135434e+01	  -1.8000000e+02	   2.1168080e+01	
   8.5100000e+00	   4.9560810e+01	   3.4231041e+01	  -1.8000000e+02	   1.9908058e+01	
   8.5200000e+00	   4.8827684e+01	   3.4324763e+01	  -1.8000000e+02	   1.8655928e+01	
   8.5300000e+00	   4.9942035e+01	   3.4419093e+01	  -1.7865967e+02	   1.7415839e+01	
   8.5400000e+00	   4.7664458e+01	   3.4509188e+01	  -1.7384766e+02	   1.6202785e+01	
   8.5500000e+00	   5.0117985e+01	   3.4599271e+01	  -1.7088135e+02	   1.5021688e+01	
   8.5600000e+00	   4.8593084e+01	   3.4691697e+01	  -1.6705811e+02	   1.3869252e+01	
   8.5700000e+00	   5.0127760e+01	   3.4783575e+01	  -1.6545410e+02	   1.2741032e+01	
   8.5800000e+00	   4.8407359e+01	   3.4874296e+01	  -1.6191650e+02	   1.1635981e+01	
   8.5900000e+00	   4.8055458e+01	   3.4957958e+01	  -1.5732422e+02	   1.0563312e+01	
   8.6000000e+00	   4.8710384e+01	   3.5042046e+01	  -1.5400635e+02	   9.5221343e+00	
   8.6100000e+00	   4.8202083e+01	   3.5126066e+01	  -1.5222656e+02	   8.5034429e+00	
   8.6200000e+00	   4.8993859e+01	   3.5210448e+01	  -1.4818359e+02	   7.5093675e+00	
   8.6300000e+00	   4.9560810e+01	   3.5298556e+01	  -1.4567871e+02	   6.5420249e+00	
   8.6400000e+00	   4.9189359e+01	   3.5386725e+01	  -1.4141602e+02	   5.6019358e+00	
   8.6500000e+00	   4.8915659e+01	   3.5472321e+01	  -1.4069092e+02	   4.6833555e+00	
   8.6600000e+00	   4.8485559e+01	   3.5555177e+01	  -1.3673584e+02	   3.7851860e+00	
   8.6700000e+00	   4.8446459e+01	   3.5636044e+01	  -1.3660400e+02	   2.9054414e+00	
   8.6800000e+00	   4.8290058e+01	   3.5715793e+01	  -1.3234131e+02	   2.0449698e+00	
   8.6900000e+00	   4.6256857e+01	   3.5788184e+01	  -1.2930908e+02	   1.2127337e+00	
   8.7000000e+00	   4.7596033e+01	   3.5857949e+01	  -1.2559570e+02	   4.0683605e-01	
   8.7100000e+00	   4.8700609e+01	   3.5934930e+01	  -1.2166260e+02	  -3.7006688e-01	
   8.7200000e+00	   4.8035908e+01	   3.6012807e+01	  -1.1979492e+02	  -1.1239370e+00	
   8.7300000e+00	   4.7820858e+01	   3.6087440e+01	  -1.1876221e+02	  -1.8640019e+00	
   8.7400000e+00	   4.7429858e+01	   3.6159708e+01	  -1.1278564e+02	  -2.5774799e+00	
   8.7500000e+00	   4.8378034e+01	   3.6233269e+01	  -1.1061035e+02	  -3.2609594e+00	
   8.7600000e+00	   4.8202083e+01	   3.6308787e+01	  -1.0643555e+02	  -3.9202708e+00	
   8.7700000e+00	   4.8368259e+01	   3.6383801e+01	  -1.0432617e+02	  -4.5557721e+00	
   8.7800000e+00	   4.8964534e+01	   3.6460734e+01	  -1.0107422e+02	  -5.1705025e+00	
   8.7900000e+00	   4.8563759e+01	   3.6537796e+01	  -9.9008789e+01	  -5.7647297e+00	
   8.8000000e+00	   4.7380983e+01	   3.6609417e+01	  -9.4855957e+01	  -6.3357609e+00	
   8.8100000e+00	   4.7723108e+01	   3.6677957e+01	  -9.2482910e+01	  -6.8827778e+00	
   8.8200000e+00	   4.7723108e+01	   3.6747138e+01	  -8.8945313e+01	  -7.4078577e+00	
   8.8300000e+00	   4.7928383e+01	   3.6816529e+01	  -8.7121582e+01	  -7.9128584e+00	
   8.8400000e+00	   4.7732883e+01	   3.6885517e+01	  -8.3891602e+01	  -8.3988690e+00	
   8.8500000e+00	   4.8387809e+01	   3.6955510e+01	  -7.9716797e+01	  -8.8586454e+00	
   8.8600000e+00	   4.8358484e+01	   3.7027025e+01	  -7.6838379e+01	  -9.2934529e+00	
   8.8700000e+00	   4.7967483e+01	   3.7096775e+01	  -7.6135254e+01	  -9.7143204e+00	
   8.8800000e+00	   4.6325282e+01	   3.7159721e+01	  -7.3234863e+01	  -1.0121266e+01	
   8.8900000e+00	   4.7244132e+01	   3.7220008e+01	  -6.9763184e+01	  -1.0505708e+01	
   8.9000000e+00	   4.8739709e+01	   3.7287478e+01	  -6.7763672e+01	  -1.0870607e+01	
   8.9100000e+00	   4.8622409e+01	   3.7358842e+01	  -6.3061523e+01	  -1.1212232e+01	
   8.9200000e+00	   4.6657632e+01	   3.7423238e+01	  -6.0380859e+01	  -1.1528596e+01	
   8.9300000e+00	   4.8123883e+01	   3.7485670e+01	  -5.6162109e+01	  -1.1821372e+01	
   8.9400000e+00	   4.7918608e+01	   3.7551660e+01	  -5.5766602e+01	  -1.2097863e+01	
   8.9500000e+00	   4.8397584e+01	   3.7618094e+01	  -5.1877441e+01	  -1.2359203e+01	
   8.9600000e+00	   4.9042734e+01	   3.7687632e+01	  -4.8537598e+01	  -1.2596267e+01	
   8.9700000e+00	   4.9981135e+01	   3.7761694e+01	  -4.7131348e+01	  -1.2816983e+01	
   8.9800000e+00	   4.8456234e+01	   3.7833455e+01	  -4.4428711e+01	  -1.3023448e+01	
   8.9900000e+00	   4.7791533e+01	   3.7897909e+01	  -3.9726563e+01	  -1.3205429e+01	
   9.0000000e+00	   4.7811083e+01	   3.7959940e+01	  -3.5727539e+01	  -1.3359021e+01	
   9.0100000e+00	   4.8602859e+01	   3.8024122e+01	  -3.4035645e+01	  -1.3493828e+01	
   9.0200000e+00	   4.9013409e+01	   3.8091668e+01	  -3.2585449e+01	  -1.3617951e+01	
   9.0300000e+00	   4.7605808e+01	   3.8155669e+01	  -2.8959961e+01	  -1.3725400e+01	
   9.0400000e+00	   4.8602859e+01	   3.8217982e+01	  -2.4916992e+01	  -1.3808161e+01	
   9.0500000e+00	   4.9287109e+01	   3.8285171e+01	  -2.1203613e+01	  -1.3866112e+01	
   9.0600000e+00	   4.7703558e+01	   3.8349123e+01	  -1.9709473e+01	  -1.3907391e+01	
   9.0700000e+00	   4.7644908e+01	   3.8407531e+01	  -1.6435547e+01	  -1.3933479e+01	
   9.0800000e+00	   4.9365309e+01	   3.8470777e+01	  -1.3403320e+01	  -1.3939655e+01	
   9.0900000e+00	   4.7908833e+01	   3.8534454e+01	  -1.0590820e+01	  -1.3927488e+01	
   9.1000000e+00	   4.7899058e+01	   3.8593140e+01	  -7.7343750e+00	  -1.3897643e+01	
   9.1100000e+00	   4.8280283e+01	   3.8652622e+01	  -7.8442383e+00	  -1.3859383e+01	
   9.1200000e+00	   4.6256857e+01	   3.8706588e+01	  -3.7353516e+00	  -1.3808839e+01	
   9.1300000e+00	   4.8338934e+01	   3.8760400e+01	   2.2412109e+00	  -1.3727026e+01	
   9.1400000e+00	   4.8153208e+01	   3.8819814e+01	   4.8559570e+00	  -1.3618820e+01	
   9.1500000e+00	   4.7517833e+01	   3.8876284e+01	   6.1743164e+00	  -1.3498974e+01	
   9.1600000e+00	   4.8378034e+01	   3.8933105e+01	   1.1337891e+01	  -1.3359578e+01	
   9.1700000e+00	   4.8651734e+01	   3.8993120e+01	   1.1975098e+01	  -1.3202889e+01	
   9.1800000e+00	   4.9277334e+01	   3.9055577e+01	   1.6369629e+01	  -1.3031424e+01	
   9.1900000e+00	   4.8280283e+01	   3.9116478e+01	   1.8808594e+01	  -1.2839631e+01	
   9.2000000e+00	   4.8368259e+01	   3.9174152e+01	   2.1621094e+01	  -1.2632594e+01	
   9.2100000e+00	   4.8231408e+01	   3.9231311e+01	   2.3994141e+01	  -1.2410613e+01	
   9.2200000e+00	   4.8974309e+01	   3.9290010e+01	   2.5554199e+01	  -1.2177705e+01	
   9.2300000e+00	   4.7693783e+01	   3.9346657e+01	   3.0168457e+01	  -1.1926919e+01	
   9.2400000e+00	   4.8270508e+01	   3.9400746e+01	   3.6342773e+01	  -1.1643917e+01	
   9.2500000e+00	   4.9345759e+01	   3.9459669e+01	   3.9880371e+01	  -1.1332272e+01	
   9.2600000e+00	   4.7654683e+01	   3.9516295e+01	   3.9484863e+01	  -1.1012739e+01	
   9.2700000e+00	   4.7556933e+01	   3.9566964e+01	   4.3439941e+01	  -1.0684059e+01	
   9.2800000e+00	   4.7908833e+01	   3.9618111e+01	   5.0163574e+01	  -1.0323995e+01	
   9.2900000e+00	   4.9629235e+01	   3.9675428e+01	   4.9020996e+01	  -9.9487080e+00	
   9.3000000e+00	   4.6989982e+01	   3.9729509e+01	   5.2250977e+01	  -9.5692341e+00	
   9.3100000e+00	   4.8593084e+01	   3.9780006e+01	   5.6557617e+01	  -9.1685340e+00	
   9.3200000e+00	   4.6638082e+01	   3.9829084e+01	   5.8161621e+01	  -8.7518331e+00	
   9.3300000e+00	   4.7947933e+01	   3.9875834e+01	   6.4885254e+01	  -8.3116619e+00	
   9.3400000e+00	   4.7644908e+01	   3.9925445e+01	   6.4182129e+01	  -7.8553930e+00	
   9.3500000e+00	   4.8338934e+01	   3.9975970e+01	   6.5280762e+01	  -7.4007432e+00	
   9.3600000e+00	   4.9130709e+01	   4.0030831e+01	   7.1323242e+01	  -6.9265769e+00	
   9.3700000e+00	   4.6511007e+01	   4.0079624e+01	   7.3872070e+01	  -6.4284746e+00	
   9.3800000e+00	   4.7899058e+01	   4.0124254e+01	   7.8991699e+01	  -5.9094764e+00	
   9.3900000e+00	   4.7175707e+01	   4.0170687e+01	   8.1254883e+01	  -5.3706077e+00	
   9.4000000e+00	   4.8153208e+01	   4.0217624e+01	   8.4045410e+01	  -4.8192872e+00	
   9.4100000e+00	   4.8417134e+01	   4.0268156e+01	   8.8637695e+01	  -4.2482987e+00	
   9.4200000e+00	   4.9971360e+01	   4.0324064e+01	   9.1186523e+01	  -3.6585223e+00	
   9.4300000e+00	   4.9169809e+01	   4.0381980e+01	   9.3603516e+01	  -3.0568882e+00	
   9.4400000e+00	   4.8084783e+01	   4.0433625e+01	   9.5734863e+01	  -2.4447782e+00	
   9.4500000e+00	   4.8671284e+01	   4.0483385e+01	   9.9536133e+01	  -1.8179225e+00	
   9.4600000e+00	   4.9326209e+01	   4.0536721e+01	   1.0397461e+02	  -1.1691882e+00	
   9.4700000e+00	   4.9032959e+01	   4.0590856e+01	   1.0507324e+02	  -5.0717640e-01	
   9.4800000e+00	   4.8231408e+01	   4.0641223e+01	   1.0977539e+02	   1.6885558e-01	
   9.4900000e+00	   4.9032959e+01	   4.0691275e+01	   1.1509277e+02	   8.7203202e-01	
   9.5000000e+00	   4.9717210e+01	   4.0745666e+01	   1.1625732e+02	   1.5911040e+00	
   9.5100000e+00	   4.7517833e+01	   4.0794972e+01	   1.1893799e+02	   2.3177143e+00	
   9.5200000e+00	   5.0176635e+01	   4.0845407e+01	   1.2372803e+02	   3.0631700e+00	
   9.5300000e+00	   4.7664458e+01	   4.0895986e+01	   1.2546387e+02	   3.8243940e+00	
   9.5400000e+00	   4.6941107e+01	   4.0936115e+01	   1.2750732e+02	   4.5926859e+00	
   9.5500000e+00	   4.7742658e+01	   4.0976238e+01	   1.3137451e+02	   5.3746764e+00	
   9.5600000e+00	   4.9609685e+01	   4.1024467e+01	   1.3416504e+02	   6.1726192e+00	
   9.5700000e+00	   4.8329158e+01	   4.1074230e+01	   1.4049316e+02	   6.9941216e+00	
   9.5800000e+00	   4.7928383e+01	   4.1118416e+01	   1.4137207e+02	   7.8330492e+00	
   9.5900000e+00	   4.8798359e+01	   4.1163795e+01	   1.4807373e+02	   8.6904626e+00	
   9.6000000e+00	   4.9482610e+01	   4.1213758e+01	   1.4985352e+02	   9.5690676e+00	
   9.6100000e+00	   4.9306659e+01	   4.1264999e+01	   1.5134766e+02	   1.0452422e+01	
   9.6200000e+00	   4.9072059e+01	   4.1314633e+01	   1.5229248e+02	   1.1337883e+01	
   9.6300000e+00	   4.7742658e+01	   4.1359059e+01	   1.5754395e+02	   1.2237202e+01	
   9.6400000e+00	   4.7293008e+01	   4.1397634e+01	   1.6253174e+02	   1.3162956e+01	
   9.6500000e+00	   4.7957708e+01	   4.1436642e+01	   1.6453125e+02	   1.4104793e+01	
   9.6600000e+00	   4.8974309e+01	   4.1480671e+01	   1.7208984e+02	   1.5070666e+01	
   9.6700000e+00	   4.8915659e+01	   4.1527423e+01	   1.7378174e+02	   1.6059458e+01	
   9.6800000e+00	   4.8417134e+01	   4.1572139e+01	   1.7437500e+02	   1.7049214e+01	
   9.6900000e+00	   4.7811083e+01	   4.1613114e+01	   1.7698975e+02	   1.8042817e+01	
   9.7000000e+00	   4.9668335e+01	   4.1657752e+01	   1.7514404e+02	   1.9032606e+01	
   9.7100000e+00	   4.8798359e+01	   4.1705202e+01	   1.7655029e+02	   2.0014818e+01	
   9.7200000e+00	   4.8153208e+01	   4.1747610e+01	  -1.2766113e+01	   2.0402388e+01	
   9.7300000e+00	   4.9052509e+01	   4.1790548e+01	  -1.7993408e+02	   1.9671106e+01	
   9.7400000e+00	   4.9013409e+01	   4.1835911e+01	  -1.8000000e+02	   1.8420667e+01	
   9.7500000e+00	   5.0508986e+01	   4.1885551e+01	  -1.8000000e+02	   1.7177853e+01	
   9.7600000e+00	   4.8544209e+01	   4.1933411e+01	  -1.8000000e+02	   1.5942824e+01	
   9.7700000e+00	   4.9257784e+01	   4.1977053e+01	  -1.8000000e+02	   1.4715531e+01	
   9.7800000e+00	   5.0665386e+01	   4.2027064e+01	  -1.7615479e+02	   1.3507967e+01	
   9.7900000e+00	   4.8876559e+01	   4.2075568e+01	  -1.7233154e+02	   1.2331982e+01	
   9.8000000e+00	   4.8641959e+01	   4.2117432e+01	  -1.6782715e+02	   1.1189443e+01	
   9.8100000e+00	   4.7859958e+01	   4.2155849e+01	  -1.6593750e+02	   1.0074086e+01	
   9.8200000e+00	   4.8866784e+01	   4.2194730e+01	  -1.6444336e+02	   8.9763116e+00	
   9.8300000e+00	   4.7488508e+01	   4.2232204e+01	  -1.5945557e+02	   7.9057132e+00	
   9.8400000e+00	   4.8817909e+01	   4.2269291e+01	  -1.5976318e+02	   6.8564776e+00	
   9.8500000e+00	   4.8202083e+01	   4.2308380e+01	  -1.5255615e+02	   5.8354214e+00	
   9.8600000e+00	   4.8944984e+01	   4.2347622e+01	  -1.4877686e+02	   4.8551671e+00	
   9.8700000e+00	   4.8006583e+01	   4.2386005e+01	  -1.4662354e+02	   3.8996322e+00	
   9.8800000e+00	   4.8221633e+01	   4.2421884e+01	  -1.4376709e+02	   2.9657718e+00	
   9.8900000e+00	   4.9267559e+01	   4.2461486e+01	  -1.4266846e+02	   2.0501470e+00	
   9.9000000e+00	   4.7820858e+01	   4.2499585e+01	  -1.3757080e+02	   1.1596626e+00	
   9.9100000e+00	   4.8553984e+01	   4.2535211e+01	  -1.3563721e+02	   2.9677594e-01	
   9.9200000e+00	   4.8739709e+01	   4.2573492e+01	  -1.3350586e+02	  -5.4797555e-01	
   9.9300000e+00	   4.8378034e+01	   4.2610981e+01	  -1.2676025e+02	  -1.3596354e+00	
   9.9400000e+00	   4.8358484e+01	   4.2647042e+01	  -1.2770508e+02	  -2.1480447e+00	
   9.9500000e+00	   4.9091609e+01	   4.2685112e+01	  -1.2080566e+02	  -2.9128674e+00	
   9.9600000e+00	   4.8778809e+01	   4.2724260e+01	  -1.1772949e+02	  -3.6416585e+00	
   9.9700000e+00	   4.9316434e+01	   4.2763866e+01	  -1.1685059e+02	  -4.3534983e+00	
   9.9800000e+00	   4.8808134e+01	   4.2803316e+01	  -1.1293945e+02	  -5.0458783e+00	
   9.9900000e+00	   4.8915659e+01	   4.2841265e+01	  -1.1047852e+02	  -5.7139657e+00	
   1.0000000e+01	   4.7468958e+01	   4.2874781e+01	  -1.0775391e+02	  -6.3616286e+00	
