   0.0000000e+00	  -9.6236137e-02	  -1.3158245e-02	   3.9023438e+01	   5.3356253e+00	
   5.0000000e-01	  -3.2353766e+01	  -4.4464078e+00	  -1.7578125e+01	   6.8087492e+00	
   1.0000000e+00	  -4.5071053e+01	  -1.3816702e+01	  -1.4022949e+02	  -1.6629990e+01	
   1.5000000e+00	  -4.8453206e+01	  -2.2825875e+01	   8.4682617e+01	  -1.9677249e+01	
   2.0000000e+00	  -4.9293856e+01	  -2.9948801e+01	  -6.9191895e+01	  -1.2178331e+01	
   2.5000000e+00	  -4.8541181e+01	  -3.5135939e+01	   1.6732178e+02	   4.5690992e+00	
   3.0000000e+00	  -4.8541181e+01	  -3.8801702e+01	   6.7016602e+00	   2.7113649e+01	
   3.5000000e+00	  -4.9596882e+01	  -4.1609380e+01	  -1.4280029e+02	   1.0906254e+00	
   4.0000000e+00	  -4.9723957e+01	  -4.3810997e+01	   7.7695313e+01	  -8.1093359e+00	
   4.5000000e+00	  -4.8971281e+01	  -4.5325028e+01	  -7.3037109e+01	  -5.2548672e+00	
   5.0000000e+00	  -4.9205881e+01	  -4.6354200e+01	   1.5376465e+02	   7.2198899e+00	
   5.5000000e+00	   1.6032529e+01	  -3.8214048e+01	   1.1834473e+02	   4.2450728e+01	
   6.0000000e+00	   4.0587351e+01	  -2.0022566e+01	  -1.5266602e+02	   2.6149553e+01	
   6.5000000e+00	   4.6110231e+01	  -2.6931950e+00	  -1.9138184e+01	  -4.4918089e+00	
   7.0000000e+00	   4.9042734e+01	   1.1053424e+01	   1.2922119e+02	   1.1788020e+01	
   7.5000000e+00	   4.8505109e+01	   2.1368376e+01	  -9.4196777e+01	   1.3353342e+01	
   8.0000000e+00	   4.7429858e+01	   2.8642100e+01	   5.6931152e+01	   4.6064890e+00	
   8.5000000e+00	   4.8065233e+01	   3.3866627e+01	  -1.6962891e+02	  -1.2062211e+01	
   9.0000000e+00	   4.9091609e+01	   3.7889677e+01	  -1.7753906e+01	  -3.4384325e+01	
   9.5000000e+00	   4.7361433e+01	   4.0716364e+01	   1.3781250e+02	  -8.5662143e+00	
   1.0000000e+01	   4.6960657e+01	   4.2478710e+01	  -8.9011230e+01	   4.4881689e-01	
