   0.0000000e+00	   2.1656415e-01	   1.3837270e-01	   1.7382568e+02	   5.2962508e+00	
   1.0000000e-01	  -8.2583687e+00	  -5.1580596e+00	   1.7411133e+02	   1.5574715e+01	
   2.0000000e-01	  -1.4426399e+01	  -1.3794165e+01	   1.6422363e+02	   2.4934274e+01	
   3.0000000e-01	  -2.2285507e+01	  -2.0055522e+01	   1.5453369e+02	   3.3126978e+01	
   4.0000000e-01	  -2.7348961e+01	  -2.6553305e+01	   1.3647217e+02	   3.9974887e+01	
   5.0000000e-01	  -3.2168041e+01	  -3.1112982e+01	   1.1788330e+02	   4.5288810e+01	
   6.0000000e-01	  -3.6576570e+01	  -3.5429405e+01	   9.4438477e+01	   4.8998202e+01	
   7.0000000e-01	  -3.9342897e+01	  -3.9093857e+01	   7.1828613e+01	   5.1078324e+01	
   8.0000000e-01	  -4.1366324e+01	  -4.0768368e+01	   4.1440430e+01	   5.1416905e+01	
   9.0000000e-01	  -4.3722101e+01	  -4.3200208e+01	   1.5402832e+01	   5.0015630e+01	
   1.0000000e+00	  -4.4621402e+01	  -4.4607312e+01	  -1.0590820e+01	   4.7114419e+01	
   1.1000000e+00	  -4.6420004e+01	  -4.5798782e+01	  -3.8605957e+01	   4.2744420e+01	
   1.2000000e+00	  -4.6889204e+01	  -4.7028915e+01	  -6.5654297e+01	   3.6963003e+01	
   1.3000000e+00	  -4.6898979e+01	  -4.6886098e+01	  -9.3515625e+01	   2.9860862e+01	
   1.4000000e+00	  -4.7368180e+01	  -4.7153613e+01	  -1.2449707e+02	   2.1398642e+01	
   1.5000000e+00	  -4.7954680e+01	  -4.7887378e+01	  -1.5240234e+02	   1.1657885e+01	
   1.6000000e+00	  -4.7602780e+01	  -4.7762700e+01	  -1.8000000e+02	   8.1959936e-01	
   1.7000000e+00	  -4.8414106e+01	  -4.8045750e+01	   1.6369629e+02	   2.7290138e-01	
   1.8000000e+00	  -4.8462981e+01	  -4.8616866e+01	   1.3242920e+02	   9.2788441e+00	
   1.9000000e+00	  -4.8990831e+01	  -4.8765366e+01	   1.0050293e+02	   1.5810565e+01	
   2.0000000e+00	  -4.8726906e+01	  -4.8897006e+01	   6.8862305e+01	   2.0007455e+01	
   2.1000000e+00	  -4.8756231e+01	  -4.8703980e+01	   3.9221191e+01	   2.2081420e+01	
   2.2000000e+00	  -4.8941956e+01	  -4.8857772e+01	   8.3276367e+00	   2.2184586e+01	
   2.3000000e+00	  -4.8883306e+01	  -4.8980271e+01	  -2.3642578e+01	   2.0366086e+01	
   2.4000000e+00	  -4.8990831e+01	  -4.8889194e+01	  -4.9702148e+01	   1.6890306e+01	
   2.5000000e+00	  -4.8844206e+01	  -4.8948972e+01	  -8.1276855e+01	   1.1870287e+01	
   2.6000000e+00	  -4.9743507e+01	  -4.9374180e+01	  -1.1096191e+02	   5.2896669e+00	
   2.7000000e+00	  -4.8912631e+01	  -4.9388137e+01	  -1.4154785e+02	  -2.7263283e+00	
   2.8000000e+00	  -4.8648706e+01	  -4.8540859e+01	  -1.7184814e+02	  -1.2108976e+01	
   2.9000000e+00	  -4.8756231e+01	  -4.8704071e+01	   1.7929688e+02	  -1.1144132e+01	
   3.0000000e+00	  -4.9117906e+01	  -4.9067143e+01	   1.4541504e+02	  -5.7147122e-01	
   3.1000000e+00	  -4.8678031e+01	  -4.8834612e+01	   1.1219238e+02	   7.3123282e+00	
   3.2000000e+00	  -4.8932181e+01	  -4.8781880e+01	   8.3232422e+01	   1.2821082e+01	
   3.3000000e+00	  -4.9108131e+01	  -4.9094284e+01	   4.7373047e+01	   1.6019183e+01	
   3.4000000e+00	  -4.9596882e+01	  -4.9458498e+01	   1.8940430e+01	   1.7063502e+01	
   3.5000000e+00	  -4.9088581e+01	  -4.9325463e+01	  -1.2062988e+01	   1.6233242e+01	
   3.6000000e+00	  -4.9176556e+01	  -4.9046115e+01	  -3.9704590e+01	   1.3666736e+01	
   3.7000000e+00	  -4.8795331e+01	  -4.8964386e+01	  -7.0927734e+01	   9.4630909e+00	
   3.8000000e+00	  -4.9430707e+01	  -4.9148133e+01	  -1.0015137e+02	   3.6738680e+00	
   3.9000000e+00	  -4.9137456e+01	  -4.9352839e+01	  -1.3212158e+02	  -3.6270741e+00	
   4.0000000e+00	  -4.8717131e+01	  -4.8805677e+01	  -1.6363037e+02	  -1.2417241e+01	
   4.1000000e+00	  -4.8355456e+01	  -4.8390978e+01	  -1.3513184e+01	  -1.7057907e+01	
   4.2000000e+00	  -4.9098356e+01	  -4.8834766e+01	   1.5391846e+02	  -1.1740468e+01	
   4.3000000e+00	  -4.9714182e+01	  -4.9610447e+01	   1.2251953e+02	  -2.6023146e+00	
   4.4000000e+00	  -4.8423881e+01	  -4.8977861e+01	   9.3142090e+01	   4.1272033e+00	
   4.5000000e+00	  -4.8775781e+01	  -4.8350152e+01	   6.3544922e+01	   8.6497588e+00	
   4.6000000e+00	  -4.9772832e+01	  -4.9591063e+01	   3.0541992e+01	   1.0989375e+01	
   4.7000000e+00	  -4.8961506e+01	  -4.9412420e+01	  -9.6679688e-01	   1.1220829e+01	
   4.8000000e+00	  -4.8805106e+01	  -4.8604700e+01	  -3.0036621e+01	   9.5924243e+00	
   4.9000000e+00	  -4.9147231e+01	  -4.9101997e+01	  -6.0578613e+01	   6.2469534e+00	
   5.0000000e+00	  -4.9284081e+01	  -4.9291732e+01	  -9.0878906e+01	   1.2515588e+00	
   5.1000000e+00	  -3.6351745e+01	  -4.1000004e+01	  -1.1531250e+02	  -5.1071019e+00	
   5.2000000e+00	  -1.6723526e+01	  -2.1418924e+01	  -1.2968262e+02	  -1.2260582e+01	
   5.3000000e+00	   1.2136151e+00	  -2.4159154e+00	  -1.3137451e+02	  -1.9467537e+01	
   5.4000000e+00	   9.8742731e+00	   8.7776785e+00	  -1.2902344e+02	  -2.6215233e+01	
   5.5000000e+00	   1.5240753e+01	   1.4096268e+01	  -1.2192627e+02	  -3.2263866e+01	
   5.6000000e+00	   2.3666811e+01	   2.1171748e+01	  -1.0729248e+02	  -3.7281795e+01	
   5.7000000e+00	   2.9873941e+01	   2.9051581e+01	  -8.9758301e+01	  -4.1013826e+01	
   5.8000000e+00	   3.4077195e+01	   3.3125795e+01	  -6.8906250e+01	  -4.3348856e+01	
   5.9000000e+00	   3.7381148e+01	   3.6664605e+01	  -4.8317871e+01	  -4.4278958e+01	
   6.0000000e+00	   4.0724201e+01	   3.9981743e+01	  -2.6806641e+01	  -4.3869659e+01	
   6.1000000e+00	   4.3128854e+01	   4.2649038e+01	  -2.3730469e+00	  -4.2085420e+01	
   6.2000000e+00	   4.3686029e+01	   4.3795969e+01	   2.9816895e+01	  -3.8684660e+01	
   6.3000000e+00	   4.3725129e+01	   4.3657420e+01	   5.6118164e+01	  -3.3708981e+01	
   6.4000000e+00	   4.5963606e+01	   4.5178559e+01	   8.2814941e+01	  -2.7421722e+01	
   6.5000000e+00	   4.7635133e+01	   4.7450647e+01	   1.1217041e+02	  -1.9809752e+01	
   6.6000000e+00	   4.7205032e+01	   4.7517249e+01	   1.4053711e+02	  -1.0902914e+01	
   6.7000000e+00	   4.6305732e+01	   4.6446991e+01	   1.7672607e+02	  -5.7190560e-01	
   6.8000000e+00	   4.8104333e+01	   4.7367971e+01	  -1.7195801e+02	  -3.9177809e-01	
   6.9000000e+00	   5.0000685e+01	   4.9692592e+01	  -1.4488770e+02	  -1.0021796e+01	
   7.0000000e+00	   4.7987033e+01	   4.8941339e+01	  -1.1520264e+02	  -1.7335719e+01	
   7.1000000e+00	   4.8241183e+01	   4.7641225e+01	  -8.5297852e+01	  -2.2388323e+01	
   7.2000000e+00	   4.7449408e+01	   4.7969609e+01	  -5.5480957e+01	  -2.5313388e+01	
   7.3000000e+00	   4.9013409e+01	   4.8280858e+01	  -2.8498535e+01	  -2.6329604e+01	
   7.4000000e+00	   4.8641959e+01	   4.9044934e+01	   2.8564453e-01	  -2.5584755e+01	
   7.5000000e+00	   4.7576483e+01	   4.7886984e+01	   3.4519043e+01	  -2.2965229e+01	
   7.6000000e+00	   4.9756310e+01	   4.8688979e+01	   6.2270508e+01	  -1.8616729e+01	
   7.7000000e+00	   4.9560810e+01	   5.0230204e+01	   9.2416992e+01	  -1.2769138e+01	
   7.8000000e+00	   4.7400533e+01	   4.7900212e+01	   1.2676025e+02	  -5.3129626e+00	
   7.9000000e+00	   4.9766085e+01	   4.8553074e+01	   1.5409424e+02	   3.5680805e+00	
   8.0000000e+00	   4.8075008e+01	   4.9330803e+01	  -1.2744141e+01	   7.6574110e+00	
   8.1000000e+00	   4.7576483e+01	   4.7204288e+01	  -1.6182861e+02	   1.8717745e+00	
   8.2000000e+00	   4.8876559e+01	   4.8426916e+01	  -1.3359375e+02	  -7.2434360e+00	
   8.3000000e+00	   4.9111159e+01	   4.9400027e+01	  -1.0118408e+02	  -1.3955426e+01	
   8.4000000e+00	   4.8231408e+01	   4.8351436e+01	  -7.2795410e+01	  -1.8405954e+01	
   8.5000000e+00	   4.8192308e+01	   4.8148942e+01	  -4.4274902e+01	  -2.0851327e+01	
   8.6000000e+00	   4.9013409e+01	   4.8725809e+01	  -1.5227051e+01	  -2.1393649e+01	
   8.7000000e+00	   4.7889283e+01	   4.8456090e+01	   1.3820801e+01	  -2.0132821e+01	
   8.8000000e+00	   4.8417134e+01	   4.7951638e+01	   4.5593262e+01	  -1.7095705e+01	
   8.9000000e+00	   4.7185482e+01	   4.7808879e+01	   7.8508301e+01	  -1.2272716e+01	
   9.0000000e+00	   4.6511007e+01	   4.6512687e+01	   1.0861084e+02	  -5.8235621e+00	
   9.1000000e+00	   4.7801308e+01	   4.7228708e+01	   1.3899902e+02	   2.0756735e+00	
   9.2000000e+00	   4.7635133e+01	   4.8057114e+01	   1.7112305e+02	   1.1398218e+01	
   9.3000000e+00	   4.9922485e+01	   4.8888259e+01	  -1.7764893e+02	   1.0504804e+01	
   9.4000000e+00	   4.8984084e+01	   4.9813532e+01	  -1.4796387e+02	  -5.6346402e-02	
   9.5000000e+00	   4.8886334e+01	   4.8612728e+01	  -1.2087158e+02	  -8.2439921e+00	
   9.6000000e+00	   4.9717210e+01	   4.9409653e+01	  -8.8813477e+01	  -1.4130465e+01	
   9.7000000e+00	   4.8055458e+01	   4.8932020e+01	  -6.0249023e+01	  -1.7811137e+01	
   9.8000000e+00	   4.9130709e+01	   4.8243347e+01	  -3.0629883e+01	  -1.9494738e+01	
   9.9000000e+00	   4.8221633e+01	   4.8959089e+01	  -2.4169922e+00	  -1.9313674e+01	
   1.0000000e+01	   4.8436684e+01	   4.8088027e+01	   2.8081055e+01	  -1.7354795e+01	
